 01/30-09:16	2233.000	2236.000	2233.000	2234.600	           6296	
 01/30-09:17	2234.400	2235.000	2233.000	2233.800	           1948	
 01/30-09:18	2233.800	2234.400	2233.600	2234.200	            911	
 01/30-09:19	2234.400	2235.400	2234.200	2234.800	            951	
 01/30-09:20	2234.800	2236.000	2234.800	2235.800	           1056	
 01/30-09:21	2235.600	2235.800	2234.600	2235.000	            886	
 01/30-09:22	2235.200	2235.800	2234.800	2234.800	            679	
 01/30-09:23	2234.600	2235.000	2234.400	2234.800	            733	
 01/30-09:24	2234.600	2236.400	2234.600	2235.400	           1291	
 01/30-09:25	2235.400	2235.600	2234.800	2235.200	            571	
 01/30-09:26	2235.400	2235.600	2234.600	2234.800	            576	
 01/30-09:27	2234.600	2234.800	2233.600	2234.600	           1332	
 01/30-09:28	2234.600	2235.800	2234.400	2235.600	            964	
 01/30-09:29	2235.400	2235.600	2235.000	2235.200	            353	
 01/30-09:30	2235.200	2236.000	2234.800	2234.800	           1140	
 01/30-09:31	2234.800	2236.200	2234.800	2235.600	           1116	
 01/30-09:32	2235.800	2236.000	2235.000	2235.200	            749	
 01/30-09:33	2235.200	2235.400	2234.000	2235.000	           1504	
 01/30-09:34	2235.000	2235.600	2234.200	2235.400	            755	
 01/30-09:35	2235.400	2236.400	2235.200	2235.200	           1594	
 01/30-09:36	2235.200	2235.400	2234.200	2235.000	           1281	
 01/30-09:37	2235.000	2235.200	2233.800	2233.800	           1510	
 01/30-09:38	2233.600	2234.200	2232.400	2232.400	           2973	
 01/30-09:39	2232.200	2232.600	2226.000	2226.600	           7013	
 01/30-09:40	2226.600	2227.400	2226.200	2227.200	           3504	
 01/30-09:41	2227.000	2227.000	2225.600	2226.000	           2273	
 01/30-09:42	2225.800	2226.600	2223.400	2224.800	           3463	
 01/30-09:43	2224.800	2226.400	2224.800	2226.400	           2318	
 01/30-09:44	2226.600	2227.200	2226.000	2226.200	           1938	
 01/30-09:45	2226.200	2226.400	2223.600	2224.400	           2302	
 01/30-09:46	2224.400	2225.600	2222.200	2222.800	           2844	
 01/30-09:47	2222.800	2224.000	2222.800	2223.600	           1854	
 01/30-09:48	2223.600	2224.400	2221.200	2222.000	           2824	
 01/30-09:49	2222.200	2223.400	2221.800	2222.400	           1557	
 01/30-09:50	2222.200	2222.400	2220.400	2221.000	           3239	
 01/30-09:51	2221.000	2222.200	2220.800	2222.000	           1326	
 01/30-09:52	2222.000	2223.800	2221.600	2223.000	           1837	
 01/30-09:53	2223.200	2224.600	2222.600	2223.800	           1643	
 01/30-09:54	2223.600	2224.600	2223.600	2224.600	           1859	
 01/30-09:55	2224.600	2225.000	2224.000	2224.200	           1713	
 01/30-09:56	2224.200	2225.400	2224.200	2224.600	           1545	
 01/30-09:57	2224.400	2226.200	2224.200	2225.400	           2142	
 01/30-09:58	2225.400	2225.800	2224.800	2225.400	           1229	
 01/30-09:59	2225.400	2225.600	2224.600	2224.800	            914	
 01/30-10:00	2225.000	2226.400	2225.000	2226.400	           1518	
 01/30-10:01	2226.600	2226.600	2224.400	2224.600	           1718	
 01/30-10:02	2224.600	2224.800	2223.400	2223.600	           2587	
 01/30-10:03	2223.400	2224.600	2223.400	2224.000	           1242	
 01/30-10:04	2223.600	2224.600	2223.200	2223.200	           1005	
 01/30-10:05	2223.200	2223.800	2222.600	2222.800	           1611	
 01/30-10:06	2222.800	2223.800	2222.200	2223.800	           1446	
 01/30-10:07	2223.800	2224.200	2221.800	2222.000	           1692	
 01/30-10:08	2222.000	2223.000	2221.400	2222.200	           1193	
 01/30-10:09	2222.600	2223.200	2222.200	2222.400	            985	
 01/30-10:10	2222.200	2224.400	2222.200	2223.600	           1305	
 01/30-10:11	2223.200	2224.400	2223.000	2224.200	            715	
 01/30-10:12	2224.200	2225.000	2223.800	2224.800	           1317	
 01/30-10:13	2225.000	2225.000	2223.600	2224.200	            996	
 01/30-10:14	2224.400	2224.800	2223.600	2224.000	            666	
 01/30-10:15	2224.000	2224.000	2222.400	2222.400	           1134	
 01/30-10:16	2222.800	2223.000	2222.000	2222.200	           1737	
 01/30-10:17	2222.200	2223.200	2222.200	2222.800	            813	
 01/30-10:18	2222.600	2223.200	2222.200	2222.600	            589	
 01/30-10:19	2222.400	2222.600	2221.600	2222.400	           1219	
 01/30-10:20	2222.600	2222.600	2221.800	2222.000	           1079	
 01/30-10:21	2222.000	2222.600	2220.800	2220.800	           1550	
 01/30-10:22	2220.800	2221.200	2218.800	2219.400	           4137	
 01/30-10:23	2219.600	2219.600	2218.400	2218.800	           2684	
 01/30-10:24	2218.800	2218.800	2217.200	2217.400	           2824	
 01/30-10:25	2217.800	2219.600	2217.400	2219.400	           2148	
 01/30-10:26	2219.400	2219.600	2218.400	2218.400	           1084	
 01/30-10:27	2218.400	2218.600	2217.600	2218.400	            686	
 01/30-10:28	2219.400	2220.000	2218.800	2218.800	           2217	
 01/30-10:29	2218.800	2220.000	2218.800	2219.600	            708	
 01/30-10:30	2219.800	2220.800	2219.600	2220.000	           1669	
 01/30-10:31	2220.000	2220.400	2219.000	2219.000	           1099	
 01/30-10:32	2219.000	2219.000	2213.000	2213.600	           5550	
 01/30-10:33	2214.000	2215.600	2212.400	2213.000	           4430	
 01/30-10:34	2213.200	2214.800	2212.800	2213.800	           2630	
 01/30-10:35	2214.000	2214.600	2212.800	2214.000	           1840	
 01/30-10:36	2213.600	2214.800	2212.400	2214.800	           1973	
 01/30-10:37	2214.800	2215.400	2214.400	2215.000	           1730	
 01/30-10:38	2215.000	2216.200	2214.800	2215.800	           2039	
 01/30-10:39	2215.400	2217.000	2215.400	2216.800	           1827	
 01/30-10:40	2217.000	2217.400	2216.000	2216.400	           1778	
 01/30-10:41	2216.000	2216.400	2215.200	2215.400	           1292	
 01/30-10:42	2215.200	2217.000	2215.200	2215.800	           1003	
 01/30-10:43	2215.800	2216.000	2214.800	2215.000	           1020	
 01/30-10:44	2215.000	2215.200	2213.600	2213.800	           1227	
 01/30-10:45	2213.800	2215.800	2211.600	2215.200	           3852	
 01/30-10:46	2215.000	2215.600	2213.400	2214.000	           1261	
 01/30-10:47	2214.000	2214.000	2212.400	2212.600	           1802	
 01/30-10:48	2212.400	2213.000	2210.600	2211.800	           2713	
 01/30-10:49	2211.800	2212.600	2211.000	2211.800	           1364	
 01/30-10:50	2211.800	2214.400	2211.600	2214.400	           1976	
 01/30-10:51	2214.200	2215.400	2213.800	2214.600	           1515	
 01/30-10:52	2214.600	2215.000	2214.000	2214.000	            726	
 01/30-10:53	2214.200	2215.200	2213.600	2214.200	            922	
 01/30-10:54	2214.400	2215.400	2214.000	2214.400	            770	
 01/30-10:55	2214.400	2215.200	2214.400	2214.800	            717	
 01/30-10:56	2214.800	2215.800	2213.800	2213.800	           1400	
 01/30-10:57	2213.800	2214.200	2212.000	2213.400	           1712	
 01/30-10:58	2213.400	2215.000	2213.200	2215.000	            931	
 01/30-10:59	2214.800	2215.800	2214.600	2215.000	           1031	
 01/30-11:00	2215.000	2216.000	2214.800	2214.800	           1573	
 01/30-11:01	2214.800	2215.600	2213.200	2214.800	           1536	
 01/30-11:02	2214.800	2216.200	2214.800	2215.400	           1199	
 01/30-11:03	2215.200	2216.000	2214.800	2215.400	           1004	
 01/30-11:04	2215.600	2216.800	2214.400	2216.800	           1320	
 01/30-11:05	2216.800	2217.600	2216.400	2217.400	           2728	
 01/30-11:06	2217.600	2218.600	2216.600	2218.200	           2733	
 01/30-11:07	2218.400	2219.000	2217.600	2218.400	           1763	
 01/30-11:08	2218.200	2218.800	2217.600	2217.600	           1287	
 01/30-11:09	2217.600	2218.200	2217.000	2217.400	           1660	
 01/30-11:10	2217.400	2217.400	2216.400	2216.800	           1271	
 01/30-11:11	2217.000	2217.600	2216.600	2216.800	            993	
 01/30-11:12	2216.600	2217.800	2216.600	2217.800	            725	
 01/30-11:13	2217.800	2218.000	2216.600	2217.400	           1403	
 01/30-11:14	2217.400	2218.200	2217.000	2218.000	            961	
 01/30-11:15	2217.800	2218.000	2216.000	2216.000	           1692	
 01/30-11:16	2216.200	2216.200	2215.200	2216.200	           1258	
 01/30-11:17	2216.200	2217.000	2214.200	2215.200	           1626	
 01/30-11:18	2215.400	2216.400	2215.000	2215.800	            807	
 01/30-11:19	2216.000	2217.000	2215.600	2216.800	            907	
 01/30-11:20	2217.000	2218.600	2216.400	2218.400	           1478	
 01/30-11:21	2218.400	2221.800	2218.200	2220.000	           6617	
 01/30-11:22	2219.800	2220.000	2217.400	2217.800	           2279	
 01/30-11:23	2217.600	2219.000	2217.400	2218.400	           1519	
 01/30-11:24	2218.600	2220.200	2218.200	2218.800	           1890	
 01/30-11:25	2218.800	2219.400	2218.600	2219.000	            721	
 01/30-11:26	2219.000	2222.000	2218.800	2221.200	           2558	
 01/30-11:27	2221.000	2222.600	2220.800	2220.800	           2519	
 01/30-11:28	2221.000	2222.200	2220.800	2221.800	           2282	
 01/30-11:29	2222.000	2222.800	2221.200	2222.200	           2284	
 01/30-11:30	2222.200	2223.400	2221.000	2221.400	           2925	
 01/30-13:01	2221.600	2221.800	2220.200	2220.200	           1234	
 01/30-13:02	2220.200	2220.800	2219.800	2220.400	           1085	
 01/30-13:03	2220.600	2220.600	2219.200	2220.000	           1122	
 01/30-13:04	2220.200	2220.800	2219.800	2220.400	            593	
 01/30-13:05	2220.400	2221.000	2219.800	2221.000	            927	
 01/30-13:06	2220.800	2221.600	2220.600	2221.400	            756	
 01/30-13:07	2221.400	2221.400	2220.400	2220.400	            713	
 01/30-13:08	2220.400	2222.000	2220.400	2221.800	            881	
 01/30-13:09	2221.800	2223.200	2221.800	2223.000	           1262	
 01/30-13:10	2222.800	2224.000	2222.200	2223.800	           1658	
 01/30-13:11	2223.800	2225.000	2223.600	2223.800	           2088	
 01/30-13:12	2223.600	2224.200	2223.400	2223.600	           1280	
 01/30-13:13	2223.600	2223.800	2222.600	2223.000	           1228	
 01/30-13:14	2222.800	2222.800	2221.800	2222.800	           1235	
 01/30-13:15	2222.800	2223.200	2222.600	2223.000	            778	
 01/30-13:16	2223.000	2223.200	2222.600	2222.800	            514	
 01/30-13:17	2222.800	2223.800	2222.800	2223.600	            733	
 01/30-13:18	2223.800	2223.800	2222.200	2223.000	            966	
 01/30-13:19	2223.000	2223.200	2221.200	2222.000	           1454	
 01/30-13:20	2221.800	2222.600	2221.800	2222.600	            658	
 01/30-13:21	2222.400	2223.200	2222.200	2222.800	            757	
 01/30-13:22	2222.800	2224.400	2222.400	2224.400	           1186	
 01/30-13:23	2224.200	2224.200	2223.000	2223.600	            684	
 01/30-13:24	2223.600	2223.800	2222.800	2223.000	            432	
 01/30-13:25	2222.800	2224.600	2222.600	2224.600	           1086	
 01/30-13:26	2224.800	2225.600	2224.200	2225.600	           2178	
 01/30-13:27	2225.800	2226.400	2224.800	2225.600	           2963	
 01/30-13:28	2225.600	2225.800	2224.800	2224.800	           1120	
 01/30-13:29	2224.800	2225.000	2223.800	2224.200	           1412	
 01/30-13:30	2224.000	2224.200	2223.000	2223.600	           1239	
 01/30-13:31	2223.600	2223.600	2222.000	2222.200	           1934	
 01/30-13:32	2222.400	2222.800	2222.000	2222.600	            899	
 01/30-13:33	2222.600	2223.000	2222.200	2222.600	            803	
 01/30-13:34	2222.400	2222.800	2221.400	2221.600	           1408	
 01/30-13:35	2221.600	2221.600	2220.800	2221.200	           1869	
 01/30-13:36	2221.200	2221.400	2220.000	2220.000	           1659	
 01/30-13:37	2220.000	2220.200	2218.800	2218.800	           2208	
 01/30-13:38	2219.000	2219.600	2218.400	2219.600	           1395	
 01/30-13:39	2219.600	2220.400	2219.400	2220.000	           1023	
 01/30-13:40	2220.000	2220.000	2219.400	2219.800	            646	
 01/30-13:41	2219.800	2221.000	2219.800	2221.000	           1348	
 01/30-13:42	2221.000	2221.800	2220.400	2221.400	           1410	
 01/30-13:43	2221.200	2222.400	2221.000	2222.400	           1226	
 01/30-13:44	2222.400	2225.200	2222.400	2224.800	           3425	
 01/30-13:45	2224.800	2225.400	2224.200	2224.800	           2124	
 01/30-13:46	2224.400	2225.000	2223.800	2224.200	           1662	
 01/30-13:47	2224.400	2224.400	2222.800	2223.200	           1385	
 01/30-13:48	2223.400	2223.400	2221.200	2221.400	           1983	
 01/30-13:49	2221.600	2223.400	2221.600	2222.600	           1357	
 01/30-13:50	2222.800	2223.000	2221.000	2221.200	           1226	
 01/30-13:51	2221.200	2221.600	2220.600	2221.600	           1330	
 01/30-13:52	2221.600	2222.600	2220.800	2220.800	           1040	
 01/30-13:53	2221.000	2221.600	2220.400	2221.000	            817	
 01/30-13:54	2220.800	2222.200	2220.800	2222.000	            812	
 01/30-13:55	2222.000	2222.000	2221.200	2221.200	            477	
 01/30-13:56	2221.400	2221.400	2220.000	2220.600	           1440	
 01/30-13:57	2220.800	2220.800	2220.000	2220.000	            575	
 01/30-13:58	2220.000	2220.400	2219.200	2219.600	           1342	
 01/30-13:59	2220.000	2220.000	2219.000	2219.800	           1156	
 01/30-14:00	2219.800	2220.400	2219.200	2220.200	           1310	
 01/30-14:01	2220.200	2220.400	2219.400	2219.400	           1098	
 01/30-14:02	2219.400	2220.000	2216.800	2217.600	           2952	
 01/30-14:03	2217.600	2218.000	2216.600	2216.800	           2056	
 01/30-14:04	2217.000	2217.600	2216.000	2216.400	           1778	
 01/30-14:05	2216.200	2216.800	2215.600	2215.800	           1761	
 01/30-14:06	2215.600	2216.800	2215.600	2216.600	           1184	
 01/30-14:07	2216.600	2217.400	2216.200	2216.800	           1180	
 01/30-14:08	2216.800	2217.400	2216.600	2217.000	           1183	
 01/30-14:09	2217.000	2217.000	2214.600	2215.000	           1817	
 01/30-14:10	2214.800	2214.800	2213.000	2214.200	           2827	
 01/30-14:11	2214.200	2214.800	2213.000	2213.000	           1578	
 01/30-14:12	2213.000	2213.200	2212.000	2212.000	           2196	
 01/30-14:13	2212.000	2213.200	2211.200	2213.000	           2126	
 01/30-14:14	2213.000	2214.000	2212.800	2213.200	           1372	
 01/30-14:15	2213.400	2214.800	2213.000	2213.000	           1512	
 01/30-14:16	2213.200	2214.200	2212.800	2213.600	            888	
 01/30-14:17	2213.600	2214.800	2213.400	2214.000	            983	
 01/30-14:18	2214.000	2215.600	2214.000	2215.600	           1650	
 01/30-14:19	2215.400	2215.800	2215.000	2215.800	           1467	
 01/30-14:20	2215.800	2216.200	2215.200	2215.200	           1076	
 01/30-14:21	2215.200	2215.400	2214.800	2215.400	            885	
 01/30-14:22	2215.600	2215.600	2215.000	2215.000	            417	
 01/30-14:23	2215.000	2216.000	2214.800	2215.800	            687	
 01/30-14:24	2216.000	2216.600	2213.400	2213.800	           2020	
 01/30-14:25	2213.800	2214.000	2212.200	2213.000	           1758	
 01/30-14:26	2213.200	2213.800	2212.400	2212.600	            957	
 01/30-14:27	2212.600	2212.600	2211.400	2212.200	           1988	
 01/30-14:28	2212.400	2213.000	2209.400	2209.400	           2175	
 01/30-14:29	2208.400	2209.400	2205.800	2207.200	           6108	
 01/30-14:30	2207.200	2209.400	2206.800	2209.200	           2565	
 01/30-14:31	2209.000	2209.200	2207.400	2208.400	           1230	
 01/30-14:32	2208.600	2209.800	2208.200	2209.400	           1485	
 01/30-14:33	2209.600	2210.400	2208.400	2210.400	           1287	
 01/30-14:34	2210.400	2212.200	2210.200	2211.000	           2461	
 01/30-14:35	2210.600	2211.200	2209.400	2209.400	           1203	
 01/30-14:36	2209.400	2211.400	2209.400	2211.000	            923	
 01/30-14:37	2210.800	2211.200	2210.400	2210.800	            641	
 01/30-14:38	2210.800	2211.000	2209.400	2210.800	           1054	
 01/30-14:39	2210.800	2212.400	2210.600	2211.400	           1591	
 01/30-14:40	2211.400	2212.800	2211.400	2212.600	           1439	
 01/30-14:41	2212.600	2213.200	2212.200	2213.000	           1385	
 01/30-14:42	2212.800	2214.600	2212.800	2214.000	           2291	
 01/30-14:43	2213.800	2214.000	2213.000	2213.800	           1093	
 01/30-14:44	2213.800	2215.000	2213.400	2214.600	           1396	
 01/30-14:45	2214.800	2214.800	2213.800	2214.000	           1306	
 01/30-14:46	2213.800	2214.400	2213.000	2214.200	           1321	
 01/30-14:47	2214.200	2214.400	2213.000	2213.200	            761	
 01/30-14:48	2213.000	2213.200	2212.600	2213.000	           1109	
 01/30-14:49	2213.200	2214.200	2213.000	2213.600	            710	
 01/30-14:50	2213.600	2213.800	2212.000	2213.000	           1177	
 01/30-14:51	2213.000	2213.200	2212.800	2213.000	            591	
 01/30-14:52	2212.800	2213.400	2212.000	2212.000	            752	
 01/30-14:53	2212.000	2212.400	2211.600	2211.800	            857	
 01/30-14:54	2211.800	2212.000	2208.600	2208.800	           2326	
 01/30-14:55	2208.600	2209.000	2207.200	2208.600	           2744	
 01/30-14:56	2208.600	2209.400	2208.200	2209.200	           1234	
 01/30-14:57	2209.400	2209.400	2207.800	2208.600	           1534	
 01/30-14:58	2208.600	2208.800	2208.000	2208.200	            902	
 01/30-14:59	2208.000	2208.000	2203.200	2206.600	           4516	
 01/30-15:00	2206.600	2208.200	2206.200	2207.600	           1987	
 01/30-15:01	2207.400	2208.800	2206.800	2208.000	           1699	
 01/30-15:02	2208.000	2208.400	2207.400	2208.200	            851	
 01/30-15:03	2208.400	2208.600	2207.400	2207.800	            978	
 01/30-15:04	2208.000	2208.200	2207.600	2208.000	            512	
 01/30-15:05	2208.000	2208.000	2207.200	2207.800	            980	
 01/30-15:06	2208.000	2208.200	2207.000	2207.600	           1137	
 01/30-15:07	2207.600	2207.600	2205.200	2205.400	           1476	
 01/30-15:08	2205.200	2205.200	2202.400	2205.000	           2378	
 01/30-15:09	2205.000	2205.400	2204.000	2205.000	           1150	
 01/30-15:10	2205.000	2205.400	2204.200	2205.000	            999	
 01/30-15:11	2205.200	2205.200	2202.400	2203.000	           1415	
 01/30-15:12	2203.000	2203.400	2201.000	2201.000	           2161	
 01/30-15:13	2200.800	2201.000	2199.400	2200.600	           2877	
 01/30-15:14	2200.400	2200.400	2196.800	2198.800	           2806	
 01/30-15:15	2198.800	2200.000	2198.000	2199.200	           2434	
 02/07-09:16	2195.000	2196.600	2190.400	2191.400	           6423	
 02/07-09:17	2191.400	2191.800	2187.600	2189.600	           3906	
 02/07-09:18	2189.400	2190.600	2186.000	2186.400	           2145	
 02/07-09:19	2187.200	2188.000	2185.000	2185.200	           2079	
 02/07-09:20	2185.000	2187.600	2184.800	2186.400	           1983	
 02/07-09:21	2186.600	2187.800	2186.000	2186.600	           1286	
 02/07-09:22	2186.600	2187.000	2185.400	2186.000	            957	
 02/07-09:23	2185.800	2188.000	2185.800	2187.600	           1138	
 02/07-09:24	2187.800	2187.800	2186.400	2186.800	            757	
 02/07-09:25	2186.800	2187.600	2186.000	2187.400	            952	
 02/07-09:26	2187.400	2187.400	2185.000	2185.600	           1202	
 02/07-09:27	2185.400	2186.200	2182.600	2182.600	           2756	
 02/07-09:28	2182.800	2182.800	2181.800	2182.400	           2109	
 02/07-09:29	2182.400	2185.000	2182.200	2184.800	           1592	
 02/07-09:30	2184.600	2187.600	2184.400	2187.200	           2080	
 02/07-09:31	2187.000	2187.200	2184.400	2186.600	           1770	
 02/07-09:32	2186.200	2187.000	2185.400	2186.000	            891	
 02/07-09:33	2186.000	2187.000	2184.000	2184.800	           1552	
 02/07-09:34	2185.000	2187.400	2185.000	2187.400	           1385	
 02/07-09:35	2187.400	2187.400	2185.000	2186.200	           1190	
 02/07-09:36	2186.200	2189.600	2185.400	2186.600	           3431	
 02/07-09:37	2186.600	2187.200	2185.400	2186.400	           1305	
 02/07-09:38	2186.800	2186.800	2185.200	2186.600	           1266	
 02/07-09:39	2186.800	2187.400	2185.400	2185.600	           1180	
 02/07-09:40	2185.400	2185.400	2179.400	2179.400	           5272	
 02/07-09:41	2179.200	2183.200	2179.200	2182.800	           2848	
 02/07-09:42	2182.200	2187.800	2182.200	2187.800	           3845	
 02/07-09:43	2187.800	2188.800	2185.800	2186.800	           2598	
 02/07-09:44	2187.200	2187.200	2184.800	2186.200	           1450	
 02/07-09:45	2186.400	2186.800	2184.000	2184.800	           1541	
 02/07-09:46	2184.200	2186.400	2183.800	2186.400	           1159	
 02/07-09:47	2186.400	2187.400	2186.000	2187.200	           1590	
 02/07-09:48	2187.400	2187.400	2185.200	2187.200	            970	
 02/07-09:49	2187.200	2188.000	2186.000	2187.600	           1620	
 02/07-09:50	2188.200	2188.600	2185.800	2186.800	           1432	
 02/07-09:51	2186.200	2187.800	2186.200	2187.600	           1095	
 02/07-09:52	2188.000	2191.800	2187.200	2188.400	           4196	
 02/07-09:53	2188.400	2189.200	2187.600	2189.000	           1217	
 02/07-09:54	2188.600	2189.600	2188.400	2188.800	           1298	
 02/07-09:55	2188.400	2189.600	2188.000	2189.600	           1567	
 02/07-09:56	2189.800	2189.800	2187.800	2189.400	           1584	
 02/07-09:57	2189.000	2191.600	2188.800	2191.600	           1800	
 02/07-09:58	2191.400	2191.400	2187.400	2187.800	           2622	
 02/07-09:59	2187.600	2188.800	2187.200	2188.200	           1529	
 02/07-10:00	2187.800	2189.600	2187.600	2188.600	           1378	
 02/07-10:01	2188.600	2189.200	2187.800	2188.400	            984	
 02/07-10:02	2188.400	2189.000	2186.400	2186.800	           1819	
 02/07-10:03	2186.600	2187.800	2186.400	2187.000	           1540	
 02/07-10:04	2186.800	2188.600	2186.000	2188.000	           1673	
 02/07-10:05	2188.000	2188.400	2186.000	2186.000	           1148	
 02/07-10:06	2186.000	2187.000	2186.000	2186.600	           1062	
 02/07-10:07	2186.600	2187.600	2186.200	2187.200	           1007	
 02/07-10:08	2187.200	2188.200	2187.200	2188.000	            871	
 02/07-10:09	2188.000	2188.600	2187.200	2188.400	           1067	
 02/07-10:10	2188.200	2190.600	2188.200	2190.600	           2454	
 02/07-10:11	2191.000	2191.400	2189.600	2191.200	           1561	
 02/07-10:12	2191.200	2191.800	2190.000	2191.600	           1182	
 02/07-10:13	2191.600	2191.600	2189.000	2189.200	           1320	
 02/07-10:14	2189.000	2193.000	2189.000	2192.600	           2434	
 02/07-10:15	2192.800	2194.800	2192.000	2193.000	           3294	
 02/07-10:16	2193.000	2194.800	2192.200	2194.600	           2464	
 02/07-10:17	2194.800	2195.800	2193.600	2195.400	           2339	
 02/07-10:18	2195.200	2195.200	2192.800	2193.400	           1907	
 02/07-10:19	2193.000	2193.400	2192.000	2192.400	           1404	
 02/07-10:20	2192.400	2193.400	2191.400	2192.000	           1454	
 02/07-10:21	2191.800	2193.000	2191.400	2193.000	            913	
 02/07-10:22	2193.000	2193.800	2192.800	2193.600	            957	
 02/07-10:23	2193.600	2193.800	2191.600	2192.200	           1542	
 02/07-10:24	2192.200	2194.000	2192.200	2193.600	           1190	
 02/07-10:25	2193.800	2195.600	2193.400	2195.000	           1900	
 02/07-10:26	2195.000	2196.000	2194.000	2194.400	           2173	
 02/07-10:27	2194.400	2196.200	2194.400	2196.000	           2070	
 02/07-10:28	2196.000	2196.800	2195.400	2196.800	           1855	
 02/07-10:29	2196.600	2197.200	2194.000	2194.000	           2446	
 02/07-10:30	2194.000	2194.200	2192.200	2193.400	           2359	
 02/07-10:31	2193.400	2194.400	2192.600	2194.200	           1245	
 02/07-10:32	2194.200	2195.800	2194.000	2195.000	           1979	
 02/07-10:33	2194.600	2196.000	2194.000	2195.400	           1599	
 02/07-10:34	2195.400	2195.400	2194.400	2194.800	            685	
 02/07-10:35	2194.800	2195.800	2194.000	2195.000	            988	
 02/07-10:36	2195.400	2196.200	2194.600	2196.200	           1158	
 02/07-10:37	2196.000	2196.200	2192.400	2192.400	           2510	
 02/07-10:38	2192.400	2193.600	2191.800	2192.000	           2208	
 02/07-10:39	2192.200	2192.200	2190.600	2191.400	           2628	
 02/07-10:40	2191.200	2192.000	2191.000	2192.000	           1089	
 02/07-10:41	2191.800	2192.400	2191.200	2191.200	            972	
 02/07-10:42	2191.200	2191.800	2191.000	2191.000	            914	
 02/07-10:43	2191.200	2192.200	2191.000	2192.200	            806	
 02/07-10:44	2192.200	2192.400	2190.200	2190.400	           1418	
 02/07-10:45	2190.600	2191.000	2189.800	2190.000	           2056	
 02/07-10:46	2190.200	2190.600	2189.400	2190.200	           1483	
 02/07-10:47	2190.000	2190.000	2187.400	2187.600	           2800	
 02/07-10:48	2187.400	2188.800	2187.400	2188.200	           1501	
 02/07-10:49	2188.200	2188.800	2187.200	2187.200	           1379	
 02/07-10:50	2187.400	2188.600	2187.200	2187.600	           1081	
 02/07-10:51	2187.600	2188.600	2187.200	2188.200	            791	
 02/07-10:52	2188.200	2188.800	2187.200	2187.400	            864	
 02/07-10:53	2187.400	2188.200	2187.000	2188.200	           1375	
 02/07-10:54	2188.200	2188.200	2186.800	2187.000	           1288	
 02/07-10:55	2187.000	2187.200	2186.000	2186.200	           1493	
 02/07-10:56	2186.400	2186.600	2185.200	2185.400	           1792	
 02/07-10:57	2185.800	2186.000	2184.600	2184.600	           1397	
 02/07-10:58	2184.600	2186.400	2184.600	2186.200	           1547	
 02/07-10:59	2186.400	2186.800	2186.000	2186.200	           1020	
 02/07-11:00	2186.400	2187.200	2186.000	2186.800	           1209	
 02/07-11:01	2187.000	2187.000	2186.000	2186.000	            722	
 02/07-11:02	2186.200	2187.000	2186.000	2186.400	            664	
 02/07-11:03	2186.200	2187.400	2185.800	2187.200	           1203	
 02/07-11:04	2186.800	2188.000	2186.800	2187.600	           1265	
 02/07-11:05	2187.400	2188.200	2187.000	2187.800	            778	
 02/07-11:06	2187.800	2188.200	2187.400	2187.600	            690	
 02/07-11:07	2187.600	2187.800	2186.600	2186.800	            766	
 02/07-11:08	2187.000	2188.400	2187.000	2188.200	            965	
 02/07-11:09	2188.400	2188.600	2187.000	2187.000	            791	
 02/07-11:10	2187.000	2187.400	2186.200	2186.800	            992	
 02/07-11:11	2186.800	2188.600	2186.600	2188.200	           1100	
 02/07-11:12	2188.200	2189.600	2188.200	2189.400	           2173	
 02/07-11:13	2189.200	2189.600	2188.600	2189.000	           1072	
 02/07-11:14	2189.200	2189.800	2188.800	2189.200	            944	
 02/07-11:15	2189.000	2191.000	2189.000	2191.000	           1366	
 02/07-11:16	2191.000	2192.000	2190.600	2191.800	           2414	
 02/07-11:17	2191.800	2194.600	2191.600	2193.800	           3499	
 02/07-11:18	2193.600	2195.600	2193.600	2194.400	           3174	
 02/07-11:19	2194.600	2194.600	2193.000	2193.000	           2131	
 02/07-11:20	2193.000	2194.600	2192.800	2194.200	           1729	
 02/07-11:21	2194.400	2195.000	2193.800	2194.800	           1115	
 02/07-11:22	2194.800	2195.000	2193.600	2194.800	           1442	
 02/07-11:23	2194.800	2194.800	2193.800	2194.600	           1003	
 02/07-11:24	2194.400	2195.600	2194.200	2195.200	           1395	
 02/07-11:25	2195.400	2196.800	2194.800	2195.800	           2970	
 02/07-11:26	2195.800	2195.800	2194.200	2194.600	           1320	
 02/07-11:27	2194.600	2196.000	2194.400	2195.400	            925	
 02/07-11:28	2195.600	2196.000	2194.600	2195.400	            865	
 02/07-11:29	2195.200	2196.600	2195.000	2196.600	           1314	
 02/07-11:30	2196.200	2197.000	2194.800	2195.000	           2275	
 02/07-13:01	2195.200	2195.200	2193.800	2194.000	           1510	
 02/07-13:02	2194.000	2194.600	2193.600	2194.600	            786	
 02/07-13:03	2194.600	2194.600	2193.400	2193.600	            928	
 02/07-13:04	2193.800	2194.600	2193.600	2194.200	            659	
 02/07-13:05	2194.000	2195.800	2194.000	2195.200	           1376	
 02/07-13:06	2195.200	2195.600	2194.800	2195.200	            581	
 02/07-13:07	2195.400	2196.800	2195.400	2196.400	           1454	
 02/07-13:08	2196.400	2198.400	2195.600	2197.800	           3134	
 02/07-13:09	2197.600	2198.800	2197.600	2198.000	           1512	
 02/07-13:10	2198.000	2198.200	2195.600	2195.600	           1633	
 02/07-13:11	2196.000	2196.200	2194.200	2194.400	           2118	
 02/07-13:12	2194.600	2196.600	2194.600	2196.200	           1447	
 02/07-13:13	2196.400	2197.400	2196.200	2196.600	           1129	
 02/07-13:14	2196.400	2197.600	2196.200	2196.800	            978	
 02/07-13:15	2196.800	2198.000	2196.400	2197.800	           1050	
 02/07-13:16	2197.600	2197.800	2196.000	2196.000	           1235	
 02/07-13:17	2196.200	2196.400	2195.400	2196.000	           1006	
 02/07-13:18	2196.000	2196.400	2195.200	2195.400	            911	
 02/07-13:19	2195.800	2196.600	2195.400	2196.000	            808	
 02/07-13:20	2196.000	2196.000	2193.400	2193.600	           2858	
 02/07-13:21	2194.000	2194.200	2192.600	2193.600	           1797	
 02/07-13:22	2193.200	2194.000	2193.000	2193.600	            805	
 02/07-13:23	2193.600	2194.000	2193.200	2193.400	            698	
 02/07-13:24	2193.200	2195.200	2192.800	2195.200	           1472	
 02/07-13:25	2195.200	2195.800	2194.600	2195.400	           1278	
 02/07-13:26	2195.200	2196.600	2194.800	2195.800	           1471	
 02/07-13:27	2195.800	2197.400	2195.600	2196.400	           1542	
 02/07-13:28	2196.200	2197.200	2196.200	2197.200	            983	
 02/07-13:29	2197.000	2198.200	2196.600	2198.200	           1741	
 02/07-13:30	2198.400	2199.400	2197.400	2199.000	           2813	
 02/07-13:31	2199.200	2200.600	2197.800	2200.000	           3128	
 02/07-13:32	2200.000	2201.000	2198.800	2200.600	           2587	
 02/07-13:33	2200.800	2200.800	2198.800	2198.800	           1903	
 02/07-13:34	2199.000	2200.200	2198.800	2199.800	           1366	
 02/07-13:35	2200.200	2200.600	2198.200	2200.200	           2011	
 02/07-13:36	2200.200	2202.000	2199.600	2200.600	           2717	
 02/07-13:37	2200.600	2200.800	2199.400	2200.800	           1058	
 02/07-13:38	2200.800	2200.800	2199.400	2200.400	           1094	
 02/07-13:39	2200.600	2202.600	2199.800	2201.800	           1857	
 02/07-13:40	2201.200	2201.800	2200.000	2200.200	           1337	
 02/07-13:41	2200.400	2201.000	2199.400	2201.000	           1463	
 02/07-13:42	2200.800	2201.000	2199.200	2200.000	           1334	
 02/07-13:43	2200.200	2200.600	2199.200	2200.200	           1035	
 02/07-13:44	2200.400	2202.400	2200.400	2202.200	           1534	
 02/07-13:45	2202.200	2205.000	2201.400	2204.200	           3579	
 02/07-13:46	2204.200	2208.200	2203.400	2207.400	           5603	
 02/07-13:47	2207.200	2208.800	2207.000	2208.000	           4064	
 02/07-13:48	2208.000	2208.200	2206.600	2207.000	           2171	
 02/07-13:49	2207.200	2207.800	2206.600	2207.200	           1706	
 02/07-13:50	2207.400	2208.000	2206.800	2207.600	           1346	
 02/07-13:51	2207.600	2208.400	2206.400	2207.000	           1564	
 02/07-13:52	2206.600	2208.000	2206.600	2208.000	            966	
 02/07-13:53	2208.000	2208.200	2207.200	2208.200	           1110	
 02/07-13:54	2208.000	2209.800	2207.600	2208.600	           2651	
 02/07-13:55	2208.400	2212.400	2208.200	2211.200	           4940	
 02/07-13:56	2211.000	2211.000	2207.800	2208.200	           3004	
 02/07-13:57	2208.000	2208.200	2207.200	2207.800	           1744	
 02/07-13:58	2207.800	2208.200	2207.200	2207.400	           1160	
 02/07-13:59	2207.200	2208.000	2206.200	2206.400	           1653	
 02/07-14:00	2206.400	2206.800	2205.000	2205.000	           2723	
 02/07-14:01	2205.000	2205.600	2204.200	2204.400	           2659	
 02/07-14:02	2204.600	2205.000	2204.200	2204.400	           1596	
 02/07-14:03	2204.400	2205.200	2203.600	2203.800	           1733	
 02/07-14:04	2203.800	2204.600	2203.200	2204.200	           2013	
 02/07-14:05	2204.200	2205.000	2203.600	2205.000	           1176	
 02/07-14:06	2205.000	2205.200	2203.600	2203.800	           1219	
 02/07-14:07	2203.600	2204.800	2203.200	2204.800	           1433	
 02/07-14:08	2204.400	2204.800	2203.200	2203.600	            973	
 02/07-14:09	2203.600	2205.000	2203.600	2205.000	           1003	
 02/07-14:10	2205.000	2205.400	2204.600	2204.600	           1145	
 02/07-14:11	2204.800	2205.000	2203.800	2205.000	           1008	
 02/07-14:12	2205.000	2206.400	2204.800	2206.400	           1662	
 02/07-14:13	2206.600	2207.800	2206.600	2207.200	           2747	
 02/07-14:14	2207.400	2207.600	2206.800	2207.200	           1237	
 02/07-14:15	2207.200	2208.000	2206.600	2207.800	           1253	
 02/07-14:16	2207.800	2209.800	2207.600	2209.800	           2968	
 02/07-14:17	2209.800	2209.800	2207.800	2208.200	           1659	
 02/07-14:18	2208.200	2210.600	2207.600	2210.200	           2619	
 02/07-14:19	2210.200	2211.400	2209.600	2210.200	           2368	
 02/07-14:20	2210.000	2210.800	2209.400	2210.800	           1343	
 02/07-14:21	2210.800	2210.800	2208.800	2209.200	           1832	
 02/07-14:22	2209.200	2210.800	2208.800	2210.400	           1444	
 02/07-14:23	2210.400	2210.800	2209.600	2210.800	            944	
 02/07-14:24	2210.800	2214.400	2210.600	2213.800	           6446	
 02/07-14:25	2214.000	2215.000	2213.200	2213.200	           3149	
 02/07-14:26	2213.200	2213.400	2212.000	2212.400	           2212	
 02/07-14:27	2212.400	2212.800	2211.400	2212.600	           1378	
 02/07-14:28	2212.400	2212.400	2211.000	2211.400	           1437	
 02/07-14:29	2211.600	2212.400	2211.400	2211.800	           1060	
 02/07-14:30	2211.800	2212.000	2211.200	2212.000	           1022	
 02/07-14:31	2212.200	2214.000	2212.200	2213.200	           2679	
 02/07-14:32	2213.200	2214.000	2212.200	2213.600	           1579	
 02/07-14:33	2213.600	2216.400	2213.400	2215.000	           4179	
 02/07-14:34	2215.400	2216.000	2214.800	2215.200	           2217	
 02/07-14:35	2215.000	2215.600	2214.400	2215.000	           1502	
 02/07-14:36	2214.600	2215.000	2213.400	2213.600	           1867	
 02/07-14:37	2213.600	2214.000	2211.600	2212.200	           2527	
 02/07-14:38	2212.200	2212.400	2211.000	2211.000	           1997	
 02/07-14:39	2211.000	2211.800	2210.800	2211.800	           1633	
 02/07-14:40	2211.800	2212.800	2211.600	2211.800	           1465	
 02/07-14:41	2211.800	2213.000	2211.800	2213.000	           1295	
 02/07-14:42	2213.000	2213.800	2212.400	2213.200	           1552	
 02/07-14:43	2213.000	2213.200	2211.400	2211.600	           1707	
 02/07-14:44	2211.600	2212.200	2211.200	2211.600	           1256	
 02/07-14:45	2211.400	2211.600	2210.600	2210.600	           1940	
 02/07-14:46	2210.600	2211.000	2210.000	2210.400	           2657	
 02/07-14:47	2210.200	2211.000	2209.800	2211.000	           1781	
 02/07-14:48	2211.000	2212.800	2210.400	2212.000	           2233	
 02/07-14:49	2212.000	2212.600	2211.600	2212.200	           1437	
 02/07-14:50	2212.400	2213.800	2212.200	2213.000	           2350	
 02/07-14:51	2213.000	2213.600	2212.400	2213.600	            945	
 02/07-14:52	2213.200	2214.000	2212.600	2214.000	           1390	
 02/07-14:53	2213.800	2214.200	2212.800	2212.800	           1088	
 02/07-14:54	2212.800	2214.200	2212.600	2213.800	           1477	
 02/07-14:55	2213.800	2215.400	2213.600	2214.800	           2199	
 02/07-14:56	2214.800	2214.800	2214.200	2214.400	           1154	
 02/07-14:57	2214.600	2215.000	2213.600	2213.800	           1658	
 02/07-14:58	2214.000	2214.000	2213.200	2213.400	           1191	
 02/07-14:59	2213.200	2214.600	2213.200	2213.800	           1219	
 02/07-15:00	2213.800	2214.400	2213.800	2214.000	            980	
 02/07-15:01	2214.200	2214.800	2213.800	2214.400	           1069	
 02/07-15:02	2214.400	2214.800	2214.000	2214.000	            808	
 02/07-15:03	2214.200	2215.000	2214.000	2214.800	           1039	
 02/07-15:04	2215.000	2215.600	2214.800	2215.000	           1887	
 02/07-15:05	2214.800	2215.000	2214.200	2214.400	           1195	
 02/07-15:06	2214.600	2214.600	2213.800	2213.800	            987	
 02/07-15:07	2213.800	2214.400	2213.800	2214.400	            848	
 02/07-15:08	2214.000	2214.400	2213.400	2213.400	           1299	
 02/07-15:09	2213.600	2214.400	2213.400	2214.000	            841	
 02/07-15:10	2214.200	2214.200	2213.600	2213.800	            819	
 02/07-15:11	2213.600	2214.200	2213.600	2214.000	            675	
 02/07-15:12	2214.200	2215.400	2214.000	2215.200	           1934	
 02/07-15:13	2215.000	2215.400	2214.600	2214.800	           1343	
 02/07-15:14	2214.800	2215.600	2214.600	2214.800	           2206	
 02/07-15:15	2214.800	2215.200	2214.400	2214.600	           2838	
 02/10-09:16	2221.600	2226.000	2221.600	2225.400	           7172	
 02/10-09:17	2225.800	2227.000	2224.800	2225.600	           3229	
 02/10-09:18	2225.600	2227.000	2225.200	2226.800	           1887	
 02/10-09:19	2226.600	2227.800	2226.000	2227.000	           2033	
 02/10-09:20	2226.800	2226.800	2226.000	2226.000	           1408	
 02/10-09:21	2226.400	2227.000	2225.600	2225.600	           1325	
 02/10-09:22	2225.600	2228.600	2225.200	2228.200	           2232	
 02/10-09:23	2228.400	2228.400	2226.600	2227.600	           1008	
 02/10-09:24	2227.600	2231.000	2227.400	2230.800	           2845	
 02/10-09:25	2230.400	2232.000	2230.400	2231.400	           3560	
 02/10-09:26	2231.200	2231.600	2229.800	2230.600	           1554	
 02/10-09:27	2230.200	2232.200	2230.000	2231.400	           2055	
 02/10-09:28	2230.800	2233.400	2230.800	2233.000	           2421	
 02/10-09:29	2233.000	2234.200	2232.000	2233.400	           1949	
 02/10-09:30	2233.200	2234.000	2232.000	2232.800	           2401	
 02/10-09:31	2233.000	2233.000	2231.200	2232.000	           1741	
 02/10-09:32	2232.000	2235.000	2232.000	2234.000	           2169	
 02/10-09:33	2234.000	2234.200	2230.400	2230.800	           2828	
 02/10-09:34	2231.000	2233.400	2230.400	2231.000	           2191	
 02/10-09:35	2231.200	2236.400	2231.200	2235.800	           4870	
 02/10-09:36	2236.000	2237.200	2234.200	2236.200	           4399	
 02/10-09:37	2236.400	2237.200	2236.000	2237.200	           2188	
 02/10-09:38	2237.000	2238.800	2235.400	2238.400	           3768	
 02/10-09:39	2238.600	2241.600	2237.600	2241.000	           5907	
 02/10-09:40	2241.400	2243.600	2241.200	2242.600	           4213	
 02/10-09:41	2242.600	2244.400	2241.000	2243.800	           4573	
 02/10-09:42	2243.800	2245.000	2242.200	2243.000	           3244	
 02/10-09:43	2243.000	2243.200	2240.600	2242.200	           2947	
 02/10-09:44	2242.600	2244.000	2240.400	2241.000	           2903	
 02/10-09:45	2241.200	2242.800	2240.400	2242.000	           1806	
 02/10-09:46	2241.600	2244.800	2241.200	2241.200	           3295	
 02/10-09:47	2241.200	2244.800	2241.000	2244.400	           2814	
 02/10-09:48	2244.400	2247.200	2243.400	2245.800	           4269	
 02/10-09:49	2246.400	2248.800	2245.800	2248.200	           5270	
 02/10-09:50	2248.200	2250.200	2246.400	2246.400	           4898	
 02/10-09:51	2246.800	2248.600	2246.200	2248.200	           2710	
 02/10-09:52	2248.200	2249.400	2246.200	2249.000	           2894	
 02/10-09:53	2249.200	2252.800	2248.600	2249.000	           6526	
 02/10-09:54	2249.000	2249.000	2244.600	2246.400	           5112	
 02/10-09:55	2246.000	2247.600	2245.000	2246.400	           3094	
 02/10-09:56	2246.200	2246.800	2244.600	2246.200	           2319	
 02/10-09:57	2246.200	2246.800	2245.000	2245.400	           1378	
 02/10-09:58	2245.400	2247.000	2244.600	2245.800	           1881	
 02/10-09:59	2245.800	2247.600	2245.200	2247.400	           1984	
 02/10-10:00	2247.000	2248.000	2246.200	2247.600	           2284	
 02/10-10:01	2247.600	2248.000	2246.400	2247.000	           1647	
 02/10-10:02	2247.200	2248.800	2246.400	2246.800	           2841	
 02/10-10:03	2246.600	2247.800	2241.200	2243.000	           6395	
 02/10-10:04	2243.200	2245.000	2243.000	2244.600	           2673	
 02/10-10:05	2244.600	2246.600	2244.200	2245.800	           2235	
 02/10-10:06	2245.800	2246.600	2244.400	2246.000	           1498	
 02/10-10:07	2246.000	2246.800	2244.400	2245.200	           1504	
 02/10-10:08	2245.400	2246.800	2245.200	2246.400	           1170	
 02/10-10:09	2246.600	2248.800	2246.600	2246.800	           2773	
 02/10-10:10	2247.000	2253.800	2247.000	2252.000	           7650	
 02/10-10:11	2252.400	2254.400	2252.400	2253.400	           3832	
 02/10-10:12	2253.400	2254.800	2253.200	2254.800	           3709	
 02/10-10:13	2255.000	2256.200	2253.400	2253.800	           4041	
 02/10-10:14	2254.200	2255.400	2253.600	2253.600	           2062	
 02/10-10:15	2253.400	2256.800	2253.200	2256.000	           4304	
 02/10-10:16	2255.800	2257.400	2255.000	2255.200	           2990	
 02/10-10:17	2255.000	2256.000	2254.200	2255.000	           2069	
 02/10-10:18	2255.200	2255.800	2252.600	2253.200	           2549	
 02/10-10:19	2253.200	2255.000	2253.200	2253.400	           1519	
 02/10-10:20	2253.600	2255.400	2253.600	2254.200	           1514	
 02/10-10:21	2254.200	2255.400	2253.400	2254.600	           1260	
 02/10-10:22	2254.400	2256.200	2253.200	2253.200	           1788	
 02/10-10:23	2253.600	2255.600	2252.600	2255.600	           2170	
 02/10-10:24	2255.600	2257.400	2255.000	2256.600	           3264	
 02/10-10:25	2256.400	2258.200	2254.200	2254.600	           4330	
 02/10-10:26	2254.600	2255.400	2253.400	2255.200	           2282	
 02/10-10:27	2255.200	2256.600	2254.200	2255.600	           1630	
 02/10-10:28	2255.600	2256.800	2254.800	2255.000	           1546	
 02/10-10:29	2254.800	2255.200	2250.800	2251.200	           4502	
 02/10-10:30	2251.400	2254.200	2251.400	2254.000	           2572	
 02/10-10:31	2253.800	2254.800	2252.800	2253.000	           1921	
 02/10-10:32	2252.800	2253.200	2251.600	2252.800	           1929	
 02/10-10:33	2252.800	2254.200	2252.400	2253.400	           1510	
 02/10-10:34	2253.600	2254.400	2252.600	2252.800	           1258	
 02/10-10:35	2253.000	2254.000	2252.600	2254.000	           1128	
 02/10-10:36	2254.000	2255.400	2253.800	2254.600	           2097	
 02/10-10:37	2254.200	2256.600	2254.200	2255.600	           2029	
 02/10-10:38	2255.600	2258.600	2255.000	2255.600	           3595	
 02/10-10:39	2256.000	2258.800	2255.800	2258.000	           2911	
 02/10-10:40	2257.800	2259.400	2257.400	2258.000	           2811	
 02/10-10:41	2258.200	2259.800	2258.000	2258.600	           2376	
 02/10-10:42	2258.600	2258.800	2257.600	2258.600	           1781	
 02/10-10:43	2258.400	2258.600	2255.400	2255.400	           2405	
 02/10-10:44	2255.200	2256.200	2254.600	2256.000	           2608	
 02/10-10:45	2256.000	2259.000	2256.000	2257.800	           2297	
 02/10-10:46	2257.600	2258.200	2255.600	2257.000	           1525	
 02/10-10:47	2257.000	2259.600	2256.800	2259.400	           2004	
 02/10-10:48	2259.400	2261.400	2258.200	2258.200	           4158	
 02/10-10:49	2258.200	2260.400	2257.600	2259.800	           2467	
 02/10-10:50	2259.600	2261.600	2259.400	2261.000	           2883	
 02/10-10:51	2261.000	2263.200	2260.800	2262.400	           4344	
 02/10-10:52	2262.400	2263.800	2262.200	2262.200	           2562	
 02/10-10:53	2262.200	2264.200	2262.000	2263.200	           2325	
 02/10-10:54	2263.000	2265.200	2262.800	2264.400	           3639	
 02/10-10:55	2264.000	2266.000	2263.800	2265.000	           2530	
 02/10-10:56	2264.800	2265.600	2262.400	2263.400	           3435	
 02/10-10:57	2263.200	2263.600	2261.800	2262.800	           2691	
 02/10-10:58	2262.600	2263.200	2261.400	2261.600	           1928	
 02/10-10:59	2262.000	2263.200	2261.600	2262.200	           1313	
 02/10-11:00	2262.800	2263.600	2262.200	2263.200	           1527	
 02/10-11:01	2263.000	2263.800	2262.000	2263.800	           1358	
 02/10-11:02	2263.600	2263.800	2261.800	2262.600	           1401	
 02/10-11:03	2262.800	2263.400	2261.600	2262.200	           1356	
 02/10-11:04	2262.000	2262.800	2262.000	2262.600	            665	
 02/10-11:05	2262.400	2262.600	2259.200	2259.800	           3649	
 02/10-11:06	2260.000	2262.000	2259.600	2261.000	           2289	
 02/10-11:07	2261.000	2262.200	2259.800	2259.800	           1672	
 02/10-11:08	2259.600	2260.400	2257.400	2257.600	           4635	
 02/10-11:09	2257.800	2259.200	2257.600	2258.800	           2144	
 02/10-11:10	2259.000	2261.800	2258.400	2261.000	           2459	
 02/10-11:11	2261.000	2263.000	2261.000	2262.800	           2586	
 02/10-11:12	2262.800	2263.000	2261.400	2262.600	           1451	
 02/10-11:13	2262.200	2263.000	2262.000	2262.800	            854	
 02/10-11:14	2262.800	2263.400	2261.800	2261.800	           2027	
 02/10-11:15	2261.800	2263.200	2261.800	2263.200	           1365	
 02/10-11:16	2263.000	2263.200	2262.400	2262.800	            975	
 02/10-11:17	2263.000	2263.600	2260.800	2261.600	           2280	
 02/10-11:18	2261.600	2263.400	2261.600	2263.000	           1280	
 02/10-11:19	2263.200	2264.200	2262.800	2263.800	           2440	
 02/10-11:20	2263.800	2265.000	2263.400	2263.600	           2747	
 02/10-11:21	2263.600	2264.800	2263.400	2264.400	           1194	
 02/10-11:22	2264.400	2267.000	2264.000	2264.400	           4716	
 02/10-11:23	2264.600	2265.600	2264.600	2264.800	           1125	
 02/10-11:24	2264.600	2265.800	2264.200	2264.400	           1096	
 02/10-11:25	2264.200	2264.400	2262.000	2262.200	           2469	
 02/10-11:26	2262.200	2263.200	2260.000	2261.000	           3941	
 02/10-11:27	2261.200	2262.400	2260.600	2262.000	           1733	
 02/10-11:28	2262.400	2263.600	2262.000	2262.600	           1548	
 02/10-11:29	2262.600	2264.400	2262.400	2263.400	           1854	
 02/10-11:30	2263.400	2264.200	2263.000	2263.600	           1478	
 02/10-13:01	2263.800	2264.200	2262.000	2263.800	           2168	
 02/10-13:02	2264.000	2264.800	2263.400	2263.800	           1167	
 02/10-13:03	2263.800	2263.800	2262.600	2262.800	            941	
 02/10-13:04	2263.000	2263.800	2262.800	2263.000	            770	
 02/10-13:05	2263.000	2263.200	2261.000	2261.200	           1891	
 02/10-13:06	2261.400	2261.400	2260.000	2261.000	           2029	
 02/10-13:07	2261.000	2261.000	2259.200	2260.000	           2679	
 02/10-13:08	2259.800	2261.200	2259.800	2260.600	           1292	
 02/10-13:09	2260.400	2261.200	2260.200	2260.400	           1171	
 02/10-13:10	2260.400	2261.800	2260.200	2261.400	           1316	
 02/10-13:11	2261.400	2262.200	2261.000	2261.800	           1096	
 02/10-13:12	2261.800	2262.600	2261.200	2262.600	           1072	
 02/10-13:13	2262.600	2263.800	2262.600	2263.400	           1770	
 02/10-13:14	2263.200	2264.800	2263.200	2264.000	           1766	
 02/10-13:15	2263.800	2264.400	2263.800	2263.800	            955	
 02/10-13:16	2263.800	2264.600	2263.400	2264.000	           1642	
 02/10-13:17	2263.800	2265.000	2263.600	2264.400	           1456	
 02/10-13:18	2264.400	2265.200	2264.000	2264.400	           1396	
 02/10-13:19	2264.400	2265.400	2264.200	2264.800	           1111	
 02/10-13:20	2265.000	2266.400	2265.000	2265.400	           2027	
 02/10-13:21	2265.200	2267.400	2265.200	2267.000	           2885	
 02/10-13:22	2266.800	2268.000	2265.400	2265.400	           2632	
 02/10-13:23	2265.400	2265.600	2264.200	2264.600	           2273	
 02/10-13:24	2264.600	2265.400	2263.400	2263.600	           2695	
 02/10-13:25	2263.600	2264.200	2263.200	2263.200	           1621	
 02/10-13:26	2263.200	2263.400	2261.800	2262.400	           2749	
 02/10-13:27	2262.600	2263.000	2262.000	2262.200	           1308	
 02/10-13:28	2262.400	2263.000	2261.200	2261.200	           1721	
 02/10-13:29	2261.400	2262.000	2260.000	2261.400	           3586	
 02/10-13:30	2261.200	2261.800	2258.200	2258.800	           5204	
 02/10-13:31	2258.800	2260.400	2258.400	2260.000	           2540	
 02/10-13:32	2260.200	2260.800	2259.800	2260.000	           1117	
 02/10-13:33	2260.000	2260.800	2259.600	2259.600	           1183	
 02/10-13:34	2259.600	2260.600	2259.600	2260.400	           1029	
 02/10-13:35	2260.200	2260.600	2259.800	2260.000	            875	
 02/10-13:36	2259.800	2260.200	2259.200	2259.800	           1067	
 02/10-13:37	2259.800	2261.000	2259.400	2260.800	           1319	
 02/10-13:38	2261.000	2262.000	2260.600	2261.200	           2017	
 02/10-13:39	2261.000	2261.800	2260.800	2261.800	           1159	
 02/10-13:40	2261.400	2262.800	2261.400	2262.400	           2029	
 02/10-13:41	2262.400	2263.000	2260.800	2261.400	           2109	
 02/10-13:42	2261.200	2261.400	2260.000	2260.600	           2049	
 02/10-13:43	2260.600	2261.800	2260.400	2261.800	           1193	
 02/10-13:44	2261.800	2263.400	2261.800	2262.600	           2298	
 02/10-13:45	2262.600	2263.800	2262.600	2262.800	           1625	
 02/10-13:46	2263.200	2263.600	2262.600	2263.000	           1247	
 02/10-13:47	2263.000	2264.200	2262.400	2262.600	           1545	
 02/10-13:48	2262.600	2264.200	2262.600	2264.200	           1381	
 02/10-13:49	2264.200	2264.600	2263.200	2263.200	           1195	
 02/10-13:50	2263.200	2263.800	2262.200	2262.600	           1545	
 02/10-13:51	2262.600	2263.000	2261.200	2261.400	           1735	
 02/10-13:52	2261.200	2262.800	2261.200	2262.200	           1169	
 02/10-13:53	2262.400	2263.600	2262.200	2262.600	           1138	
 02/10-13:54	2263.000	2264.400	2262.800	2264.200	           1536	
 02/10-13:55	2264.200	2265.200	2263.800	2264.200	           2127	
 02/10-13:56	2264.600	2264.600	2263.400	2264.200	           1248	
 02/10-13:57	2264.000	2265.000	2264.000	2264.400	            938	
 02/10-13:58	2264.400	2265.200	2264.400	2264.800	           1008	
 02/10-13:59	2264.600	2264.800	2262.800	2262.800	           1967	
 02/10-14:00	2263.000	2265.200	2262.600	2264.800	           1999	
 02/10-14:01	2264.800	2265.600	2263.800	2264.200	           1937	
 02/10-14:02	2264.400	2264.600	2263.200	2263.800	           1292	
 02/10-14:03	2263.800	2264.400	2263.400	2264.000	            979	
 02/10-14:04	2264.000	2265.000	2263.800	2264.200	            903	
 02/10-14:05	2264.200	2264.800	2263.200	2263.200	           1317	
 02/10-14:06	2263.600	2263.600	2262.000	2262.800	           2189	
 02/10-14:07	2263.000	2264.600	2262.800	2264.600	           1689	
 02/10-14:08	2264.600	2265.000	2263.600	2264.400	           1506	
 02/10-14:09	2264.600	2264.800	2264.000	2264.800	            874	
 02/10-14:10	2264.800	2265.200	2264.400	2264.400	           1118	
 02/10-14:11	2264.600	2265.400	2264.200	2264.400	           1197	
 02/10-14:12	2264.600	2264.800	2262.800	2263.400	           1972	
 02/10-14:13	2263.400	2264.600	2263.200	2264.600	            872	
 02/10-14:14	2264.400	2265.000	2264.200	2264.600	            751	
 02/10-14:15	2264.800	2264.800	2263.400	2264.400	           1232	
 02/10-14:16	2264.600	2265.000	2263.800	2264.000	            931	
 02/10-14:17	2263.800	2264.600	2263.600	2264.000	            707	
 02/10-14:18	2264.000	2264.200	2262.800	2263.200	           1916	
 02/10-14:19	2263.200	2264.200	2262.800	2262.800	           1035	
 02/10-14:20	2262.800	2263.600	2261.400	2262.000	           2909	
 02/10-14:21	2262.000	2263.000	2262.000	2262.400	            896	
 02/10-14:22	2262.800	2263.800	2262.400	2263.600	           1296	
 02/10-14:23	2263.600	2264.400	2263.200	2263.600	           1132	
 02/10-14:24	2263.400	2264.400	2263.400	2263.800	            859	
 02/10-14:25	2263.800	2265.400	2263.800	2264.800	           2904	
 02/10-14:26	2264.600	2265.200	2264.400	2265.000	           1004	
 02/10-14:27	2265.000	2265.800	2264.800	2264.800	           1729	
 02/10-14:28	2264.800	2267.000	2264.800	2266.400	           3094	
 02/10-14:29	2266.600	2266.800	2265.800	2266.600	           1649	
 02/10-14:30	2266.400	2267.000	2266.200	2266.200	           1408	
 02/10-14:31	2266.200	2266.200	2265.200	2265.800	           1765	
 02/10-14:32	2265.400	2266.600	2265.400	2266.400	           1395	
 02/10-14:33	2266.400	2267.400	2266.200	2266.600	           2615	
 02/10-14:34	2266.800	2267.400	2266.600	2266.800	           1464	
 02/10-14:35	2266.800	2267.200	2265.400	2265.400	           1609	
 02/10-14:36	2265.600	2266.000	2265.200	2265.600	           1350	
 02/10-14:37	2265.200	2265.600	2264.400	2265.600	           2062	
 02/10-14:38	2265.600	2266.000	2265.200	2265.600	            936	
 02/10-14:39	2265.400	2266.000	2265.000	2265.400	           1032	
 02/10-14:40	2265.400	2266.800	2265.200	2266.000	           1615	
 02/10-14:41	2266.400	2267.600	2266.200	2267.200	           2194	
 02/10-14:42	2267.400	2270.000	2267.200	2268.400	           5391	
 02/10-14:43	2268.200	2269.400	2268.200	2268.600	           1722	
 02/10-14:44	2268.600	2269.400	2268.400	2269.000	           1816	
 02/10-14:45	2269.000	2269.800	2267.200	2267.200	           3125	
 02/10-14:46	2267.200	2268.600	2267.200	2268.600	           1516	
 02/10-14:47	2268.600	2268.600	2267.400	2267.400	           1308	
 02/10-14:48	2267.400	2267.600	2265.600	2265.600	           3353	
 02/10-14:49	2265.600	2266.400	2265.400	2266.200	           1999	
 02/10-14:50	2266.400	2266.800	2265.400	2265.800	           1798	
 02/10-14:51	2265.400	2265.800	2265.000	2265.400	           2355	
 02/10-14:52	2265.400	2265.400	2263.400	2263.400	           3207	
 02/10-14:53	2263.600	2264.200	2263.400	2263.800	           2003	
 02/10-14:54	2264.000	2264.200	2263.200	2263.200	           2098	
 02/10-14:55	2263.200	2263.600	2262.400	2262.600	           2886	
 02/10-14:56	2262.800	2263.000	2262.000	2262.600	           1983	
 02/10-14:57	2262.400	2263.600	2262.400	2263.200	           1564	
 02/10-14:58	2263.000	2264.000	2263.000	2263.400	           1480	
 02/10-14:59	2263.200	2263.800	2262.800	2263.200	           1293	
 02/10-15:00	2263.400	2263.600	2262.200	2262.200	           2076	
 02/10-15:01	2262.400	2263.600	2262.400	2263.000	           1470	
 02/10-15:02	2263.000	2263.400	2262.600	2262.800	           1174	
 02/10-15:03	2262.600	2262.800	2262.000	2262.000	           1625	
 02/10-15:04	2262.000	2262.000	2261.200	2261.400	           2117	
 02/10-15:05	2261.400	2262.400	2261.200	2261.600	           1813	
 02/10-15:06	2261.600	2262.000	2261.200	2261.600	           1267	
 02/10-15:07	2261.600	2262.200	2261.400	2262.000	            987	
 02/10-15:08	2262.000	2262.400	2261.600	2261.800	            859	
 02/10-15:09	2261.800	2261.800	2261.200	2261.600	           1128	
 02/10-15:10	2261.600	2262.000	2261.000	2261.000	           2133	
 02/10-15:11	2261.000	2261.600	2260.800	2261.000	           1434	
 02/10-15:12	2260.800	2261.000	2260.400	2260.400	           1383	
 02/10-15:13	2260.400	2261.200	2260.200	2260.800	           1821	
 02/10-15:14	2261.000	2261.400	2260.200	2260.200	           2595	
 02/10-15:15	2260.200	2261.200	2259.800	2260.400	           4108	
 02/11-09:16	2262.000	2262.200	2258.600	2260.400	           4417	
 02/11-09:17	2260.000	2262.000	2260.000	2261.800	           1600	
 02/11-09:18	2261.600	2262.000	2261.000	2261.800	            789	
 02/11-09:19	2261.400	2263.000	2261.400	2262.800	           1924	
 02/11-09:20	2262.800	2262.800	2262.400	2262.800	            790	
 02/11-09:21	2262.400	2262.800	2261.400	2261.400	            726	
 02/11-09:22	2261.600	2261.800	2260.200	2260.800	           1338	
 02/11-09:23	2260.800	2261.800	2260.800	2261.800	            911	
 02/11-09:24	2261.600	2262.600	2261.400	2262.600	            819	
 02/11-09:25	2262.400	2262.800	2262.000	2262.000	            786	
 02/11-09:26	2262.000	2262.600	2261.600	2262.200	            645	
 02/11-09:27	2262.400	2263.000	2262.200	2262.600	            839	
 02/11-09:28	2262.600	2263.800	2262.600	2263.400	           1584	
 02/11-09:29	2263.400	2263.400	2262.600	2263.400	            982	
 02/11-09:30	2263.400	2263.600	2262.200	2262.200	            830	
 02/11-09:31	2262.000	2263.600	2261.600	2263.400	           1542	
 02/11-09:32	2263.600	2264.200	2262.000	2262.000	           1843	
 02/11-09:33	2262.000	2263.000	2261.200	2262.400	           1742	
 02/11-09:34	2262.200	2263.600	2262.200	2263.400	           1682	
 02/11-09:35	2263.400	2263.400	2262.400	2263.000	            772	
 02/11-09:36	2263.400	2264.200	2263.000	2264.200	           1633	
 02/11-09:37	2264.000	2264.800	2263.200	2264.200	           1932	
 02/11-09:38	2264.200	2264.600	2263.400	2264.000	           1481	
 02/11-09:39	2263.800	2265.000	2263.800	2264.800	           1724	
 02/11-09:40	2264.600	2265.200	2263.400	2263.800	           2568	
 02/11-09:41	2264.000	2264.200	2263.000	2264.200	           1560	
 02/11-09:42	2264.000	2264.200	2262.800	2263.400	           1377	
 02/11-09:43	2263.200	2263.400	2263.000	2263.200	           1159	
 02/11-09:44	2263.200	2264.000	2263.000	2264.000	            937	
 02/11-09:45	2264.000	2264.400	2261.200	2261.200	           3119	
 02/11-09:46	2261.200	2262.000	2260.800	2261.400	           1998	
 02/11-09:47	2261.600	2262.400	2261.200	2262.000	           1179	
 02/11-09:48	2261.600	2262.400	2261.000	2261.800	           1608	
 02/11-09:49	2261.800	2262.600	2261.400	2262.400	            984	
 02/11-09:50	2262.000	2263.400	2261.800	2263.000	           1640	
 02/11-09:51	2263.400	2265.000	2263.000	2264.000	           2928	
 02/11-09:52	2264.400	2264.600	2263.400	2263.400	           1566	
 02/11-09:53	2263.600	2264.200	2262.400	2262.800	           1312	
 02/11-09:54	2262.800	2264.000	2262.600	2263.800	            935	
 02/11-09:55	2263.400	2264.200	2262.400	2262.800	           1329	
 02/11-09:56	2262.800	2263.800	2262.600	2262.800	            833	
 02/11-09:57	2263.000	2264.000	2262.600	2263.600	            926	
 02/11-09:58	2263.800	2264.400	2263.200	2263.600	           1043	
 02/11-09:59	2263.400	2264.400	2263.000	2264.200	            837	
 02/11-10:00	2264.000	2264.400	2263.600	2264.400	            798	
 02/11-10:01	2264.400	2265.000	2263.800	2264.600	           1663	
 02/11-10:02	2264.600	2264.800	2264.000	2264.400	            900	
 02/11-10:03	2264.400	2265.000	2263.600	2264.600	           1348	
 02/11-10:04	2264.800	2266.600	2264.400	2265.400	           4416	
 02/11-10:05	2265.400	2266.000	2265.000	2265.400	           1944	
 02/11-10:06	2265.400	2266.000	2265.000	2265.400	           1520	
 02/11-10:07	2265.600	2266.600	2264.600	2265.200	           2708	
 02/11-10:08	2265.200	2265.600	2264.800	2265.600	           1018	
 02/11-10:09	2265.600	2266.600	2265.000	2266.600	           1470	
 02/11-10:10	2266.600	2267.400	2266.000	2267.000	           2937	
 02/11-10:11	2267.000	2267.200	2266.200	2266.800	           1847	
 02/11-10:12	2267.200	2267.400	2266.200	2266.400	           1574	
 02/11-10:13	2266.200	2266.400	2265.200	2265.600	           2336	
 02/11-10:14	2265.600	2265.800	2264.600	2265.400	           1642	
 02/11-10:15	2265.200	2265.400	2264.600	2265.000	            966	
 02/11-10:16	2264.800	2266.000	2264.600	2265.000	           1403	
 02/11-10:17	2265.200	2265.400	2264.600	2265.000	           1039	
 02/11-10:18	2264.800	2265.200	2264.200	2264.200	           1260	
 02/11-10:19	2264.400	2264.800	2263.400	2264.000	           2212	
 02/11-10:20	2263.800	2264.200	2263.600	2263.800	           1010	
 02/11-10:21	2263.800	2264.800	2263.800	2264.400	           1064	
 02/11-10:22	2264.200	2264.800	2263.800	2263.800	           1060	
 02/11-10:23	2263.800	2263.800	2262.600	2262.800	           2277	
 02/11-10:24	2263.000	2264.800	2262.600	2264.400	           1908	
 02/11-10:25	2264.400	2266.000	2264.200	2264.800	           2397	
 02/11-10:26	2264.800	2265.400	2264.200	2265.200	           1822	
 02/11-10:27	2265.400	2266.000	2264.800	2265.800	           2026	
 02/11-10:28	2265.800	2266.200	2265.400	2266.000	           1495	
 02/11-10:29	2265.800	2273.400	2265.800	2273.000	          10313	
 02/11-10:30	2272.600	2272.600	2270.000	2271.200	           5533	
 02/11-10:31	2270.800	2274.800	2270.600	2274.600	           6315	
 02/11-10:32	2274.600	2279.000	2274.400	2279.000	           8726	
 02/11-10:33	2278.200	2278.800	2275.800	2276.600	           5704	
 02/11-10:34	2276.200	2278.000	2274.600	2277.400	           4475	
 02/11-10:35	2277.600	2281.200	2276.600	2280.000	           5638	
 02/11-10:36	2279.800	2281.200	2278.200	2281.000	           4445	
 02/11-10:37	2280.600	2283.000	2279.600	2281.800	           6117	
 02/11-10:38	2281.400	2281.800	2278.600	2278.800	           3961	
 02/11-10:39	2278.400	2279.800	2277.800	2279.000	           3144	
 02/11-10:40	2279.000	2279.200	2277.600	2277.600	           2546	
 02/11-10:41	2278.000	2278.200	2276.800	2277.000	           2908	
 02/11-10:42	2277.200	2277.200	2271.200	2271.200	           8441	
 02/11-10:43	2271.200	2273.200	2270.800	2273.200	           4413	
 02/11-10:44	2273.000	2273.600	2272.800	2273.000	           2203	
 02/11-10:45	2272.800	2273.200	2270.000	2270.200	           4876	
 02/11-10:46	2270.200	2272.400	2270.200	2271.600	           2650	
 02/11-10:47	2271.600	2272.400	2270.800	2270.800	           2955	
 02/11-10:48	2270.600	2272.000	2270.600	2271.800	           1556	
 02/11-10:49	2271.800	2272.600	2270.800	2272.200	           1469	
 02/11-10:50	2272.000	2272.600	2271.200	2271.600	           1359	
 02/11-10:51	2271.400	2271.600	2267.600	2268.400	           5854	
 02/11-10:52	2268.200	2269.800	2267.800	2268.800	           2883	
 02/11-10:53	2268.800	2268.800	2266.400	2267.400	           3633	
 02/11-10:54	2267.400	2268.000	2266.000	2266.600	           2364	
 02/11-10:55	2266.600	2268.000	2266.400	2267.000	           2015	
 02/11-10:56	2267.200	2268.000	2267.000	2267.000	           1467	
 02/11-10:57	2267.000	2267.000	2265.400	2265.800	           2763	
 02/11-10:58	2265.800	2266.200	2265.200	2265.400	           2372	
 02/11-10:59	2265.400	2266.000	2264.000	2264.400	           3068	
 02/11-11:00	2264.000	2264.200	2258.800	2260.000	           7148	
 02/11-11:01	2259.400	2261.400	2259.400	2261.200	           4560	
 02/11-11:02	2261.200	2263.000	2261.000	2262.800	           3781	
 02/11-11:03	2262.800	2263.800	2262.400	2263.000	           2260	
 02/11-11:04	2262.800	2264.000	2262.400	2264.000	           1933	
 02/11-11:05	2263.800	2265.400	2263.600	2264.600	           3755	
 02/11-11:06	2264.400	2265.000	2264.000	2264.600	           1534	
 02/11-11:07	2264.200	2265.600	2264.200	2265.000	           1855	
 02/11-11:08	2264.800	2265.000	2264.000	2264.000	           1921	
 02/11-11:09	2264.200	2266.200	2264.200	2266.200	           2378	
 02/11-11:10	2266.200	2266.200	2265.000	2265.600	           1466	
 02/11-11:11	2265.400	2267.000	2265.200	2266.200	           2374	
 02/11-11:12	2266.000	2267.400	2265.800	2267.400	           2138	
 02/11-11:13	2267.400	2267.800	2265.800	2266.800	           2704	
 02/11-11:14	2266.800	2267.000	2266.000	2267.000	           1365	
 02/11-11:15	2267.000	2267.400	2266.000	2267.200	           1574	
 02/11-11:16	2267.400	2268.400	2267.000	2267.600	           2194	
 02/11-11:17	2267.400	2267.800	2266.600	2267.400	           1518	
 02/11-11:18	2267.800	2269.800	2267.800	2269.000	           3692	
 02/11-11:19	2269.000	2270.600	2268.600	2270.000	           2899	
 02/11-11:20	2269.800	2271.600	2269.200	2270.800	           2850	
 02/11-11:21	2270.800	2271.400	2270.400	2271.200	           2074	
 02/11-11:22	2271.000	2272.000	2270.400	2270.800	           2924	
 02/11-11:23	2270.800	2272.000	2270.400	2271.600	           2038	
 02/11-11:24	2271.400	2272.400	2271.000	2271.600	           1783	
 02/11-11:25	2271.600	2271.800	2269.600	2270.000	           2519	
 02/11-11:26	2270.200	2270.800	2269.400	2270.000	           1830	
 02/11-11:27	2270.200	2272.000	2269.800	2271.400	           1679	
 02/11-11:28	2271.600	2272.000	2270.600	2270.800	           1409	
 02/11-11:29	2271.000	2272.200	2270.600	2271.800	           1580	
 02/11-11:30	2271.800	2275.000	2271.600	2274.200	           4598	
 02/11-13:01	2274.000	2275.200	2273.400	2274.200	           3112	
 02/11-13:02	2274.200	2274.400	2273.000	2274.200	           1710	
 02/11-13:03	2274.000	2274.200	2273.000	2273.600	           1355	
 02/11-13:04	2273.400	2273.600	2272.600	2273.000	           1320	
 02/11-13:05	2272.600	2274.800	2272.600	2274.800	           1711	
 02/11-13:06	2275.000	2275.600	2273.600	2273.800	           2132	
 02/11-13:07	2273.800	2274.800	2272.800	2274.600	           1885	
 02/11-13:08	2274.400	2275.200	2273.600	2274.200	           1443	
 02/11-13:09	2274.000	2275.000	2273.800	2274.000	           1371	
 02/11-13:10	2273.800	2274.600	2273.600	2274.400	            929	
 02/11-13:11	2274.400	2274.800	2273.400	2274.400	           1440	
 02/11-13:12	2274.400	2276.200	2274.400	2275.600	           2638	
 02/11-13:13	2275.400	2275.400	2274.600	2274.800	           1496	
 02/11-13:14	2274.600	2274.800	2273.400	2273.400	           1825	
 02/11-13:15	2273.200	2274.000	2273.200	2273.800	           1607	
 02/11-13:16	2273.600	2274.400	2273.000	2273.200	           1545	
 02/11-13:17	2273.200	2274.400	2273.200	2274.000	           1055	
 02/11-13:18	2274.200	2275.200	2274.000	2274.600	           1478	
 02/11-13:19	2274.600	2275.800	2274.600	2275.200	           1804	
 02/11-13:20	2275.200	2276.800	2275.000	2276.400	           2934	
 02/11-13:21	2276.200	2276.800	2276.200	2276.600	           1438	
 02/11-13:22	2276.800	2276.800	2275.600	2276.600	           1286	
 02/11-13:23	2276.400	2277.600	2276.000	2277.000	           2051	
 02/11-13:24	2277.000	2277.000	2275.600	2275.800	           1794	
 02/11-13:25	2276.000	2277.400	2275.600	2277.400	           1684	
 02/11-13:26	2277.400	2278.000	2277.200	2277.400	           2361	
 02/11-13:27	2277.400	2279.800	2277.000	2279.000	           4144	
 02/11-13:28	2279.200	2280.200	2279.200	2279.800	           3357	
 02/11-13:29	2279.400	2279.600	2278.200	2278.400	           2142	
 02/11-13:30	2278.600	2279.200	2278.000	2278.800	           1994	
 02/11-13:31	2278.800	2281.800	2278.800	2281.000	           4052	
 02/11-13:32	2281.000	2282.600	2280.200	2280.200	           3336	
 02/11-13:33	2280.400	2281.200	2279.000	2281.200	           2644	
 02/11-13:34	2281.200	2282.000	2280.200	2280.400	           2217	
 02/11-13:35	2280.200	2280.600	2278.200	2278.800	           3172	
 02/11-13:36	2279.000	2279.200	2277.600	2277.600	           2943	
 02/11-13:37	2277.800	2278.000	2276.200	2276.800	           3942	
 02/11-13:38	2277.000	2278.400	2277.000	2277.800	           2499	
 02/11-13:39	2277.800	2279.800	2277.800	2278.800	           2682	
 02/11-13:40	2278.800	2279.800	2278.200	2279.000	           1779	
 02/11-13:41	2278.600	2279.600	2278.600	2279.000	            994	
 02/11-13:42	2279.000	2280.000	2278.600	2279.200	           1466	
 02/11-13:43	2279.200	2280.000	2278.800	2279.200	           1167	
 02/11-13:44	2279.200	2279.600	2277.400	2279.400	           2079	
 02/11-13:45	2279.400	2280.600	2278.800	2280.400	           2088	
 02/11-13:46	2280.600	2280.800	2279.600	2280.600	           1723	
 02/11-13:47	2281.000	2281.400	2279.200	2279.400	           2256	
 02/11-13:48	2279.400	2280.800	2279.400	2280.200	           1600	
 02/11-13:49	2280.400	2281.600	2280.400	2281.000	           1426	
 02/11-13:50	2280.800	2281.200	2277.800	2278.600	           2779	
 02/11-13:51	2278.400	2285.800	2278.400	2284.000	           8204	
 02/11-13:52	2283.800	2283.800	2279.400	2279.800	           4575	
 02/11-13:53	2279.600	2281.200	2279.400	2280.400	           1824	
 02/11-13:54	2280.200	2280.400	2278.600	2280.000	           2380	
 02/11-13:55	2280.000	2281.600	2279.200	2279.600	           2222	
 02/11-13:56	2279.800	2280.800	2279.400	2280.200	           1374	
 02/11-13:57	2280.400	2281.400	2279.800	2281.000	           1108	
 02/11-13:58	2281.000	2282.400	2280.800	2281.800	           1937	
 02/11-13:59	2281.600	2282.400	2280.600	2282.400	           1642	
 02/11-14:00	2282.200	2284.000	2281.800	2282.800	           3312	
 02/11-14:01	2282.600	2283.000	2281.600	2282.200	           1567	
 02/11-14:02	2282.400	2283.800	2282.200	2282.800	           1823	
 02/11-14:03	2282.800	2283.600	2282.400	2283.200	           1025	
 02/11-14:04	2283.000	2283.800	2281.800	2281.800	           1515	
 02/11-14:05	2281.800	2283.000	2281.200	2283.000	           1616	
 02/11-14:06	2283.000	2283.400	2281.600	2283.000	           2163	
 02/11-14:07	2283.200	2284.800	2282.800	2283.800	           2281	
 02/11-14:08	2283.800	2286.600	2283.400	2285.600	           4832	
 02/11-14:09	2285.600	2287.600	2285.000	2287.000	           3926	
 02/11-14:10	2287.200	2287.600	2286.600	2287.000	           2618	
 02/11-14:11	2287.200	2288.800	2287.200	2288.400	           3511	
 02/11-14:12	2288.200	2289.000	2286.800	2287.000	           3215	
 02/11-14:13	2287.000	2288.400	2286.800	2288.000	           1713	
 02/11-14:14	2287.800	2288.000	2286.200	2287.000	           1861	
 02/11-14:15	2287.000	2287.600	2286.200	2287.000	           2177	
 02/11-14:16	2287.000	2287.200	2285.200	2285.400	           2456	
 02/11-14:17	2285.400	2285.600	2283.600	2284.000	           3160	
 02/11-14:18	2284.200	2285.400	2283.800	2284.400	           2259	
 02/11-14:19	2284.400	2285.400	2283.200	2283.400	           1644	
 02/11-14:20	2283.200	2284.000	2282.200	2282.200	           3788	
 02/11-14:21	2282.400	2282.400	2279.200	2279.600	           7128	
 02/11-14:22	2279.600	2279.600	2276.800	2277.400	           7301	
 02/11-14:23	2277.600	2277.800	2275.400	2275.600	           4986	
 02/11-14:24	2275.800	2277.000	2275.600	2276.200	           3285	
 02/11-14:25	2276.400	2277.200	2276.000	2276.200	           2633	
 02/11-14:26	2276.200	2277.200	2276.000	2276.200	           1668	
 02/11-14:27	2276.400	2276.400	2275.200	2276.000	           3048	
 02/11-14:28	2275.600	2276.600	2275.200	2276.200	           1963	
 02/11-14:29	2276.200	2276.200	2274.800	2275.600	           2380	
 02/11-14:30	2275.800	2277.000	2275.400	2275.600	           2413	
 02/11-14:31	2275.800	2276.600	2275.000	2276.200	           1649	
 02/11-14:32	2276.400	2277.000	2276.000	2276.600	           2079	
 02/11-14:33	2276.800	2277.800	2276.400	2277.200	           2443	
 02/11-14:34	2277.200	2277.800	2277.000	2277.200	           1354	
 02/11-14:35	2277.200	2277.600	2276.800	2276.800	           1530	
 02/11-14:36	2276.800	2277.600	2276.800	2277.600	           1064	
 02/11-14:37	2277.400	2278.200	2277.200	2277.600	           1753	
 02/11-14:38	2277.600	2277.800	2276.000	2276.000	           1742	
 02/11-14:39	2276.000	2276.400	2274.000	2274.200	           4045	
 02/11-14:40	2274.200	2274.600	2273.600	2274.200	           2677	
 02/11-14:41	2274.400	2275.600	2274.200	2275.200	           1957	
 02/11-14:42	2275.200	2276.000	2275.200	2275.600	           1961	
 02/11-14:43	2275.400	2276.800	2275.400	2276.200	           1801	
 02/11-14:44	2276.400	2277.000	2276.400	2276.600	           1185	
 02/11-14:45	2276.600	2276.800	2275.000	2275.000	           1818	
 02/11-14:46	2275.200	2276.600	2275.000	2276.400	           1608	
 02/11-14:47	2276.400	2276.800	2275.600	2276.000	           1273	
 02/11-14:48	2275.800	2276.600	2275.800	2276.400	            733	
 02/11-14:49	2276.400	2277.000	2276.200	2277.000	            992	
 02/11-14:50	2277.000	2277.600	2276.800	2277.400	           1941	
 02/11-14:51	2277.400	2277.600	2276.400	2276.600	           1483	
 02/11-14:52	2276.600	2277.600	2276.200	2277.400	           1177	
 02/11-14:53	2277.400	2277.600	2277.000	2277.200	            738	
 02/11-14:54	2277.000	2277.400	2276.200	2276.400	            821	
 02/11-14:55	2276.600	2277.200	2276.400	2276.400	            782	
 02/11-14:56	2276.800	2277.400	2276.600	2277.200	            839	
 02/11-14:57	2277.200	2277.600	2277.000	2277.200	            812	
 02/11-14:58	2277.200	2277.400	2276.600	2276.600	            931	
 02/11-14:59	2276.600	2276.800	2276.200	2276.400	           1216	
 02/11-15:00	2276.800	2277.000	2276.200	2276.800	           1004	
 02/11-15:01	2276.400	2276.600	2276.200	2276.200	            948	
 02/11-15:02	2276.200	2276.200	2275.000	2275.400	           2109	
 02/11-15:03	2275.600	2275.800	2275.200	2275.400	            714	
 02/11-15:04	2275.400	2276.400	2275.400	2276.200	            807	
 02/11-15:05	2276.200	2276.800	2276.000	2276.400	           1170	
 02/11-15:06	2276.600	2276.600	2276.200	2276.200	            595	
 02/11-15:07	2276.200	2276.600	2276.000	2276.200	            589	
 02/11-15:08	2276.200	2276.400	2276.000	2276.200	            560	
 02/11-15:09	2276.200	2276.400	2275.800	2276.200	            702	
 02/11-15:10	2276.000	2276.200	2275.400	2275.600	           1093	
 02/11-15:11	2275.800	2276.800	2275.600	2276.600	           1435	
 02/11-15:12	2276.600	2277.000	2276.000	2276.600	           1311	
 02/11-15:13	2276.600	2277.400	2276.200	2277.000	           1261	
 02/11-15:14	2277.200	2277.200	2276.600	2277.000	           1593	
 02/11-15:15	2277.000	2277.600	2277.000	2277.400	           3027	