 08/21-09:16	2321.000	2324.800	2318.800	2320.000	           9211	      1.000	   2307.859	   2308.367	   2311.570	           	      0.620	      0.050	      0.010	      0.000	
 08/21-09:17	2320.200	2327.800	2320.200	2325.600	           5961	      2.000	   2308.600	   2308.503	   2311.656	           	      0.741	      0.136	      0.120	      0.000	
 08/21-09:18	2325.400	2327.000	2325.200	2326.600	           2949	      3.000	   2309.367	   2308.650	   2311.742	           	      0.767	      0.147	      0.172	      0.000	
 08/21-09:19	2326.200	2326.400	2324.600	2325.000	           2260	      4.000	   2310.067	   2308.784	   2311.807	           	      0.700	      0.134	      0.150	      0.000	
 08/21-09:20	2325.200	2325.800	2323.200	2324.800	           2475	      5.000	   2310.706	   2308.906	   2311.855	           	      0.640	      0.123	      0.113	      0.000	
 08/21-09:21	2324.600	2325.200	2323.000	2323.800	           1562	      6.000	   2311.280	   2309.023	   2311.907	           	      0.574	      0.117	      0.100	      0.000	
 08/21-09:22	2323.800	2325.200	2323.600	2324.800	           1264	      7.000	   2311.867	   2309.253	   2311.962	           	      0.586	      0.230	      0.107	      0.000	
 08/21-09:23	2324.600	2324.800	2321.200	2323.000	           2601	      8.000	   2312.359	   2309.460	   2312.007	           	      0.493	      0.207	      0.100	      0.000	
 08/21-09:24	2323.000	2324.000	2322.400	2322.600	           1250	      9.000	   2312.780	   2309.670	   2312.057	           	      0.421	      0.210	      0.095	      0.000	
 08/21-09:25	2322.800	2325.800	2322.400	2324.200	           2058	     10.000	   2313.253	   2309.910	   2312.110	           	      0.473	      0.240	      0.104	      0.000	
 08/21-09:26	2324.600	2327.200	2323.400	2327.000	           2877	     11.000	   2313.833	   2310.180	   2312.192	           	      0.580	      0.270	      0.135	      0.000	
 08/21-09:27	2326.800	2327.000	2325.200	2326.400	           2154	     12.000	   2314.427	   2310.440	   2312.252	           	      0.594	      0.260	      0.142	      0.000	
 08/21-09:28	2326.400	2327.000	2325.000	2325.200	           1674	     13.000	   2314.980	   2310.683	   2312.318	           	      0.553	      0.243	      0.127	      0.000	
 08/21-09:29	2325.000	2326.400	2325.000	2326.200	            940	     14.000	   2315.560	   2310.993	   2312.385	           	      0.580	      0.310	      0.133	      0.000	
 08/21-09:30	2326.000	2329.400	2324.600	2328.000	           4093	     15.000	   2316.188	   2311.260	   2312.483	           	      0.627	      0.267	      0.165	      0.000	
 08/21-09:31	2327.400	2327.800	2321.400	2322.800	           4032	     16.000	   2316.659	   2311.473	   2312.548	           	      0.472	      0.213	      0.163	      0.000	
 08/21-09:32	2322.800	2325.800	2322.800	2323.800	           3062	     17.000	   2317.180	   2311.780	   2312.620	           	      0.521	      0.307	      0.137	      0.000	
 08/21-09:33	2323.800	2324.200	2318.800	2319.000	           5502	     18.000	   2317.547	   2311.977	   2312.650	           	      0.367	      0.197	      0.102	      0.000	
 08/21-09:34	2319.600	2323.400	2317.400	2323.400	           4639	     19.000	   2318.094	   2312.227	   2312.703	           	      0.547	      0.250	      0.083	      0.000	
 08/21-09:35	2323.000	2324.400	2318.200	2318.200	           3538	     20.000	   2318.480	   2312.393	   2312.718	           	      0.386	      0.167	      0.068	      0.000	
 08/21-09:36	2318.400	2321.600	2317.800	2318.000	           2790	     21.000	   2318.886	   2312.563	   2312.735	           	      0.406	      0.170	      0.032	      0.000	
 08/21-09:37	2317.600	2317.600	2313.800	2314.800	           5903	     22.000	   2319.180	   2312.660	   2312.723	           	      0.294	      0.097	      0.005	      0.000	
 08/21-09:38	2315.000	2316.000	2311.800	2313.600	           4766	     23.000	   2319.414	   2312.697	   2312.693	           	      0.233	      0.037	     -0.042	      0.000	
 08/21-09:39	2313.800	2315.600	2313.000	2314.800	           3579	     24.000	   2319.600	   2312.840	   2312.672	           	      0.187	      0.143	     -0.052	      0.000	
 08/21-09:40	2315.200	2315.400	2313.200	2314.400	           2365	     25.000	   2319.753	   2313.010	   2312.648	           	      0.153	      0.170	     -0.045	      0.000	
 08/21-09:41	2314.400	2314.400	2311.200	2312.000	           3179	     26.000	   2319.886	   2313.183	   2312.607	           	      0.133	      0.173	     -0.065	      0.000	
 08/21-09:42	2311.800	2315.800	2311.000	2315.000	           4262	     27.000	   2320.153	   2313.383	   2312.600	           	      0.267	      0.200	     -0.048	      0.000	
 08/21-09:43	2314.600	2316.600	2314.600	2315.200	           2924	     28.000	   2320.460	   2313.594	   2312.592	           	      0.307	      0.210	     -0.015	      0.000	
 08/21-09:44	2315.400	2315.600	2314.200	2315.400	           1614	     29.000	   2320.740	   2313.846	   2312.605	           	      0.279	      0.253	      0.005	      0.000	
 08/21-09:45	2315.000	2315.400	2309.600	2309.600	           4992	     30.000	   2320.774	   2314.007	   2312.605	           	      0.034	      0.160	      0.013	      0.000	
 08/21-09:46	2309.400	2312.800	2309.400	2311.400	           3298	     31.000	   2320.487	   2314.173	   2312.620	           	     -0.287	      0.166	      0.015	      0.000	
 08/21-09:47	2311.600	2311.600	2308.800	2310.200	           3039	     32.000	   2319.974	   2314.287	   2312.633	           	     -0.513	      0.114	      0.028	      0.000	
 08/21-09:48	2310.400	2310.800	2308.000	2308.600	           3296	     33.000	   2319.373	   2314.370	   2312.645	           	     -0.601	      0.083	      0.025	      0.000	
 08/21-09:49	2308.600	2310.600	2307.400	2307.600	           2851	     34.000	   2318.793	   2314.430	   2312.652	           	     -0.580	      0.060	      0.018	      0.000	
 08/21-09:50	2307.200	2310.400	2307.200	2310.000	           3385	     35.000	   2318.300	   2314.503	   2312.663	           	     -0.493	      0.073	      0.018	      0.000	
 08/21-09:51	2309.600	2310.200	2306.600	2307.200	           2649	     36.000	   2317.747	   2314.513	   2312.640	           	     -0.553	      0.010	     -0.011	      0.000	
 08/21-09:52	2307.400	2308.600	2304.200	2305.600	           3598	     37.000	   2317.107	   2314.487	   2312.587	           	     -0.640	     -0.026	     -0.077	      0.000	
 08/21-09:53	2305.800	2306.400	2301.600	2303.400	           5440	     38.000	   2316.454	   2314.407	   2312.500	           	     -0.653	     -0.080	     -0.140	      0.000	
 08/21-09:54	2303.800	2305.600	2301.400	2302.600	           3721	     39.000	   2315.786	   2314.283	   2312.412	           	     -0.668	     -0.123	     -0.175	      0.000	
 08/21-09:55	2302.600	2305.000	2301.200	2303.800	           3286	     40.000	   2315.106	   2314.180	   2312.343	           	     -0.680	     -0.104	     -0.157	      0.000	
 08/21-09:56	2303.800	2304.600	2299.200	2303.600	           6120	     41.000	   2314.327	   2314.080	   2312.273	           	     -0.779	     -0.099	     -0.138	      0.000	
 08/21-09:57	2304.000	2306.600	2303.600	2306.200	           3697	     42.000	   2313.653	   2314.040	   2312.223	           	     -0.674	     -0.040	     -0.120	      0.000	
 08/21-09:58	2306.000	2306.000	2305.000	2305.200	           1941	     43.000	   2312.987	   2313.983	   2312.162	           	     -0.667	     -0.057	     -0.112	      0.000	
 08/21-09:59	2305.400	2309.400	2305.200	2309.200	           5151	     44.000	   2312.420	   2313.990	   2312.114	           	     -0.567	      0.007	     -0.110	      0.000	
 08/21-10:00	2308.600	2310.000	2308.400	2308.800	           3324	     45.000	   2311.779	   2313.983	   2312.065	           	     -0.641	     -0.007	     -0.097	      0.000	
 08/21-10:01	2308.800	2309.200	2306.200	2306.400	           3219	     46.000	   2311.233	   2313.946	   2312.005	           	     -0.546	     -0.037	     -0.109	      0.000	
 08/21-10:02	2306.600	2306.600	2297.800	2300.600	           9480	     47.000	   2310.459	   2313.820	   2311.885	           	     -0.774	     -0.126	     -0.180	      0.000	
 08/21-10:03	2300.600	2300.600	2291.400	2292.000	          10351	     48.000	   2309.559	   2313.553	   2311.677	           	     -0.900	     -0.267	     -0.328	      0.000	
 08/21-10:04	2292.200	2295.000	2289.400	2294.800	           7473	     49.000	   2308.606	   2313.350	   2311.500	           	     -0.953	     -0.203	     -0.385	      0.000	
 08/21-10:05	2294.400	2295.000	2292.600	2295.000	           3101	     50.000	   2307.833	   2313.157	   2311.337	           	     -0.773	     -0.193	     -0.340	      0.000	
 08/21-10:06	2294.800	2296.000	2293.400	2294.400	           3020	     51.000	   2307.047	   2312.967	   2311.178	           	     -0.786	     -0.190	     -0.322	      0.000	
 08/21-10:07	2294.200	2297.600	2294.000	2296.200	           3131	     52.000	   2306.426	   2312.803	   2311.043	           	     -0.621	     -0.163	     -0.293	      0.000	
 08/21-10:08	2296.200	2297.600	2296.000	2296.000	           2271	     53.000	   2305.840	   2312.626	   2310.898	           	     -0.586	     -0.177	     -0.280	      0.000	
 08/21-10:09	2296.200	2299.800	2292.800	2299.800	           4866	     54.000	   2305.341	   2312.470	   2310.795	           	     -0.499	     -0.156	     -0.248	      0.000	
 08/21-10:10	2299.800	2305.000	2299.000	2304.400	           8181	     55.000	   2305.007	   2312.380	   2310.742	           	     -0.333	     -0.090	     -0.156	      0.000	
 08/21-10:11	2304.000	2304.200	2302.200	2302.600	           3786	     56.000	   2304.694	   2312.290	   2310.658	           	     -0.313	     -0.090	     -0.137	      0.000	
 08/21-10:12	2302.600	2303.000	2300.800	2303.000	           2827	     57.000	   2304.294	   2312.223	   2310.542	           	     -0.400	     -0.067	     -0.200	      0.000	
 08/21-10:13	2303.400	2304.000	2301.200	2301.800	           2288	     58.000	   2303.846	   2312.153	   2310.406	           	     -0.448	     -0.070	     -0.252	      0.000	
 08/21-10:14	2302.200	2310.000	2300.800	2310.000	           6018	     59.000	   2303.667	   2312.203	   2310.338	           	     -0.179	      0.050	     -0.203	      0.000	
 08/21-10:15	2309.800	2313.000	2306.800	2309.600	          10221	     60.000	   2303.667	   2312.220	   2310.269	           	      0.000	      0.017	     -0.138	      0.000	
 08/21-10:16	2309.800	2312.600	2309.600	2309.800	           5185	     61.000	   2303.614	   2312.050	   2310.208	           	     -0.053	     -0.170	     -0.130	      0.000	
 08/21-10:17	2309.800	2309.800	2307.200	2309.000	           3547	     62.000	   2303.573	   2311.773	   2310.138	           	     -0.041	     -0.277	     -0.130	      0.000	
 08/21-10:18	2309.000	2310.000	2307.600	2308.800	           2207	     63.000	   2303.580	   2311.477	   2310.063	           	      0.007	     -0.297	     -0.145	      0.000	
 08/21-10:19	2309.200	2309.400	2306.400	2307.800	           2870	     64.000	   2303.586	   2311.190	   2309.987	           	      0.006	     -0.287	     -0.152	      0.000	
 08/21-10:20	2307.600	2308.400	2305.800	2306.600	           1943	     65.000	   2303.474	   2310.887	   2309.897	           	     -0.113	     -0.303	     -0.167	      0.000	
 08/21-10:21	2306.600	2309.000	2305.400	2306.400	           2703	     66.000	   2303.446	   2310.596	   2309.810	           	     -0.028	     -0.291	     -0.177	      0.000	
 08/21-10:22	2306.200	2309.200	2306.200	2308.600	           2325	     67.000	   2303.547	   2310.327	   2309.790	           	      0.101	     -0.269	     -0.107	      0.000	
 08/21-10:23	2308.400	2310.800	2306.800	2309.000	           3163	     68.000	   2303.733	   2310.094	   2309.777	           	      0.187	     -0.233	     -0.033	      0.000	
 08/21-10:24	2309.000	2309.000	2304.000	2305.000	           4827	     69.000	   2303.813	   2309.800	   2309.735	           	      0.080	     -0.294	     -0.055	      0.000	
 08/21-10:25	2305.400	2305.400	2300.400	2300.800	           6488	     70.000	   2303.714	   2309.410	   2309.660	           	     -0.100	     -0.390	     -0.117	      0.000	
 08/21-10:26	2300.600	2302.800	2300.400	2301.600	           3289	     71.000	   2303.646	   2308.987	   2309.583	           	     -0.068	     -0.423	     -0.152	      0.000	
 08/21-10:27	2301.800	2304.600	2300.400	2300.400	           2854	     72.000	   2303.453	   2308.553	   2309.497	           	     -0.193	     -0.433	     -0.163	      0.000	
 08/21-10:28	2300.000	2302.000	2299.000	2300.200	           4690	     73.000	   2303.288	   2308.137	   2309.410	           	     -0.166	     -0.416	     -0.173	      0.000	
 08/21-10:29	2300.000	2302.600	2298.600	2301.000	           2759	     74.000	   2303.013	   2307.717	   2309.355	           	     -0.274	     -0.420	     -0.142	      0.000	
 08/21-10:30	2301.000	2303.800	2301.000	2302.200	           2690	     75.000	   2302.794	   2307.286	   2309.273	           	     -0.220	     -0.430	     -0.137	      0.000	
 08/21-10:31	2302.400	2304.400	2302.000	2303.400	           2078	     76.000	   2302.694	   2306.964	   2309.218	           	     -0.100	     -0.323	     -0.137	      0.000	
 08/21-10:32	2303.600	2303.600	2297.000	2298.600	           3905	     77.000	   2302.627	   2306.543	   2309.162	           	     -0.067	     -0.420	     -0.112	      0.000	
 08/21-10:33	2298.600	2304.600	2298.600	2304.600	           3717	     78.000	   2303.048	   2306.304	   2309.140	           	      0.421	     -0.240	     -0.078	      0.000	
 08/21-10:34	2304.800	2309.400	2304.800	2307.600	           6928	     79.000	   2303.473	   2306.040	   2309.133	           	      0.425	     -0.264	     -0.028	      0.000	
 08/21-10:35	2307.400	2308.400	2307.000	2308.400	           2688	     80.000	   2303.921	   2305.877	   2309.135	           	      0.448	     -0.162	     -0.005	      0.000	
 08/21-10:36	2308.000	2308.200	2305.200	2307.400	           3077	     81.000	   2304.353	   2305.700	   2309.132	           	      0.432	     -0.177	     -0.002	      0.000	
 08/21-10:37	2307.800	2309.000	2306.200	2308.200	           3493	     82.000	   2304.753	   2305.590	   2309.125	           	      0.400	     -0.110	     -0.010	      0.000	
 08/21-10:38	2308.000	2310.600	2306.800	2308.200	           3955	     83.000	   2305.159	   2305.500	   2309.098	           	      0.406	     -0.090	     -0.033	      0.000	
 08/21-10:39	2308.400	2308.600	2306.000	2307.600	           2377	     84.000	   2305.420	   2305.380	   2309.110	           	      0.260	     -0.119	     -0.015	      0.000	
 08/21-10:40	2307.800	2310.800	2307.800	2309.600	           3894	     85.000	   2305.594	   2305.301	   2309.155	           	      0.174	     -0.080	      0.057	      0.000	
 08/21-10:41	2309.400	2312.000	2309.200	2309.400	           4857	     86.000	   2305.820	   2305.257	   2309.220	           	      0.226	     -0.044	      0.110	      0.000	
 08/21-10:42	2309.400	2310.600	2307.600	2309.200	           2968	     87.000	   2306.026	   2305.160	   2309.272	           	      0.206	     -0.097	      0.116	      0.000	
 08/21-10:43	2309.000	2312.200	2308.400	2310.200	           3287	     88.000	   2306.306	   2305.076	   2309.335	           	      0.280	     -0.084	      0.115	      0.000	
 08/21-10:44	2310.400	2310.600	2308.600	2309.400	           2266	     89.000	   2306.288	   2304.977	   2309.412	           	     -0.019	     -0.099	      0.140	      0.000	
 08/21-10:45	2309.400	2309.800	2307.400	2307.400	           3176	     90.000	   2306.212	   2304.940	   2309.473	           	     -0.075	     -0.037	      0.138	      0.000	
 08/21-10:46	2307.400	2308.800	2306.600	2307.200	           2360	     91.000	   2306.126	   2304.870	   2309.521	           	     -0.086	     -0.070	      0.110	      0.000	
 08/21-10:47	2307.000	2309.600	2306.600	2309.400	           3182	     92.000	   2306.141	   2304.857	   2309.572	           	      0.015	     -0.013	      0.099	      0.000	
 08/21-10:48	2309.000	2311.200	2304.200	2305.800	           5612	     93.000	   2306.041	   2304.810	   2309.590	           	     -0.100	     -0.046	      0.069	      0.000	
 08/21-10:49	2305.800	2306.200	2302.200	2303.000	           4042	     94.000	   2305.881	   2304.734	   2309.582	           	     -0.159	     -0.076	      0.010	      0.000	
 08/21-10:50	2303.400	2304.400	2302.200	2302.200	           2299	     95.000	   2305.733	   2304.604	   2309.553	           	     -0.148	     -0.130	     -0.037	      0.000	
 08/21-10:51	2302.400	2304.200	2301.200	2301.600	           2397	     96.000	   2305.573	   2304.509	   2309.511	           	     -0.160	     -0.094	     -0.070	      0.000	
 08/21-10:52	2301.800	2303.000	2300.800	2301.600	           2941	     97.000	   2305.340	   2304.443	   2309.465	           	     -0.233	     -0.066	     -0.088	      0.000	
 08/21-10:53	2301.400	2303.600	2301.200	2302.200	           2099	     98.000	   2305.113	   2304.423	   2309.415	           	     -0.227	     -0.020	     -0.097	      0.000	
 08/21-10:54	2302.000	2302.200	2298.000	2298.800	           6642	     99.000	   2304.906	   2304.360	   2309.322	           	     -0.206	     -0.063	     -0.144	      0.000	
 08/21-10:55	2298.600	2298.600	2295.200	2298.400	           6158	    100.000	   2304.826	   2304.270	   2309.225	   2312.885	     -0.080	     -0.090	     -0.190	      0.000	
 08/21-10:56	2298.400	2301.000	2297.800	2299.400	           3353	    101.000	   2304.754	   2304.200	   2309.140	   2312.688	     -0.072	     -0.070	     -0.181	      0.000	
 08/21-10:57	2299.400	2299.400	2297.200	2299.400	           2734	    102.000	   2304.720	   2304.086	   2309.063	   2312.509	     -0.034	     -0.114	     -0.162	      0.000	
 08/21-10:58	2299.200	2300.200	2296.400	2297.400	           3030	    103.000	   2304.627	   2303.957	   2308.970	   2312.315	     -0.093	     -0.129	     -0.170	      0.000	
 08/21-10:59	2297.400	2299.200	2295.600	2298.600	           3278	    104.000	   2304.546	   2303.780	   2308.885	   2312.120	     -0.081	     -0.177	     -0.178	      0.000	
 08/21-11:00	2298.400	2301.200	2297.400	2299.600	           3218	    105.000	   2304.460	   2303.627	   2308.805	   2311.927	     -0.085	     -0.153	     -0.165	      0.000	
 08/21-11:01	2299.600	2302.200	2298.600	2301.400	           2751	    106.000	   2304.393	   2303.543	   2308.745	   2311.752	     -0.068	     -0.084	     -0.140	      0.000	
 08/21-11:02	2301.400	2301.600	2300.000	2301.400	           2036	    107.000	   2304.488	   2303.557	   2308.688	   2311.569	      0.095	      0.014	     -0.117	      0.000	
 08/21-11:03	2301.600	2304.400	2301.600	2302.600	           4161	    108.000	   2304.419	   2303.733	   2308.643	   2311.410	     -0.069	      0.176	     -0.102	      0.000	
 08/21-11:04	2303.200	2305.200	2302.600	2303.400	           2799	    109.000	   2304.281	   2303.877	   2308.614	   2311.270	     -0.137	      0.144	     -0.075	      0.000	
 08/21-11:05	2303.200	2303.200	2298.200	2301.000	           4007	    110.000	   2304.033	   2303.977	   2308.567	   2311.119	     -0.248	      0.100	     -0.076	      0.000	
 08/21-11:06	2301.000	2304.200	2299.200	2299.600	           3088	    111.000	   2303.773	   2304.063	   2308.515	   2310.961	     -0.260	      0.086	     -0.099	      0.000	
 08/21-11:07	2299.800	2304.800	2299.200	2304.800	           2872	    112.000	   2303.660	   2304.207	   2308.505	   2310.826	     -0.113	      0.144	     -0.062	      0.000	
 08/21-11:08	2305.400	2314.600	2305.400	2313.400	          14660	    113.000	   2303.833	   2304.496	   2308.562	   2310.726	      0.173	      0.290	      0.047	      0.000	
 08/21-11:09	2313.600	2317.600	2313.600	2314.600	           8373	    114.000	   2304.067	   2304.743	   2308.607	   2310.647	      0.233	      0.247	      0.102	      0.000	
 08/21-11:10	2314.400	2315.600	2313.400	2314.000	           4449	    115.000	   2304.212	   2304.903	   2308.642	   2310.578	      0.146	      0.160	      0.080	      0.000	
 08/21-11:11	2313.800	2316.400	2313.200	2314.400	           4613	    116.000	   2304.379	   2305.099	   2308.695	   2310.552	      0.167	      0.196	      0.088	      0.000	
 08/21-11:12	2314.200	2316.200	2313.800	2314.400	           3174	    117.000	   2304.554	   2305.290	   2308.757	   2310.522	      0.175	      0.191	      0.115	      0.000	
 08/21-11:13	2314.400	2317.400	2313.400	2314.000	           4508	    118.000	   2304.681	   2305.494	   2308.823	   2310.497	      0.127	      0.204	      0.129	      0.000	
 08/21-11:14	2314.400	2315.800	2313.600	2314.800	           3095	    119.000	   2304.860	   2305.574	   2308.888	   2310.479	      0.179	      0.080	      0.132	      0.000	
 08/21-11:15	2314.800	2315.600	2311.400	2315.400	           5028	    120.000	   2305.127	   2305.670	   2308.945	   2310.458	      0.267	      0.096	      0.122	      0.000	
 08/21-11:16	2315.200	2318.000	2312.400	2312.800	           5512	    121.000	   2305.315	   2305.720	   2308.885	   2310.437	      0.188	      0.051	     -0.003	      0.000	
 08/21-11:17	2312.800	2313.400	2309.800	2311.200	           4980	    122.000	   2305.373	   2305.757	   2308.765	   2310.417	      0.058	      0.037	     -0.180	      0.000	
 08/21-11:18	2311.200	2311.600	2308.800	2309.600	           4167	    123.000	   2305.500	   2305.770	   2308.624	   2310.383	      0.127	      0.013	     -0.262	      0.000	
 08/21-11:19	2309.600	2309.800	2306.600	2307.200	           5289	    124.000	   2305.640	   2305.760	   2308.475	   2310.343	      0.140	     -0.010	     -0.290	      0.000	
 08/21-11:20	2307.400	2308.800	2307.400	2308.400	           2899	    125.000	   2305.846	   2305.790	   2308.338	   2310.303	      0.206	      0.029	     -0.285	      0.000	
 08/21-11:21	2308.200	2311.600	2308.200	2310.400	           3660	    126.000	   2306.142	   2305.857	   2308.227	   2310.287	      0.296	      0.068	     -0.248	      0.000	
 08/21-11:22	2310.400	2311.400	2308.200	2310.800	           2453	    127.000	   2306.446	   2305.893	   2308.110	   2310.273	      0.304	      0.036	     -0.229	      0.000	
 08/21-11:23	2310.800	2312.400	2309.000	2310.800	           2426	    128.000	   2306.733	   2305.923	   2308.008	   2310.260	      0.288	      0.030	     -0.219	      0.000	
 08/21-11:24	2310.800	2316.600	2310.800	2315.400	           5531	    129.000	   2307.288	   2306.097	   2307.948	   2310.263	      0.554	      0.174	     -0.161	      0.000	
 08/21-11:25	2315.400	2320.400	2314.400	2317.800	           8155	    130.000	   2307.933	   2306.380	   2307.895	   2310.289	      0.646	      0.283	     -0.114	      0.000	
 08/21-11:26	2317.800	2319.400	2316.400	2317.200	           3765	    131.000	   2308.527	   2306.641	   2307.813	   2310.294	      0.594	      0.261	     -0.135	      0.000	
 08/21-11:27	2317.400	2319.000	2315.600	2317.800	           3316	    132.000	   2309.140	   2306.930	   2307.741	   2310.304	      0.613	      0.289	     -0.153	      0.000	
 08/21-11:28	2318.000	2318.000	2316.000	2316.200	           1952	    133.000	   2309.767	   2307.197	   2307.667	   2310.303	      0.627	      0.267	     -0.146	      0.000	
 08/21-11:29	2316.000	2317.600	2315.200	2315.200	           2784	    134.000	   2310.321	   2307.433	   2307.575	   2310.295	      0.554	      0.237	     -0.167	      0.000	
 08/21-11:30	2315.200	2316.800	2314.400	2315.800	           3005	    135.000	   2310.860	   2307.660	   2307.473	   2310.282	      0.540	      0.227	     -0.194	      0.000	
 08/21-13:01	2317.000	2317.000	2315.000	2317.000	           2466	    136.000	   2311.381	   2307.887	   2307.425	   2310.280	      0.521	      0.227	     -0.150	      0.000	
 08/21-13:02	2317.000	2317.200	2313.000	2313.800	           2870	    137.000	   2311.792	   2308.140	   2307.341	   2310.262	      0.410	      0.253	     -0.132	      0.000	
 08/21-13:03	2314.000	2314.200	2312.200	2314.000	           2271	    138.000	   2312.173	   2308.296	   2307.300	   2310.248	      0.381	      0.156	     -0.125	      0.000	
 08/21-13:04	2314.000	2314.000	2312.000	2312.800	           1865	    139.000	   2312.485	   2308.383	   2307.211	   2310.233	      0.313	      0.087	     -0.130	      0.000	
 08/21-13:05	2312.600	2313.800	2312.000	2313.200	           1685	    140.000	   2312.892	   2308.462	   2307.170	   2310.214	      0.406	      0.079	     -0.130	      0.000	
 08/21-13:06	2313.400	2315.600	2313.200	2314.400	           1754	    141.000	   2313.387	   2308.580	   2307.140	   2310.203	      0.496	      0.118	     -0.071	      0.000	
 08/21-13:07	2314.600	2315.600	2312.000	2313.200	           2028	    142.000	   2313.667	   2308.664	   2307.126	   2310.179	      0.279	      0.083	     -0.043	      0.000	
 08/21-13:08	2313.200	2313.200	2310.400	2311.600	           3390	    143.000	   2313.608	   2308.721	   2307.110	   2310.157	     -0.058	      0.057	     -0.030	      0.000	
 08/21-13:09	2311.200	2311.600	2310.000	2310.800	           2671	    144.000	   2313.479	   2308.773	   2307.077	   2310.127	     -0.129	      0.052	     -0.050	      0.000	
 08/21-13:10	2310.600	2312.800	2310.200	2311.000	           2140	    145.000	   2313.379	   2308.796	   2307.048	   2310.106	     -0.100	      0.023	     -0.062	      0.000	
 08/21-13:11	2311.000	2313.800	2310.600	2312.200	           2444	    146.000	   2313.308	   2308.844	   2307.050	   2310.095	     -0.071	      0.048	     -0.026	      0.000	
 08/21-13:12	2312.800	2315.200	2311.800	2314.600	           3140	    147.000	   2313.313	   2308.933	   2307.047	   2310.093	      0.004	      0.090	     -0.001	      0.000	
 08/21-13:13	2314.600	2315.000	2313.200	2314.600	           1458	    148.000	   2313.333	   2309.007	   2307.042	   2310.090	      0.021	      0.074	     -0.009	      0.000	
 08/21-13:14	2314.600	2317.000	2314.600	2316.200	           3491	    149.000	   2313.379	   2309.120	   2307.048	   2310.086	      0.046	      0.113	      0.002	      0.000	
 08/21-13:15	2316.600	2317.000	2315.600	2317.000	           2496	    150.000	   2313.433	   2309.280	   2307.110	   2310.089	      0.054	      0.160	      0.068	      0.000	
 08/21-13:16	2317.200	2317.800	2314.400	2315.200	           2861	    151.000	   2313.512	   2309.414	   2307.142	   2310.085	      0.079	      0.133	      0.093	      0.000	
 08/21-13:17	2315.200	2315.800	2313.600	2315.000	           1984	    152.000	   2313.640	   2309.506	   2307.181	   2310.081	      0.127	      0.093	      0.072	      0.000	
 08/21-13:18	2314.800	2316.000	2312.200	2312.200	           2784	    153.000	   2313.725	   2309.613	   2307.211	   2310.061	      0.085	      0.106	      0.070	      0.000	
 08/21-13:19	2312.200	2314.000	2312.200	2312.800	           1809	    154.000	   2313.913	   2309.776	   2307.255	   2310.042	      0.188	      0.164	      0.073	      0.000	
 08/21-13:20	2312.800	2313.800	2311.200	2311.200	           2918	    155.000	   2314.006	   2309.926	   2307.265	   2310.018	      0.094	      0.150	      0.053	      0.000	
 08/21-13:21	2311.400	2311.600	2305.400	2306.000	           7946	    156.000	   2313.858	   2310.000	   2307.255	   2309.974	     -0.148	      0.074	     -0.000	      0.000	
 08/21-13:22	2305.800	2306.800	2303.000	2303.800	           6577	    157.000	   2313.627	   2310.036	   2307.240	   2309.926	     -0.231	      0.036	     -0.025	      0.000	
 08/21-13:23	2304.200	2305.200	2303.800	2304.800	           2713	    158.000	   2313.427	   2310.080	   2307.251	   2309.881	     -0.200	      0.044	     -0.003	      0.000	
 08/21-13:24	2304.600	2304.800	2302.200	2304.800	           3092	    159.000	   2313.073	   2310.180	   2307.270	   2309.845	     -0.354	      0.100	      0.030	      0.000	
 08/21-13:25	2304.600	2305.400	2303.200	2304.600	           2608	    160.000	   2312.633	   2310.283	   2307.277	   2309.825	     -0.440	      0.103	      0.025	      0.000	
 08/21-13:26	2304.400	2305.800	2303.800	2305.400	           2312	    161.000	   2312.240	   2310.383	   2307.292	   2309.808	     -0.394	      0.100	      0.022	      0.000	
 08/21-13:27	2305.200	2305.800	2304.000	2305.800	           1540	    162.000	   2311.842	   2310.491	   2307.289	   2309.797	     -0.398	      0.107	      0.012	      0.000	
 08/21-13:28	2305.400	2305.800	2303.600	2304.000	           2197	    163.000	   2311.433	   2310.600	   2307.279	   2309.784	     -0.408	      0.109	     -0.013	      0.000	
 08/21-13:29	2304.000	2311.800	2304.000	2310.800	           5749	    164.000	   2311.285	   2310.803	   2307.292	   2309.800	     -0.148	      0.203	      0.003	      0.000	
 08/21-13:30	2310.600	2313.800	2310.200	2313.200	           6293	    165.000	   2311.200	   2311.030	   2307.329	   2309.819	     -0.085	      0.227	      0.050	      0.000	
 08/21-13:31	2314.000	2314.400	2312.200	2312.600	           3543	    166.000	   2311.052	   2311.217	   2307.380	   2309.829	     -0.148	      0.186	      0.088	      0.000	
 08/21-13:32	2312.600	2313.000	2309.600	2309.600	           3256	    167.000	   2310.915	   2311.353	   2307.455	   2309.819	     -0.137	      0.136	      0.127	      0.000	
 08/21-13:33	2309.800	2311.800	2309.600	2310.200	           2648	    168.000	   2310.788	   2311.480	   2307.607	   2309.805	     -0.127	      0.127	      0.227	      0.000	
 08/21-13:34	2310.600	2311.800	2308.200	2311.000	           2868	    169.000	   2310.727	   2311.606	   2307.742	   2309.796	     -0.061	      0.126	      0.286	      0.000	
 08/21-13:35	2311.000	2311.200	2309.000	2310.000	           1744	    170.000	   2310.621	   2311.756	   2307.867	   2309.788	     -0.106	      0.150	      0.260	      0.000	
 08/21-13:36	2310.000	2311.800	2309.200	2310.200	           1968	    171.000	   2310.479	   2311.933	   2307.998	   2309.781	     -0.142	      0.177	      0.257	      0.000	
 08/21-13:37	2310.000	2310.400	2305.000	2305.000	           3993	    172.000	   2310.206	   2311.937	   2308.072	   2309.752	     -0.273	      0.003	      0.205	      0.000	
 08/21-13:38	2305.200	2308.400	2305.200	2308.000	           2207	    173.000	   2310.085	   2311.847	   2308.172	   2309.734	     -0.121	     -0.090	      0.173	      0.000	
 08/21-13:39	2308.000	2308.800	2305.000	2306.200	           2713	    174.000	   2309.933	   2311.706	   2308.225	   2309.698	     -0.152	     -0.141	      0.153	      0.000	
 08/21-13:40	2306.200	2306.400	2303.000	2304.200	           4377	    175.000	   2309.708	   2311.544	   2308.223	   2309.657	     -0.225	     -0.163	      0.052	      0.000	
 08/21-13:41	2304.000	2305.000	2302.400	2302.400	           3646	    176.000	   2309.379	   2311.344	   2308.222	   2309.612	     -0.329	     -0.200	     -0.003	      0.000	
 08/21-13:42	2302.200	2304.000	2301.600	2304.000	           3790	    177.000	   2309.027	   2311.170	   2308.230	   2309.568	     -0.352	     -0.174	      0.007	      0.000	
 08/21-13:43	2304.000	2304.400	2302.000	2303.000	           2186	    178.000	   2308.640	   2310.987	   2308.240	   2309.512	     -0.387	     -0.183	      0.018	      0.000	
 08/21-13:44	2303.400	2304.800	2302.800	2303.600	           2278	    179.000	   2308.221	   2310.800	   2308.187	   2309.462	     -0.419	     -0.187	     -0.043	      0.000	
 08/21-13:45	2303.400	2306.200	2303.400	2304.800	           2882	    180.000	   2307.813	   2310.623	   2308.146	   2309.423	     -0.408	     -0.177	     -0.094	      0.000	
 08/21-13:46	2304.800	2305.400	2302.600	2303.800	           3171	    181.000	   2307.433	   2310.473	   2308.097	   2309.385	     -0.379	     -0.150	     -0.090	      0.000	
 08/21-13:47	2303.600	2303.800	2301.000	2303.000	           3566	    182.000	   2307.033	   2310.336	   2308.047	   2309.347	     -0.400	     -0.136	     -0.100	      0.000	
 08/21-13:48	2303.200	2305.200	2302.800	2303.800	           2314	    183.000	   2306.754	   2310.240	   2308.005	   2309.309	     -0.279	     -0.097	     -0.092	      0.000	
 08/21-13:49	2303.600	2305.400	2303.600	2304.600	           1800	    184.000	   2306.481	   2310.197	   2307.979	   2309.279	     -0.273	     -0.043	     -0.068	      0.000	
 08/21-13:50	2304.800	2306.600	2304.400	2305.200	           2931	    185.000	   2306.281	   2310.144	   2307.967	   2309.256	     -0.200	     -0.053	     -0.038	      0.000	
 08/21-13:51	2305.200	2306.400	2304.600	2304.800	           2086	    186.000	   2306.242	   2310.050	   2307.954	   2309.225	     -0.040	     -0.094	     -0.025	      0.000	
 08/21-13:52	2304.600	2306.600	2304.200	2306.200	           1824	    187.000	   2306.321	   2309.974	   2307.933	   2309.182	      0.079	     -0.076	     -0.033	      0.000	
 08/21-13:53	2306.200	2306.200	2302.000	2303.800	          10309	    188.000	   2306.288	   2309.857	   2307.890	   2309.125	     -0.033	     -0.117	     -0.063	      0.000	
 08/21-13:54	2304.000	2304.200	2301.400	2302.200	           2318	    189.000	   2306.200	   2309.636	   2307.867	   2309.061	     -0.088	     -0.221	     -0.067	      0.000	
 08/21-13:55	2302.200	2302.600	2300.200	2302.000	           3255	    190.000	   2306.115	   2309.374	   2307.877	   2308.997	     -0.085	     -0.262	     -0.013	      0.000	
 08/21-13:56	2301.800	2302.400	2299.600	2300.800	           2917	    191.000	   2305.960	   2309.100	   2307.870	   2308.932	     -0.154	     -0.274	      0.004	      0.000	
 08/21-13:57	2301.000	2303.200	2300.800	2302.800	           2610	    192.000	   2305.858	   2308.850	   2307.890	   2308.874	     -0.102	     -0.250	      0.013	      0.000	
 08/21-13:58	2303.200	2304.400	2302.400	2303.000	           2677	    193.000	   2305.825	   2308.629	   2307.913	   2308.814	     -0.033	     -0.221	      0.043	      0.000	
 08/21-13:59	2302.800	2304.400	2302.400	2303.600	           1716	    194.000	   2305.587	   2308.437	   2307.935	   2308.761	     -0.238	     -0.193	      0.045	      0.000	
 08/21-14:00	2303.600	2304.000	2300.800	2302.600	           2555	    195.000	   2305.233	   2308.217	   2307.938	   2308.702	     -0.354	     -0.220	      0.025	      0.000	
 08/21-14:01	2302.800	2303.600	2301.200	2302.400	           1714	    196.000	   2304.894	   2307.973	   2307.930	   2308.644	     -0.340	     -0.244	     -0.005	      0.000	
 08/21-14:02	2302.400	2302.800	2299.000	2300.000	           3647	    197.000	   2304.573	   2307.744	   2307.942	   2308.600	     -0.321	     -0.229	      0.003	      0.000	
 08/21-14:03	2300.400	2301.600	2298.000	2299.400	           3743	    198.000	   2304.212	   2307.500	   2307.898	   2308.555	     -0.361	     -0.244	     -0.032	      0.000	
 08/21-14:04	2299.400	2300.400	2298.000	2299.200	           2661	    199.000	   2303.821	   2307.274	   2307.829	   2308.512	     -0.392	     -0.226	     -0.113	      0.000	
 08/21-14:05	2299.200	2300.000	2298.600	2299.000	           2110	    200.000	   2303.454	   2307.038	   2307.750	   2308.469	     -0.367	     -0.236	     -0.148	      0.000	
 08/21-14:06	2299.000	2300.600	2296.600	2298.400	           3836	    201.000	   2303.060	   2306.770	   2307.675	   2308.419	     -0.394	     -0.268	     -0.154	      0.000	
 08/21-14:07	2298.200	2298.800	2296.400	2297.600	           2793	    202.000	   2302.815	   2306.510	   2307.587	   2308.366	     -0.246	     -0.259	     -0.163	      0.000	
 08/21-14:08	2297.600	2298.200	2296.200	2297.400	           2656	    203.000	   2302.460	   2306.273	   2307.497	   2308.314	     -0.354	     -0.238	     -0.178	      0.000	
 08/21-14:09	2297.400	2297.800	2293.400	2293.800	           5074	    204.000	   2302.048	   2305.991	   2307.382	   2308.259	     -0.413	     -0.282	     -0.205	      0.000	
 08/21-14:10	2293.800	2296.200	2293.000	2293.800	           4112	    205.000	   2301.700	   2305.704	   2307.250	   2308.186	     -0.348	     -0.287	     -0.247	      0.000	
 08/21-14:11	2293.800	2296.800	2293.600	2296.800	           3408	    206.000	   2301.512	   2305.446	   2307.145	   2308.133	     -0.188	     -0.258	     -0.237	      0.000	
 08/21-14:12	2296.800	2299.000	2296.800	2297.600	           4528	    207.000	   2301.300	   2305.164	   2307.048	   2308.102	     -0.212	     -0.282	     -0.202	      0.000	
 08/21-14:13	2297.600	2298.800	2297.200	2298.000	           1667	    208.000	   2301.133	   2304.886	   2306.947	   2308.065	     -0.167	     -0.277	     -0.198	      0.000	
 08/21-14:14	2298.200	2299.200	2298.000	2298.000	           1941	    209.000	   2300.946	   2304.583	   2306.852	   2308.023	     -0.188	     -0.303	     -0.197	      0.000	
 08/21-14:15	2298.000	2298.400	2296.600	2297.800	           2153	    210.000	   2300.715	   2304.263	   2306.772	   2307.982	     -0.231	     -0.320	     -0.175	      0.000	
 08/21-14:16	2297.800	2300.000	2297.600	2300.000	           3196	    211.000	   2300.587	   2304.010	   2306.712	   2307.950	     -0.127	     -0.253	     -0.140	      0.000	
 08/21-14:17	2300.000	2301.400	2299.000	2300.600	           3390	    212.000	   2300.506	   2303.770	   2306.638	   2307.917	     -0.081	     -0.241	     -0.134	      0.000	
 08/21-14:18	2301.000	2302.000	2300.000	2302.000	           2819	    213.000	   2300.446	   2303.600	   2306.606	   2307.879	     -0.061	     -0.170	     -0.106	      0.000	
 08/21-14:19	2302.000	2303.800	2300.800	2303.800	           4433	    214.000	   2300.419	   2303.450	   2306.613	   2307.869	     -0.027	     -0.150	     -0.025	      0.000	
 08/21-14:20	2304.200	2305.200	2303.400	2303.800	           4762	    215.000	   2300.373	   2303.327	   2306.626	   2307.868	     -0.046	     -0.123	      0.020	      0.000	
 08/21-14:21	2304.000	2305.000	2302.800	2302.800	           2939	    216.000	   2300.306	   2303.274	   2306.637	   2307.873	     -0.067	     -0.053	      0.024	      0.000	
 08/21-14:22	2302.600	2302.800	2300.800	2301.600	           3226	    217.000	   2300.152	   2303.237	   2306.636	   2307.867	     -0.154	     -0.037	      0.010	      0.000	
 08/21-14:23	2301.800	2302.400	2301.000	2301.600	           1940	    218.000	   2300.079	   2303.183	   2306.632	   2307.863	     -0.073	     -0.053	     -0.005	      0.000	
 08/21-14:24	2301.800	2302.600	2301.000	2302.200	           2049	    219.000	   2300.079	   2303.140	   2306.660	   2307.871	      0.000	     -0.044	      0.023	      0.000	
 08/21-14:25	2302.000	2302.600	2301.000	2302.600	           1811	    220.000	   2300.100	   2303.107	   2306.695	   2307.882	      0.021	     -0.032	      0.063	      0.000	
 08/21-14:26	2302.400	2306.400	2302.400	2304.200	           4907	    221.000	   2300.212	   2303.086	   2306.735	   2307.893	      0.112	     -0.021	      0.075	      0.000	
 08/21-14:27	2304.000	2305.000	2303.600	2305.000	           2004	    222.000	   2300.288	   2303.073	   2306.782	   2307.899	      0.075	     -0.013	      0.086	      0.000	
 08/21-14:28	2305.000	2305.000	2301.200	2301.800	           3541	    223.000	   2300.248	   2303.036	   2306.818	   2307.892	     -0.040	     -0.037	      0.083	      0.000	
 08/21-14:29	2301.800	2303.000	2301.400	2303.000	           1669	    224.000	   2300.227	   2302.907	   2306.855	   2307.888	     -0.021	     -0.129	      0.073	      0.000	
 08/21-14:30	2303.000	2303.200	2301.200	2301.600	           2115	    225.000	   2300.192	   2302.712	   2306.871	   2307.872	     -0.035	     -0.195	      0.053	      0.000	
 08/21-14:31	2301.600	2302.400	2301.200	2302.200	           1518	    226.000	   2300.188	   2302.541	   2306.879	   2307.854	     -0.004	     -0.172	      0.023	      0.000	
 08/21-14:32	2302.200	2302.600	2300.200	2300.400	           2174	    227.000	   2300.200	   2302.386	   2306.870	   2307.827	      0.012	     -0.154	     -0.001	      0.000	
 08/21-14:33	2300.400	2300.400	2298.000	2299.600	           3954	    228.000	   2300.208	   2302.210	   2306.845	   2307.793	      0.008	     -0.176	     -0.033	      0.000	
 08/21-14:34	2299.600	2301.800	2299.400	2301.800	           2124	    229.000	   2300.292	   2302.056	   2306.831	   2307.760	      0.083	     -0.154	     -0.039	      0.000	
 08/21-14:35	2301.800	2306.200	2301.600	2305.000	           6507	    230.000	   2300.492	   2301.973	   2306.865	   2307.740	      0.200	     -0.083	      0.019	      0.000	
 08/21-14:36	2305.000	2305.600	2303.400	2304.800	           2781	    231.000	   2300.706	   2301.883	   2306.908	   2307.721	      0.215	     -0.090	      0.077	      0.000	
 08/21-14:37	2304.800	2305.200	2304.000	2304.600	           1467	    232.000	   2300.940	   2301.877	   2306.907	   2307.705	      0.233	     -0.006	      0.042	      0.000	
 08/21-14:38	2305.000	2308.000	2304.400	2306.400	           5059	    233.000	   2301.240	   2301.850	   2306.848	   2307.696	      0.300	     -0.027	     -0.060	      0.000	
 08/21-14:39	2306.800	2311.000	2306.800	2309.400	           6962	    234.000	   2301.760	   2301.904	   2306.805	   2307.698	      0.521	      0.054	     -0.102	      0.000	
 08/21-14:40	2309.200	2311.800	2309.200	2310.000	           4225	    235.000	   2302.300	   2302.000	   2306.772	   2307.702	      0.540	      0.096	     -0.076	      0.000	
 08/21-14:41	2310.200	2310.800	2309.400	2310.000	           2456	    236.000	   2302.742	   2302.127	   2306.735	   2307.707	      0.442	      0.127	     -0.070	      0.000	
 08/21-14:42	2310.400	2310.600	2309.000	2309.600	           2755	    237.000	   2303.140	   2302.220	   2306.695	   2307.713	      0.398	      0.093	     -0.077	      0.000	
 08/21-14:43	2309.400	2310.000	2308.600	2309.600	           1942	    238.000	   2303.527	   2302.330	   2306.658	   2307.719	      0.387	      0.111	     -0.077	      0.000	
 08/21-14:44	2309.600	2310.000	2308.600	2308.800	           1835	    239.000	   2303.887	   2302.417	   2306.608	   2307.727	      0.360	      0.086	     -0.086	      0.000	
 08/21-14:45	2309.200	2310.800	2308.600	2310.800	           2688	    240.000	   2304.319	   2302.517	   2306.570	   2307.743	      0.431	      0.100	     -0.089	      0.000	
 08/21-14:46	2311.000	2311.600	2307.200	2307.200	           4795	    241.000	   2304.560	   2302.574	   2306.523	   2307.749	      0.241	      0.057	     -0.085	      0.000	
 08/21-14:47	2307.000	2308.200	2306.400	2306.800	           2840	    242.000	   2304.767	   2302.636	   2306.487	   2307.752	      0.206	      0.063	     -0.083	      0.000	
 08/21-14:48	2306.800	2307.600	2306.400	2306.800	           1851	    243.000	   2304.927	   2302.687	   2306.463	   2307.753	      0.160	      0.050	     -0.060	      0.000	
 08/21-14:49	2306.800	2309.000	2306.800	2307.200	           2681	    244.000	   2305.040	   2302.729	   2306.463	   2307.745	      0.113	      0.043	     -0.023	      0.000	
 08/21-14:50	2307.200	2308.800	2307.000	2308.400	           1751	    245.000	   2305.194	   2302.783	   2306.464	   2307.739	      0.154	      0.054	      0.000	      0.000	
 08/21-14:51	2308.600	2309.600	2307.600	2308.400	           2019	    246.000	   2305.379	   2302.843	   2306.446	   2307.741	      0.185	      0.059	     -0.017	      0.000	
 08/21-14:52	2308.200	2309.600	2307.200	2308.800	           1971	    247.000	   2305.621	   2302.886	   2306.430	   2307.748	      0.242	      0.044	     -0.033	      0.000	
 08/21-14:53	2309.000	2310.600	2308.600	2309.600	           2606	    248.000	   2305.887	   2302.983	   2306.420	   2307.762	      0.267	      0.097	     -0.026	      0.000	
 08/21-14:54	2309.600	2312.000	2309.400	2311.000	           3374	    249.000	   2306.181	   2303.130	   2306.383	   2307.779	      0.294	      0.147	     -0.047	      0.000	
 08/21-14:55	2310.800	2311.600	2310.400	2311.600	           1876	    250.000	   2306.479	   2303.290	   2306.332	   2307.790	      0.298	      0.159	     -0.089	      0.000	
 08/21-14:56	2311.400	2311.600	2309.600	2310.600	           1974	    251.000	   2306.694	   2303.453	   2306.277	   2307.753	      0.215	      0.164	     -0.107	      0.000	
 08/21-14:57	2310.600	2310.800	2309.200	2309.800	           1398	    252.000	   2306.854	   2303.571	   2306.210	   2307.690	      0.160	      0.118	     -0.121	      0.000	
 08/21-14:58	2309.600	2310.400	2309.200	2310.000	           1276	    253.000	   2307.127	   2303.688	   2306.158	   2307.623	      0.273	      0.117	     -0.118	      0.000	
 08/21-14:59	2309.800	2311.600	2309.600	2311.200	           1688	    254.000	   2307.400	   2303.813	   2306.125	   2307.568	      0.273	      0.126	     -0.085	      0.000	
 08/21-15:00	2311.200	2312.400	2310.800	2310.800	           2329	    255.000	   2307.708	   2303.950	   2306.083	   2307.512	      0.308	      0.136	     -0.075	      0.000	
 08/21-15:01	2310.800	2313.000	2310.600	2311.400	           3253	    256.000	   2308.012	   2304.100	   2306.036	   2307.462	      0.304	      0.150	     -0.089	      0.000	
 08/21-15:02	2311.600	2312.200	2310.400	2311.800	           2061	    257.000	   2308.394	   2304.297	   2306.020	   2307.410	      0.381	      0.197	     -0.063	      0.000	
 08/21-15:03	2311.600	2312.000	2310.800	2311.600	           1030	    258.000	   2308.792	   2304.500	   2306.000	   2307.365	      0.398	      0.203	     -0.036	      0.000	
 08/21-15:04	2311.800	2312.200	2310.600	2311.200	           1429	    259.000	   2309.108	   2304.700	   2305.987	   2307.319	      0.317	      0.200	     -0.033	      0.000	
 08/21-15:05	2311.000	2311.400	2310.000	2310.200	           1406	    260.000	   2309.281	   2304.886	   2305.962	   2307.263	      0.173	      0.187	     -0.038	      0.000	
 08/21-15:06	2310.000	2311.800	2309.800	2311.600	           1661	    261.000	   2309.506	   2305.106	   2305.938	   2307.201	      0.225	      0.220	     -0.049	      0.000	
 08/21-15:07	2311.800	2313.800	2311.000	2312.600	           3472	    262.000	   2309.773	   2305.356	   2305.933	   2307.146	      0.267	      0.250	     -0.029	      0.000	
 08/21-15:08	2312.800	2314.000	2312.600	2312.800	           1606	    263.000	   2309.988	   2305.614	   2305.943	   2307.097	      0.215	      0.257	      0.005	      0.000	
 08/21-15:09	2312.800	2314.000	2312.400	2313.400	           1557	    264.000	   2310.119	   2305.940	   2305.965	   2307.045	      0.131	      0.326	      0.032	      0.000	
 08/21-15:10	2313.200	2314.000	2313.000	2313.000	           1617	    265.000	   2310.219	   2306.259	   2305.982	   2306.986	      0.100	      0.320	      0.039	      0.000	
 08/21-15:11	2313.000	2314.800	2312.000	2314.400	           2567	    266.000	   2310.367	   2306.554	   2306.000	   2306.952	      0.148	      0.295	      0.035	      0.000	
 08/21-15:12	2314.400	2315.200	2313.800	2314.000	           2560	    267.000	   2310.515	   2306.827	   2305.995	   2306.913	      0.148	      0.273	      0.014	      0.000	
 08/21-15:13	2314.000	2315.200	2313.800	2314.400	           1541	    268.000	   2310.673	   2307.100	   2305.993	   2306.894	      0.158	      0.273	     -0.007	      0.000	
 08/21-15:14	2314.400	2315.800	2314.000	2314.000	           2687	    269.000	   2310.846	   2307.367	   2305.975	   2306.857	      0.173	      0.267	     -0.020	      0.000	
 08/21-15:15	2314.000	2315.000	2313.400	2314.000	           3771	    270.000	   2310.954	   2307.636	   2305.950	   2306.840	      0.108	      0.270	     -0.043	      0.000	