 06/04-09:16	2597.000	2599.000	2595.200	2596.000	           4309	      1.000	           	           	           	           	   2597.273	   2596.046	   2599.725	           	           	      0.000	      0.000	      0.000	      0.000	      0.000	      0.000	      0.000	      0.000	      0.000	      0.000	
 06/04-09:17	2596.000	2598.200	2595.600	2597.600	           1940	      2.000	           	           	           	           	   2597.326	   2596.023	   2599.638	           	           	      0.000	      0.000	      0.000	      0.000	      0.000	      0.000	      0.000	      0.000	      0.000	      0.000	
 06/04-09:18	2597.800	2597.800	2594.000	2594.000	           2215	      3.000	           	           	           	           	   2597.253	   2595.967	   2599.543	           	           	      0.000	      0.000	      0.000	      0.000	      0.000	      0.000	      0.000	      0.000	      0.000	      0.000	
 06/04-09:19	2594.000	2595.600	2593.000	2593.600	           2116	      4.000	           	           	           	           	   2597.180	   2595.937	   2599.444	           	           	      0.000	      0.000	      0.000	      0.000	      0.000	      0.000	      0.000	      0.000	      0.000	      0.000	
 06/04-09:20	2593.400	2594.600	2592.200	2592.800	           1758	      5.000	           	           	           	           	   2597.093	   2595.867	   2599.345	           	           	      0.000	      0.000	      0.000	      0.000	      0.000	      0.000	      0.000	      0.000	      0.000	      0.000	
 06/04-09:21	2592.800	2593.800	2592.600	2592.800	           1355	      6.000	           	           	           	           	   2597.013	   2595.823	   2599.245	           	           	      0.000	      0.000	      0.000	      0.000	      0.000	      0.000	      0.000	      0.000	      0.000	      0.000	
 06/04-09:22	2592.800	2593.400	2592.400	2592.800	            883	      7.000	           	           	           	           	   2596.933	   2595.756	   2599.138	           	           	      0.000	      0.000	      0.000	      0.000	      0.000	      0.000	      0.000	      0.000	      0.000	      0.000	
 06/04-09:23	2593.200	2593.800	2592.800	2592.800	            934	      8.000	           	           	           	           	   2596.833	   2595.680	   2599.045	           	           	      0.000	      0.000	      0.000	      0.000	      0.000	      0.000	      0.000	      0.000	      0.000	      0.000	
 06/04-09:24	2592.800	2594.000	2591.600	2593.600	           1776	      9.000	           	           	           	           	   2596.640	   2595.613	   2598.970	           	           	      0.000	      0.000	      0.000	      0.000	      0.000	      0.000	      0.000	      0.000	      0.000	      0.000	
 06/04-09:25	2593.400	2593.400	2591.200	2591.400	           1857	     10.000	           	           	           	           	   2596.427	   2595.510	   2598.872	           	           	      0.000	      0.000	      0.000	      0.000	      0.000	      0.000	      0.000	      0.000	      0.000	      0.000	
 06/04-09:26	2591.600	2592.400	2591.200	2591.600	           1493	     11.000	           	           	           	           	   2596.233	   2595.470	   2598.775	           	           	      0.000	      0.000	      0.000	      0.000	      0.000	      0.000	      0.000	      0.000	      0.000	      0.000	
 06/04-09:27	2591.600	2592.200	2587.000	2587.000	           2947	     12.000	           	           	           	           	   2595.914	   2595.340	   2598.643	           	           	      0.000	      0.000	      0.000	      0.000	      0.000	      0.000	      0.000	      0.000	      0.000	      0.000	
 06/04-09:28	2586.200	2587.000	2583.000	2583.800	           6870	     13.000	           	           	           	           	   2595.474	   2595.164	   2598.485	           	           	      0.000	      0.000	      0.000	      0.000	      0.000	      0.000	      0.000	      0.000	      0.000	      0.000	
 06/04-09:29	2584.000	2585.200	2583.400	2584.400	           2460	     14.000	           	           	           	           	   2595.054	   2594.990	   2598.332	           	           	      0.000	      0.000	      0.000	      0.000	      0.000	      0.000	      0.000	      0.000	      0.000	      0.000	
 06/04-09:30	2584.400	2585.200	2582.200	2584.200	           3947	     15.000	           	           	           	           	   2594.600	   2594.827	   2598.183	           	           	      0.000	      0.000	      0.000	      0.000	      0.000	      0.000	      0.000	      0.000	      0.000	      0.000	
 06/04-09:31	2583.800	2586.000	2583.400	2583.600	           3072	     16.000	           	           	           	           	   2594.120	   2594.690	   2598.023	           	           	      0.000	      0.000	      0.000	      0.000	      0.000	      0.000	      0.000	      0.000	      0.000	      0.000	
 06/04-09:32	2583.600	2583.600	2579.200	2581.600	           5333	     17.000	           	           	           	           	   2593.540	   2594.487	   2597.832	           	           	      0.000	      0.000	      0.000	      0.000	      1.000	      0.000	      0.000	      0.000	      0.000	      0.000	
 06/04-09:33	2582.000	2584.000	2582.000	2583.200	           1869	     18.000	           	           	           	           	   2593.007	   2594.307	   2597.648	           	           	      0.000	      0.000	      0.000	      0.000	      0.000	      0.000	      0.000	      0.000	      0.000	      0.000	
 06/04-09:34	2583.400	2585.600	2583.400	2585.200	           2274	     19.000	           	           	           	           	   2592.547	   2594.157	   2597.505	           	           	      0.000	      0.000	      0.000	      0.000	      0.000	      0.000	      0.000	      0.000	      0.000	      0.000	
 06/04-09:35	2585.400	2585.400	2583.400	2583.400	           1522	     20.000	           	           	           	           	   2592.047	   2594.000	   2597.342	           	           	      0.000	      0.000	      0.000	      0.000	      0.000	      0.000	      0.000	      0.000	      0.000	      0.000	
 06/04-09:36	2583.000	2585.200	2581.600	2584.600	           2337	     21.000	           	           	           	           	   2591.573	   2593.857	   2597.182	           	           	      0.000	      0.000	      0.000	      0.000	      0.000	      0.000	      0.000	      0.000	      0.000	      0.000	
 06/04-09:37	2584.400	2585.200	2584.000	2584.800	           1516	     22.000	           	           	           	           	   2591.120	   2593.737	   2597.038	           	           	      0.000	      0.000	      0.000	      0.000	      0.000	      0.000	      0.000	      0.000	      0.000	      0.000	
 06/04-09:38	2584.800	2586.000	2584.200	2585.400	           2176	     23.000	           	           	           	           	   2590.688	   2593.617	   2596.900	           	           	      0.000	      0.000	      0.000	      0.000	      0.000	      0.000	      0.000	      0.000	      0.000	      0.000	
 06/04-09:39	2585.600	2585.600	2583.000	2583.000	           1918	     24.000	           	           	           	           	   2590.180	   2593.470	   2596.742	           	           	      0.000	      0.000	      0.000	      0.000	      0.000	      0.000	      0.000	      0.000	      0.000	      0.000	
 06/04-09:40	2583.000	2583.200	2581.200	2582.400	           2907	     25.000	           	           	           	           	   2589.667	   2593.286	   2596.597	           	           	      0.000	      0.000	      0.000	      0.000	      0.000	      0.000	      0.000	      0.000	      0.000	      0.000	
 06/04-09:41	2582.800	2583.200	2581.000	2582.400	           2404	     26.000	           	           	           	           	   2589.167	   2593.103	   2596.448	           	           	      0.000	      0.000	      0.000	      0.000	      0.000	      0.000	      0.000	      0.000	      0.000	      0.000	
 06/04-09:42	2582.200	2582.800	2577.200	2577.400	           5331	     27.000	           	           	           	           	   2588.527	   2592.830	   2596.230	           	           	      0.000	      0.000	      0.000	      0.000	      0.000	      0.000	      0.000	      0.000	      0.000	      0.000	
 06/04-09:43	2578.000	2581.200	2578.000	2581.000	           3141	     28.000	           	           	           	           	   2588.013	   2592.610	   2596.050	           	           	      0.000	      0.000	      0.000	      0.000	      0.000	      0.000	      0.000	      0.000	      0.000	      0.000	
 06/04-09:44	2581.000	2582.000	2581.000	2581.000	           2010	     29.000	           	           	           	           	   2587.480	   2592.347	   2595.875	           	           	      0.000	      0.000	      0.000	      0.000	      0.000	      0.000	      0.000	      0.000	      0.000	      0.000	
 06/04-09:45	2581.000	2581.200	2578.200	2581.200	           3311	     30.000	           	           	           	           	   2586.953	   2592.113	   2595.697	           	           	      0.000	      0.000	      0.000	      0.000	      0.000	      0.000	      0.000	      0.000	      0.000	      0.000	
 06/04-09:46	2581.000	2582.600	2580.800	2582.600	           2405	     31.000	           	           	           	           	   2586.507	   2591.890	   2595.522	           	           	      0.000	      0.000	      0.000	      0.000	      0.000	      0.000	      0.000	      0.000	      0.000	      0.000	
 06/04-09:47	2582.600	2583.400	2582.000	2582.000	           1871	     32.000	           	           	           	           	   2585.988	   2591.657	   2595.338	           	           	      0.000	      0.000	      0.000	      0.000	      0.000	      0.000	      0.000	      0.000	      0.000	      0.000	
 06/04-09:48	2582.400	2582.400	2580.800	2581.400	           1260	     33.000	           	           	           	           	   2585.567	   2591.410	   2595.152	           	           	      0.000	      0.000	      0.000	      0.000	      0.000	      0.000	      0.000	      0.000	      0.000	      0.000	
 06/04-09:49	2581.600	2582.000	2575.800	2579.600	           5260	     34.000	           	           	           	           	   2585.100	   2591.140	   2594.969	           	           	      0.000	      0.000	      0.000	      0.000	      1.000	      0.000	      0.000	      0.000	      0.000	      0.000	
 06/04-09:50	2579.600	2581.400	2576.600	2576.600	           3466	     35.000	           	           	           	           	   2584.559	   2590.826	   2594.755	           	           	      0.000	      0.000	      0.000	      0.000	      0.000	      0.000	      0.000	      0.000	      0.000	      0.000	
 06/04-09:51	2576.600	2578.200	2575.000	2575.000	           3498	     36.000	           	           	           	           	   2583.966	   2590.490	   2594.507	           	           	      0.000	      0.000	      0.000	      0.000	      0.000	      0.000	      0.000	      0.000	      0.000	      0.000	
 06/04-09:52	2575.000	2575.000	2572.200	2573.600	           7367	     37.000	           	           	           	           	   2583.327	   2590.130	   2594.255	           	           	      0.000	      0.000	      0.000	      0.000	      0.000	      0.000	      0.000	      0.000	      0.000	      0.000	
 06/04-09:53	2573.200	2574.600	2572.200	2574.200	           2460	     38.000	           	           	           	           	   2582.706	   2589.770	   2594.008	           	           	      0.000	      0.000	      0.000	      0.000	      0.000	      0.000	      0.000	      0.000	      0.000	      0.000	
 06/04-09:54	2573.800	2574.800	2573.400	2574.400	           2785	     39.000	           	           	           	           	   2582.068	   2589.354	   2593.772	           	           	      0.000	      0.000	      0.000	      0.000	      0.000	      0.000	      0.000	      0.000	      0.000	      0.000	
 06/04-09:55	2574.800	2577.000	2573.200	2573.200	           3142	     40.000	           	           	           	           	   2581.460	   2588.944	   2593.503	           	           	      0.000	      0.000	      0.000	      0.000	      0.000	      0.000	      0.000	      0.000	      0.000	      0.000	
 06/04-09:56	2573.200	2574.800	2572.400	2574.400	           2884	     41.000	           	           	           	           	   2580.886	   2588.560	   2593.248	           	           	      0.000	      0.000	      0.000	      0.000	      0.000	      0.000	      0.000	      0.000	      0.000	      0.000	
 06/04-09:57	2574.800	2576.600	2574.200	2576.600	           1824	     42.000	           	           	           	           	   2580.541	   2588.227	   2593.007	           	           	      0.000	      0.000	      0.000	      0.000	      0.000	      0.000	      0.000	      0.000	      0.000	      0.000	
 06/04-09:58	2576.600	2577.200	2575.800	2575.800	           1954	     43.000	           	           	           	           	   2580.274	   2587.874	   2592.765	           	           	      0.000	      0.000	      0.000	      0.000	      0.000	      0.000	      0.000	      0.000	      0.000	      0.000	
 06/04-09:59	2575.800	2577.800	2575.800	2577.400	           1926	     44.000	           	           	           	           	   2580.040	   2587.547	   2592.533	           	           	      0.000	      0.000	      0.000	      0.000	      0.000	      0.000	      0.000	      0.000	      0.000	      0.000	
 06/04-10:00	2577.000	2579.000	2577.000	2579.000	           3191	     45.000	           	           	           	           	   2579.867	   2587.233	   2592.325	           	           	      0.000	      0.000	      0.000	      0.000	      0.000	      0.000	      0.000	      0.000	      0.000	      0.000	
 06/04-10:01	2578.800	2579.600	2578.200	2579.400	           2472	     46.000	           	           	           	           	   2579.726	   2586.923	   2592.120	           	           	      0.000	      0.000	      0.000	      0.000	      0.000	      0.000	      0.000	      0.000	      0.000	      0.000	
 06/04-10:02	2579.200	2579.800	2578.000	2579.000	           2216	     47.000	           	           	           	           	   2579.640	   2586.590	   2591.930	           	           	      0.000	      0.000	      0.000	      0.000	      0.000	      0.000	      0.000	      0.000	      0.000	      0.000	
 06/04-10:03	2579.400	2580.000	2578.200	2579.200	           1865	     48.000	           	           	           	           	   2579.507	   2586.257	   2591.730	           	           	      0.000	      0.000	      0.000	      0.000	      0.000	      0.000	      0.000	      0.000	      0.000	      0.000	
 06/04-10:04	2578.800	2580.400	2578.600	2579.600	           1699	     49.000	           	           	           	           	   2579.320	   2585.933	   2591.517	           	           	      0.000	      0.000	      0.000	      0.000	      0.000	      0.000	      0.000	      0.000	      0.000	      0.000	
 06/04-10:05	2580.200	2581.400	2578.400	2581.400	           2141	     50.000	           	           	           	           	   2579.254	   2585.651	   2591.319	           	           	      0.000	      0.000	      0.000	      0.000	      0.000	      0.000	      0.000	      0.000	      0.000	      0.000	
 06/04-10:06	2581.800	2581.800	2578.400	2578.400	           2916	     51.000	           	           	           	           	   2579.047	   2585.310	   2591.085	           	           	      0.000	      0.000	      0.000	      0.000	      0.000	      0.000	      0.000	      0.000	      0.000	      0.000	
 06/04-10:07	2578.800	2579.000	2577.200	2577.800	           2057	     52.000	           	           	           	           	   2578.813	   2584.967	   2590.867	           	           	      0.000	      0.000	      0.000	      0.000	      0.000	      0.000	      0.000	      0.000	      0.000	      0.000	
 06/04-10:08	2577.800	2578.000	2575.600	2577.400	           2100	     53.000	           	           	           	           	   2578.546	   2584.617	   2590.653	           	           	      0.000	      0.000	      0.000	      0.000	      0.000	      0.000	      0.000	      0.000	      0.000	      0.000	
 06/04-10:09	2577.600	2577.600	2576.200	2576.600	           1290	     54.000	           	           	           	           	   2578.333	   2584.257	   2590.435	           	           	      0.000	      0.000	      0.000	      0.000	      0.000	      0.000	      0.000	      0.000	      0.000	      0.000	
 06/04-10:10	2576.600	2576.800	2575.400	2576.400	           1857	     55.000	           	           	           	           	   2578.133	   2583.900	   2590.208	           	           	      0.000	      0.000	      0.000	      0.000	      0.000	      0.000	      0.000	      0.000	      0.000	      0.000	
 06/04-10:11	2576.000	2577.000	2575.200	2576.800	           2035	     56.000	           	           	           	           	   2577.947	   2583.557	   2589.990	           	           	      0.000	      0.000	      0.000	      0.000	      0.000	      0.000	      0.000	      0.000	      0.000	      0.000	
 06/04-10:12	2576.600	2577.600	2574.800	2575.200	           2599	     57.000	           	           	           	           	   2577.873	   2583.200	   2589.755	           	           	      0.000	      0.000	      0.000	      0.000	      0.000	      0.000	      0.000	      0.000	      0.000	      0.000	
 06/04-10:13	2575.000	2575.600	2573.000	2573.000	           2818	     58.000	           	           	           	           	   2577.606	   2582.810	   2589.503	           	           	      0.000	      0.000	      0.000	      0.000	      0.000	      0.000	      0.000	      0.000	      0.000	      0.000	
 06/04-10:14	2572.800	2572.800	2569.200	2571.400	           8410	     59.000	           	           	           	           	   2577.288	   2582.384	   2589.259	           	           	      0.000	      0.000	      0.000	      0.000	      1.000	      0.000	      0.000	      0.000	      0.000	      0.000	
 06/04-10:15	2571.000	2571.800	2569.000	2569.000	           4100	     60.000	           	           	           	           	   2576.881	   2581.917	   2588.997	           	           	      0.000	      0.000	      0.000	      0.000	      0.000	      0.000	      0.000	      0.000	      0.000	      0.000	
 06/04-10:16	2568.600	2571.800	2568.000	2570.000	           4930	     61.000	           	           	           	           	   2576.460	   2581.484	   2588.765	           	           	      0.000	      0.000	      0.000	      0.000	      0.000	      0.000	      0.000	      0.000	      0.000	      0.000	
 06/04-10:17	2570.400	2571.400	2568.600	2570.000	           2129	     62.000	           	           	           	           	   2576.060	   2581.024	   2588.523	           	           	      0.000	      0.000	      0.000	      0.000	      0.000	      0.000	      0.000	      0.000	      0.000	      0.000	
 06/04-10:18	2570.200	2571.800	2570.000	2571.200	           1718	     63.000	           	           	           	           	   2575.721	   2580.644	   2588.305	           	           	      0.000	      0.000	      0.000	      0.000	      0.000	      0.000	      0.000	      0.000	      0.000	      0.000	
 06/04-10:19	2571.200	2573.600	2571.000	2573.400	           2438	     64.000	           	           	           	           	   2575.512	   2580.306	   2588.122	           	           	      0.000	      0.000	      0.000	      0.000	      0.000	      0.000	      0.000	      0.000	      0.000	      0.000	
 06/04-10:20	2573.400	2573.600	2572.600	2573.000	           1900	     65.000	           	           	           	           	   2575.394	   2579.977	   2587.922	           	           	      0.000	      0.000	      0.000	      0.000	      0.000	      0.000	      0.000	      0.000	      0.000	      0.000	
 06/04-10:21	2572.600	2573.800	2572.400	2573.400	           1529	     66.000	           	           	           	           	   2575.342	   2579.654	   2587.739	           	           	      0.000	      0.000	      0.000	      0.000	      0.000	      0.000	      0.000	      0.000	      0.000	      0.000	
 06/04-10:22	2573.600	2574.400	2571.800	2574.200	           1894	     67.000	           	           	   2574.200	           	   2575.360	   2579.344	   2587.550	           	           	      0.000	      0.000	      0.000	      0.000	      0.000	      0.000	      0.000	      0.000	      0.000	      0.000	
 06/04-10:23	2574.200	2574.200	2572.000	2572.600	           1416	     68.000	           	           	   2574.200	           	   2575.306	   2579.006	   2587.343	           	           	      0.000	      0.000	      0.000	      0.000	      0.000	      0.000	      0.000	      0.000	      0.000	      0.000	
 06/04-10:24	2572.800	2573.200	2571.400	2572.400	           1536	     69.000	           	           	   2574.200	           	   2575.240	   2578.654	   2587.133	           	           	      0.000	      0.000	      0.000	      0.000	      0.000	      0.000	      0.000	      0.000	      0.000	      0.000	
 06/04-10:25	2572.400	2575.000	2570.800	2574.600	           3482	     70.000	           	           	   2574.200	           	   2575.285	   2578.373	   2586.941	           	           	      0.000	      0.000	      0.000	      0.000	      0.000	      0.000	      0.000	      0.000	      0.000	      0.000	
 06/04-10:26	2574.400	2574.800	2572.800	2573.400	           1930	     71.000	           	           	   2574.200	           	   2575.254	   2578.070	   2586.770	           	           	      0.000	      0.000	      0.000	      0.000	      0.000	      0.000	      0.000	      0.000	      0.000	      0.000	
 06/04-10:27	2573.400	2573.800	2571.400	2572.000	           1651	     72.000	           	           	   2574.200	           	   2575.100	   2577.820	   2586.580	           	           	      0.000	      0.000	      0.000	      0.000	      0.000	      0.000	      0.000	      0.000	      0.000	      0.000	
 06/04-10:28	2572.000	2572.000	2568.600	2571.600	           3838	     73.000	           	           	   2574.200	           	   2574.958	   2577.616	   2586.390	           	           	      0.000	      0.000	      0.000	      0.000	      0.000	      0.000	      0.000	      0.000	      0.000	      0.000	
 06/04-10:29	2571.400	2572.000	2570.400	2571.200	           1392	     74.000	           	           	   2574.200	           	   2574.754	   2577.397	   2586.194	           	           	      0.000	      0.000	      0.000	      0.000	      0.000	      0.000	      0.000	      0.000	      0.000	      0.000	
 06/04-10:30	2571.400	2572.000	2569.800	2570.000	           1983	     75.000	           	           	   2574.200	           	   2574.454	   2577.160	   2585.993	           	           	      0.000	      0.000	      0.000	      0.000	      0.000	      0.000	      0.000	      0.000	      0.000	      0.000	
 06/04-10:31	2569.800	2573.600	2569.800	2573.600	           1959	     76.000	           	           	   2574.200	           	   2574.260	   2576.993	   2585.842	           	           	      0.000	      0.000	      0.000	      0.000	      0.000	      0.000	      0.000	      0.000	      0.000	      0.000	
 06/04-10:32	2573.400	2576.400	2573.400	2575.800	           6071	     77.000	           	           	   2574.200	           	   2574.154	   2576.897	   2585.692	           	           	      0.000	      0.000	      0.000	      0.000	      0.000	      0.000	      0.000	      0.000	      0.000	      0.000	
 06/04-10:33	2575.800	2576.800	2575.400	2576.000	           2553	     78.000	           	           	   2574.200	           	   2574.046	   2576.777	   2585.542	           	           	      0.000	      0.000	      0.000	      0.000	      0.000	      0.000	      0.000	      0.000	      0.000	      0.000	
 06/04-10:34	2576.000	2578.400	2576.000	2578.400	           3381	     79.000	           	           	   2574.200	           	   2574.006	   2576.663	   2585.410	           	           	      0.000	      0.000	      0.000	      0.000	      0.000	      0.000	      0.000	      0.000	      0.000	      0.000	
 06/04-10:35	2578.200	2578.200	2576.800	2577.800	           2248	     80.000	           	           	   2574.200	           	   2573.885	   2576.570	   2585.285	           	           	      0.000	      0.000	      0.000	      0.000	      0.000	      0.000	      0.000	      0.000	      0.000	      0.000	
 06/04-10:36	2577.800	2594.600	2577.600	2589.200	          19326	     81.000	           	           	   2574.200	           	   2574.246	   2576.646	   2585.251	           	           	      0.000	      0.000	      0.000	      0.000	      0.000	      0.000	      0.000	      0.000	      0.000	      0.000	
 06/04-10:37	2589.200	2589.200	2584.000	2584.600	           6318	     82.000	           	           	   2574.200	           	   2574.473	   2576.643	   2585.190	           	           	      0.000	      0.000	      0.000	      0.000	      0.000	      0.000	      0.000	      0.000	      0.000	      0.000	
 06/04-10:38	2585.000	2585.000	2582.200	2584.400	           3786	     83.000	           	           	   2574.200	           	   2574.706	   2576.626	   2585.121	   2595.082	           	      0.000	      0.000	      0.000	      0.000	      0.000	      0.000	      0.000	      0.000	      0.000	      0.000	
 06/04-10:39	2584.600	2585.200	2583.400	2584.600	           2507	     84.000	           	           	   2574.200	           	   2574.973	   2576.653	   2585.062	   2594.958	           	      0.000	      0.000	      0.000	      0.000	      0.000	      0.000	      0.000	      0.000	      0.000	      0.000	
 06/04-10:40	2584.200	2584.600	2583.200	2583.400	           1675	     85.000	           	           	   2574.200	           	   2575.206	   2576.670	   2584.978	   2594.822	           	      0.000	      0.000	      0.000	      0.000	      0.000	      0.000	      0.000	      0.000	      0.000	      0.000	
 06/04-10:41	2583.200	2583.600	2581.400	2582.600	           2715	     86.000	           	           	   2574.200	           	   2575.400	   2576.673	   2584.888	   2594.694	           	      0.000	      0.000	      0.000	      0.000	      0.000	      0.000	      0.000	      0.000	      0.000	      0.000	
 06/04-10:42	2582.600	2583.000	2580.800	2581.400	           2004	     87.000	           	           	   2574.200	           	   2575.606	   2576.740	   2584.785	   2594.557	           	      0.000	      0.000	      0.000	      0.000	      0.000	      0.000	      0.000	      0.000	      0.000	      0.000	
 06/04-10:43	2581.400	2581.600	2579.000	2580.200	           4311	     88.000	           	           	   2574.200	           	   2575.848	   2576.727	   2584.668	   2594.425	           	      0.000	      0.000	      0.000	      0.000	      0.000	      0.000	      0.000	      0.000	      0.000	      0.000	
 06/04-10:44	2580.400	2580.800	2578.400	2579.400	           2271	     89.000	           	           	   2574.200	           	   2576.113	   2576.700	   2584.523	   2594.290	           	      0.000	      0.000	      0.000	      0.000	      0.000	      0.000	      0.000	      0.000	      0.000	      0.000	
 06/04-10:45	2579.400	2581.200	2579.400	2581.000	           2582	     90.000	           	           	   2574.200	           	   2576.512	   2576.697	   2584.405	   2594.162	           	      0.000	      0.000	      0.000	      0.000	      0.000	      0.000	      0.000	      0.000	      0.000	      0.000	
 06/04-10:46	2581.400	2583.200	2580.200	2580.400	           3544	     91.000	           	           	   2574.200	           	   2576.858	   2576.659	   2584.275	   2594.033	           	      0.000	      0.000	      0.000	      0.000	      0.000	      0.000	      0.000	      0.000	      0.000	      0.000	
 06/04-10:47	2580.400	2581.000	2578.800	2579.000	           2253	     92.000	           	           	   2574.200	           	   2577.158	   2576.609	   2584.133	   2593.907	           	      0.000	      0.000	      0.000	      0.000	      0.000	      0.000	      0.000	      0.000	      0.000	      0.000	
 06/04-10:48	2579.000	2580.600	2578.600	2580.400	           1555	     93.000	           	           	   2574.200	           	   2577.467	   2576.594	   2584.002	   2593.791	           	      0.000	      0.000	      0.000	      0.000	      0.000	      0.000	      0.000	      0.000	      0.000	      0.000	
 06/04-10:49	2580.400	2581.600	2579.400	2579.400	           1683	     94.000	           	           	   2574.200	           	   2577.667	   2576.590	   2583.865	   2593.670	           	      0.000	      0.000	      0.000	      0.000	      0.000	      0.000	      0.000	      0.000	      0.000	      0.000	
 06/04-10:50	2579.400	2580.800	2579.200	2580.400	           1239	     95.000	           	           	   2574.200	           	   2577.915	   2576.654	   2583.740	   2593.557	           	      0.000	      0.000	      0.000	      0.000	      0.000	      0.000	      0.000	      0.000	      0.000	      0.000	
 06/04-10:51	2581.000	2581.000	2577.800	2577.800	           2170	     96.000	           	           	   2574.200	           	   2578.058	   2576.700	   2583.595	   2593.426	           	      0.000	      0.000	      0.000	      0.000	      0.000	      0.000	      0.000	      0.000	      0.000	      0.000	
 06/04-10:52	2578.000	2579.400	2577.400	2578.000	           2380	     97.000	           	           	   2574.200	           	   2578.185	   2576.773	   2583.452	   2593.296	           	      0.000	      0.000	      0.000	      0.000	      0.000	      0.000	      0.000	      0.000	      0.000	      0.000	
 06/04-10:53	2578.000	2578.600	2576.200	2578.400	           2695	     98.000	           	           	   2574.200	           	   2578.381	   2576.844	   2583.307	   2593.167	           	      0.000	      0.000	      0.000	      0.000	      0.000	      0.000	      0.000	      0.000	      0.000	      0.000	
 06/04-10:54	2578.400	2579.200	2576.600	2576.600	           1703	     99.000	           	           	   2574.200	           	   2578.519	   2576.879	   2583.116	   2593.032	           	      0.000	      0.000	      0.000	      0.000	      0.000	      0.000	      0.000	      0.000	      0.000	      0.000	
 06/04-10:55	2576.600	2577.600	2576.400	2576.600	           1480	    100.000	           	           	   2574.200	           	   2578.587	   2576.937	   2582.940	   2592.889	           	      0.000	      0.000	      0.000	      0.000	      0.000	      0.000	      0.000	      0.000	      0.000	      0.000	
 06/04-10:56	2576.600	2578.400	2576.200	2577.800	           1390	    101.000	           	           	   2574.200	           	   2578.733	   2576.994	   2582.777	   2592.754	           	      0.000	      0.000	      0.000	      0.000	      0.000	      0.000	      0.000	      0.000	      0.000	      0.000	
 06/04-10:57	2577.600	2578.800	2577.000	2577.200	           1534	    102.000	           	           	   2574.200	           	   2578.906	   2577.003	   2582.615	   2592.621	           	      0.000	      0.000	      0.000	      0.000	      0.000	      0.000	      0.000	      0.000	      0.000	      0.000	
 06/04-10:58	2577.000	2578.000	2576.000	2577.800	           2103	    103.000	           	           	   2574.200	           	   2579.115	   2577.036	   2582.455	   2592.490	           	      0.000	      0.000	      0.000	      0.000	      0.000	      0.000	      0.000	      0.000	      0.000	      0.000	
 06/04-10:59	2578.000	2581.000	2577.800	2578.800	           3091	    104.000	           	           	   2574.200	           	   2579.367	   2577.060	   2582.304	   2592.361	           	      0.000	      0.000	      0.000	      0.000	      0.000	      0.000	      0.000	      0.000	      0.000	      0.000	
 06/04-11:00	2578.600	2578.600	2575.600	2576.600	           2767	    105.000	           	           	   2574.200	           	   2579.585	   2577.020	   2582.126	   2592.228	           	      0.000	      0.000	      0.000	      0.000	      0.000	      0.000	      0.000	      0.000	      0.000	      0.000	
 06/04-11:01	2576.400	2576.800	2575.000	2576.200	           2208	    106.000	           	           	   2574.200	           	   2579.673	   2576.967	   2581.945	   2592.095	           	      0.000	      0.000	      0.000	      0.000	      0.000	      0.000	      0.000	      0.000	      0.000	      0.000	
 06/04-11:02	2576.200	2576.400	2575.000	2575.800	           1385	    107.000	           	           	   2574.200	           	   2579.673	   2576.914	   2581.751	   2591.956	           	      0.000	      0.000	      0.000	      0.000	      0.000	      0.000	      0.000	      0.000	      0.000	      0.000	
 06/04-11:03	2575.800	2576.200	2572.000	2572.400	           3612	    108.000	           	           	   2574.200	           	   2579.554	   2576.800	   2581.529	   2591.811	           	      0.000	      0.000	      0.000	      1.000	      0.000	      0.000	      0.000	      0.000	      0.000	      0.000	
 06/04-11:04	2572.400	2573.400	2571.200	2572.200	           3603	    109.000	           	           	   2574.200	           	   2579.348	   2576.677	   2581.305	   2591.664	           	      0.000	      0.000	      0.000	      0.000	      0.000	      0.000	      0.000	      0.000	      0.000	      0.000	
 06/04-11:05	2572.000	2572.000	2569.200	2570.600	           4451	    110.000	           	           	   2574.200	           	   2579.106	   2576.496	   2581.073	   2591.514	           	      0.000	      0.000	      0.000	      0.000	      0.000	      0.000	      0.000	      0.000	      0.000	      0.000	
 06/04-11:06	2570.400	2571.600	2570.200	2570.800	           2069	    111.000	           	           	   2574.200	           	   2578.494	   2576.370	   2580.840	   2591.369	           	      0.000	      0.000	      0.000	      0.000	      0.000	      0.000	      0.000	      0.000	      0.000	      0.000	
 06/04-11:07	2570.800	2571.400	2570.000	2570.200	           2112	    112.000	           	           	   2574.200	           	   2578.012	   2576.243	   2580.605	   2591.228	           	      0.000	      0.000	      0.000	      0.000	      0.000	      0.000	      0.000	      0.000	      0.000	      0.000	
 06/04-11:08	2570.800	2571.000	2565.200	2566.800	           7169	    113.000	           	           	   2574.200	           	   2577.427	   2576.067	   2580.342	   2591.071	           	      0.000	      0.000	      0.000	      0.000	      0.000	      0.000	      0.000	      0.000	      0.000	      0.000	
 06/04-11:09	2566.800	2568.800	2565.800	2568.400	           3245	    114.000	           	           	   2574.200	           	   2576.887	   2575.930	   2580.094	   2590.913	           	      0.000	      0.000	      0.000	      0.000	      0.000	      0.000	      0.000	      0.000	      0.000	      0.000	
 06/04-11:10	2568.400	2568.400	2566.200	2567.200	           2246	    115.000	           	           	   2574.200	           	   2576.348	   2575.777	   2579.839	   2590.748	           	      0.000	      0.000	      0.000	      0.000	      0.000	      0.000	      0.000	      0.000	      0.000	      0.000	
 06/04-11:11	2566.800	2568.800	2566.600	2567.800	           2060	    116.000	           	           	   2574.200	           	   2575.854	   2575.627	   2579.592	   2590.591	           	      0.000	      0.000	      0.000	      0.000	      0.000	      0.000	      0.000	      0.000	      0.000	      0.000	
 06/04-11:12	2568.000	2568.600	2567.200	2568.400	           1143	    117.000	           	           	   2574.200	           	   2575.421	   2575.513	   2579.357	   2590.425	           	      0.000	      0.000	      0.000	      0.000	      0.000	      0.000	      0.000	      0.000	      0.000	      0.000	
 06/04-11:13	2568.600	2571.600	2567.600	2570.800	           3290	    118.000	           	           	   2574.200	           	   2575.106	   2575.477	   2579.144	   2590.267	           	      0.000	      0.000	      0.000	      0.000	      0.000	      0.000	      0.000	      0.000	      0.000	      0.000	
 06/04-11:14	2570.600	2570.600	2568.200	2568.600	           1795	    119.000	           	           	   2574.200	   2568.600	   2574.746	   2575.429	   2578.906	   2590.105	           	      0.000	      0.000	      0.000	      0.000	      0.000	      0.000	      0.000	      0.000	      0.000	      0.000	
 06/04-11:15	2568.600	2569.200	2566.000	2566.000	           2078	    120.000	           	           	   2574.200	   2568.600	   2574.246	   2575.379	   2578.648	   2589.937	           	      0.000	      0.000	      0.000	      0.000	      0.000	      0.000	      0.000	      0.000	      0.000	      0.000	
 06/04-11:16	2566.000	2566.200	2563.000	2564.400	           5856	    121.000	           	           	   2574.200	   2568.600	   2573.715	   2575.286	   2578.385	   2589.774	           	      0.000	      0.000	      0.000	      0.000	      0.000	      0.000	      0.000	      0.000	      0.000	      0.000	
 06/04-11:17	2564.400	2565.000	2563.400	2564.400	           2449	    122.000	           	           	   2574.200	   2568.600	   2573.227	   2575.193	   2578.108	   2589.612	           	      0.000	      0.000	      0.000	      0.000	      0.000	      0.000	      0.000	      0.000	      0.000	      0.000	
 06/04-11:18	2564.400	2565.800	2563.800	2564.000	           1587	    123.000	           	           	   2574.200	   2568.600	   2572.679	   2575.073	   2577.858	   2589.448	           	      0.000	      0.000	      0.000	      0.000	      0.000	      0.000	      0.000	      0.000	      0.000	      0.000	
 06/04-11:19	2564.000	2565.400	2563.600	2565.000	           1505	    124.000	           	           	   2574.200	   2568.600	   2572.200	   2574.933	   2577.620	   2589.283	           	      0.000	      0.000	      0.000	      0.000	      0.000	      0.000	      0.000	      0.000	      0.000	      0.000	
 06/04-11:20	2564.600	2565.600	2563.600	2563.600	           1570	    125.000	           	           	   2574.200	   2568.600	   2571.640	   2574.777	   2577.377	   2589.115	           	      0.000	      0.000	      0.000	      0.000	      0.000	      0.000	      0.000	      0.000	      0.000	      0.000	
 06/04-11:21	2563.800	2566.800	2561.600	2566.200	           4524	    126.000	           	           	   2574.200	   2568.600	   2571.254	   2574.656	   2577.155	   2588.950	           	      0.000	      0.000	      0.000	      0.000	      0.000	      0.000	      0.000	      0.000	      0.000	      0.000	
 06/04-11:22	2566.200	2566.400	2564.200	2564.600	           1433	    127.000	           	           	   2574.200	   2568.600	   2570.808	   2574.497	   2576.920	   2588.778	           	      0.000	      0.000	      0.000	      0.000	      0.000	      0.000	      0.000	      0.000	      0.000	      0.000	
 06/04-11:23	2564.800	2564.800	2561.200	2562.600	           3746	    128.000	           	           	   2574.200	   2568.600	   2570.279	   2574.330	   2576.668	   2588.594	           	      0.000	      0.000	      0.000	      0.000	      0.000	      0.000	      0.000	      0.000	      0.000	      0.000	
 06/04-11:24	2562.200	2562.800	2559.400	2560.800	           5212	    129.000	           	           	   2574.200	   2568.600	   2569.754	   2574.136	   2576.395	   2588.405	           	      0.000	      0.000	      0.000	      0.000	      1.000	      0.000	      0.000	      0.000	      0.000	      0.000	
 06/04-11:25	2560.800	2561.600	2560.200	2561.000	           1952	    130.000	           	           	   2574.200	   2568.600	   2569.233	   2573.910	   2576.142	   2588.214	           	      0.000	      0.000	      0.000	      0.000	      0.000	      0.000	      0.000	      0.000	      0.000	      0.000	
 06/04-11:26	2561.200	2562.200	2559.400	2560.000	           2754	    131.000	           	           	   2574.200	   2568.600	   2568.640	   2573.687	   2575.878	   2588.021	           	      0.000	      0.000	      0.000	      0.000	      0.000	      0.000	      0.000	      0.000	      0.000	      0.000	
 06/04-11:27	2560.000	2560.000	2554.200	2554.400	           6406	    132.000	           	           	   2574.200	   2568.600	   2567.879	   2573.393	   2575.606	   2587.807	           	      0.000	      0.000	      0.000	      0.000	      0.000	      0.000	      0.000	      0.000	      0.000	      0.000	
 06/04-11:28	2554.600	2554.600	2552.000	2554.600	           5080	    133.000	           	           	   2574.200	   2568.600	   2567.106	   2573.110	   2575.363	   2587.604	           	      0.000	      0.000	      0.000	      0.000	      0.000	      0.000	      0.000	      0.000	      0.000	      0.000	
 06/04-11:29	2554.600	2555.200	2553.200	2554.000	           2484	    134.000	           	           	   2574.200	   2568.600	   2566.279	   2572.823	   2575.110	   2587.398	           	      0.000	      0.000	      0.000	      0.000	      0.000	      0.000	      0.000	      0.000	      0.000	      0.000	
 06/04-11:30	2554.200	2556.600	2553.800	2556.400	           3570	    135.000	           	           	   2574.200	   2568.600	   2565.606	   2572.596	   2574.878	   2587.205	           	      0.000	      0.000	      0.000	      0.000	      0.000	      0.000	      0.000	      0.000	      0.000	      0.000	
 06/04-13:01	2556.200	2557.600	2555.600	2557.000	           2763	    136.000	           	           	   2574.200	   2568.600	   2564.967	   2572.320	   2574.656	   2587.013	           	      0.000	      0.000	      0.000	      0.000	      0.000	      0.000	      0.000	      0.000	      0.000	      0.000	
 06/04-13:02	2556.800	2557.600	2556.200	2557.200	           1429	    137.000	           	           	   2574.200	   2568.600	   2564.348	   2572.010	   2574.454	   2586.820	           	      0.000	      0.000	      0.000	      0.000	      0.000	      0.000	      0.000	      0.000	      0.000	      0.000	
 06/04-13:03	2557.400	2558.800	2557.400	2558.600	           1880	    138.000	           	           	   2574.200	   2568.600	   2563.885	   2571.720	   2574.248	   2586.638	           	      0.000	      0.000	      0.000	      0.000	      0.000	      0.000	      0.000	      0.000	      0.000	      0.000	
 06/04-13:04	2558.400	2558.600	2557.400	2557.400	            990	    139.000	           	           	   2574.200	   2568.600	   2563.394	   2571.371	   2574.017	   2586.458	           	      0.000	      0.000	      0.000	      0.000	      0.000	      0.000	      0.000	      0.000	      0.000	      0.000	
 06/04-13:05	2557.800	2558.600	2557.200	2557.400	            952	    140.000	           	           	   2574.200	   2568.600	   2562.954	   2571.030	   2573.800	   2586.274	           	      0.000	      0.000	      0.000	      0.000	      0.000	      0.000	      0.000	      0.000	      0.000	      0.000	
 06/04-13:06	2557.800	2561.400	2557.400	2561.000	           2899	    141.000	           	           	   2574.200	   2568.600	   2562.627	   2570.560	   2573.603	   2586.106	           	      0.000	      0.000	      0.000	      0.000	      0.000	      0.000	      0.000	      0.000	      0.000	      0.000	
 06/04-13:07	2561.000	2563.000	2561.000	2561.800	           3489	    142.000	           	           	   2574.200	   2568.600	   2562.348	   2570.180	   2573.412	   2585.942	           	      0.000	      0.000	      0.000	      0.000	      0.000	      0.000	      0.000	      0.000	      0.000	      0.000	
 06/04-13:08	2562.000	2562.000	2560.600	2561.600	           1929	    143.000	           	           	   2574.200	   2568.600	   2562.173	   2569.800	   2573.213	   2585.777	           	      0.000	      0.000	      0.000	      0.000	      0.000	      0.000	      0.000	      0.000	      0.000	      0.000	
 06/04-13:09	2561.800	2563.200	2561.200	2563.200	           1802	    144.000	           	           	   2574.200	   2568.600	   2562.000	   2569.444	   2573.048	   2585.618	           	      0.000	      0.000	      0.000	      0.000	      0.000	      0.000	      0.000	      0.000	      0.000	      0.000	
 06/04-13:10	2563.800	2564.400	2562.400	2563.800	           3777	    145.000	           	           	   2574.200	   2568.600	   2561.885	   2569.117	   2572.893	   2585.466	           	      0.000	      0.000	      0.000	      0.000	      0.000	      0.000	      0.000	      0.000	      0.000	      0.000	
 06/04-13:11	2563.600	2563.600	2562.400	2562.600	           1597	    146.000	           	           	   2574.200	   2568.600	   2561.712	   2568.783	   2572.728	   2585.305	           	      0.000	      0.000	      0.000	      0.000	      0.000	      0.000	      0.000	      0.000	      0.000	      0.000	
 06/04-13:12	2562.800	2562.800	2561.600	2562.800	           1609	    147.000	           	           	   2574.200	   2568.600	   2561.527	   2568.474	   2572.607	   2585.138	           	      0.000	      0.000	      0.000	      0.000	      0.000	      0.000	      0.000	      0.000	      0.000	      0.000	
 06/04-13:13	2562.600	2563.000	2561.000	2561.200	           1742	    148.000	           	           	   2574.200	   2568.600	   2561.206	   2568.156	   2572.442	   2584.962	           	      0.000	      0.000	      0.000	      0.000	      0.000	      0.000	      0.000	      0.000	      0.000	      0.000	
 06/04-13:14	2561.200	2562.600	2561.200	2562.200	           1402	    149.000	           	           	   2574.200	   2568.600	   2560.994	   2567.870	   2572.285	   2584.801	           	      0.000	      0.000	      0.000	      0.000	      0.000	      0.000	      0.000	      0.000	      0.000	      0.000	
 06/04-13:15	2562.400	2564.400	2561.600	2564.400	           2556	    150.000	           	           	   2574.200	   2568.600	   2560.942	   2567.594	   2572.145	   2584.646	           	      0.000	      0.000	      0.000	      0.000	      0.000	      0.000	      0.000	      0.000	      0.000	      0.000	
 06/04-13:16	2564.600	2565.600	2562.600	2562.800	           4118	    151.000	           	           	   2574.200	   2568.600	   2560.885	   2567.300	   2571.980	   2584.482	           	      0.000	      0.000	      0.000	      0.000	      0.000	      0.000	      0.000	      0.000	      0.000	      0.000	
 06/04-13:17	2562.600	2563.600	2562.200	2563.600	           1763	    152.000	           	           	   2574.200	   2568.600	   2560.860	   2567.044	   2571.827	   2584.329	           	      0.000	      0.000	      0.000	      0.000	      0.000	      0.000	      0.000	      0.000	      0.000	      0.000	
 06/04-13:18	2563.200	2563.600	2562.400	2562.800	            954	    153.000	           	           	   2574.200	   2568.600	   2560.821	   2566.750	   2571.672	   2584.172	           	      0.000	      0.000	      0.000	      0.000	      0.000	      0.000	      0.000	      0.000	      0.000	      0.000	
 06/04-13:19	2562.600	2563.000	2561.400	2562.000	           1983	    154.000	           	           	   2574.200	   2568.600	   2560.721	   2566.460	   2571.525	   2584.012	           	      0.000	      0.000	      0.000	      0.000	      0.000	      0.000	      0.000	      0.000	      0.000	      0.000	
 06/04-13:20	2562.200	2562.600	2561.600	2562.000	            985	    155.000	           	           	   2574.200	   2568.600	   2560.667	   2566.153	   2571.404	   2583.861	           	      0.000	      0.000	      0.000	      0.000	      0.000	      0.000	      0.000	      0.000	      0.000	      0.000	
 06/04-13:21	2562.000	2562.000	2560.200	2561.200	           2512	    156.000	           	           	   2574.200	   2568.600	   2560.500	   2565.877	   2571.289	   2583.705	           	      0.000	      0.000	      0.000	      0.000	      0.000	      0.000	      0.000	      0.000	      0.000	      0.000	
 06/04-13:22	2561.200	2564.400	2561.000	2563.200	           2417	    157.000	           	           	   2574.200	   2568.600	   2560.452	   2565.630	   2571.202	   2583.543	           	      0.000	      0.000	      0.000	      0.000	      0.000	      0.000	      0.000	      0.000	      0.000	      0.000	
 06/04-13:23	2563.200	2565.400	2563.200	2563.600	           3234	    158.000	           	           	   2574.200	   2568.600	   2560.488	   2565.383	   2571.114	   2583.387	           	      0.000	      0.000	      0.000	      0.000	      0.000	      0.000	      0.000	      0.000	      0.000	      0.000	
 06/04-13:24	2563.400	2563.800	2562.000	2562.400	           1393	    159.000	           	           	   2574.200	   2568.600	   2560.540	   2565.147	   2571.013	   2583.229	           	      0.000	      0.000	      0.000	      0.000	      0.000	      0.000	      0.000	      0.000	      0.000	      0.000	
 06/04-13:25	2562.400	2562.800	2561.400	2562.400	           1348	    160.000	           	           	   2574.200	   2568.600	   2560.587	   2564.910	   2570.923	   2583.068	           	      0.000	      0.000	      0.000	      0.000	      0.000	      0.000	      0.000	      0.000	      0.000	      0.000	
 06/04-13:26	2562.600	2563.400	2561.000	2561.600	           1728	    161.000	           	           	   2574.200	   2568.600	   2560.640	   2564.640	   2570.817	   2582.900	           	      0.000	      0.000	      0.000	      0.000	      0.000	      0.000	      0.000	      0.000	      0.000	      0.000	
 06/04-13:27	2561.600	2562.000	2558.400	2559.600	           3485	    162.000	           	           	   2574.200	   2568.600	   2560.815	   2564.347	   2570.675	   2582.722	           	      0.000	      0.000	      0.000	      0.000	      0.000	      0.000	      0.000	      0.000	      0.000	      0.000	
 06/04-13:28	2559.800	2560.400	2557.600	2558.200	           2873	    163.000	           	           	   2574.200	   2568.600	   2560.933	   2564.020	   2570.528	   2582.540	           	      0.000	      0.000	      0.000	      0.000	      0.000	      0.000	      0.000	      0.000	      0.000	      0.000	
 06/04-13:29	2558.200	2559.800	2558.200	2559.200	           2011	    164.000	           	           	   2574.200	   2568.600	   2561.106	   2563.693	   2570.376	   2582.370	           	      0.000	      0.000	      0.000	      0.000	      0.000	      0.000	      0.000	      0.000	      0.000	      0.000	
 06/04-13:30	2559.400	2559.600	2556.400	2557.000	           3175	    165.000	           	           	   2574.200	   2568.600	   2561.127	   2563.367	   2570.193	   2582.189	           	      0.000	      0.000	      0.000	      0.000	      0.000	      0.000	      0.000	      0.000	      0.000	      0.000	
 06/04-13:31	2557.200	2557.600	2554.400	2554.400	           3439	    166.000	           	           	   2574.200	   2568.600	   2561.042	   2563.004	   2569.985	   2581.988	           	      0.000	      0.000	      0.000	      0.000	      0.000	      0.000	      0.000	      0.000	      0.000	      0.000	
 06/04-13:32	2554.600	2555.200	2550.800	2553.800	           6154	    167.000	           	           	   2574.200	   2568.600	   2560.925	   2562.636	   2569.775	   2581.788	           	      0.000	      0.000	      0.000	      0.000	      1.000	      0.000	      0.000	      0.000	      0.000	      0.000	
 06/04-13:33	2553.800	2554.000	2552.400	2553.400	           2731	    168.000	           	           	   2574.200	   2568.600	   2560.754	   2562.320	   2569.560	   2581.586	           	      0.000	      0.000	      0.000	      0.000	      0.000	      0.000	      0.000	      0.000	      0.000	      0.000	
 06/04-13:34	2553.800	2557.400	2553.400	2557.000	           4439	    169.000	           	           	   2574.200	   2568.600	   2560.740	   2562.067	   2569.372	   2581.403	           	      0.000	      0.000	      0.000	      0.000	      0.000	      0.000	      0.000	      0.000	      0.000	      0.000	
 06/04-13:35	2557.000	2557.400	2556.400	2556.800	           1995	    170.000	           	           	   2574.200	   2568.600	   2560.721	   2561.837	   2569.167	   2581.209	           	      0.000	      0.000	      0.000	      0.000	      0.000	      0.000	      0.000	      0.000	      0.000	      0.000	
 06/04-13:36	2557.000	2557.000	2555.600	2556.200	           1285	    171.000	           	           	   2574.200	   2568.600	   2560.560	   2561.594	   2568.982	   2581.014	           	      0.000	      0.000	      0.000	      0.000	      0.000	      0.000	      0.000	      0.000	      0.000	      0.000	
 06/04-13:37	2556.600	2558.800	2556.200	2558.400	           3351	    172.000	           	           	   2574.200	   2568.600	   2560.446	   2561.397	   2568.820	   2580.825	           	      0.000	      0.000	      0.000	      0.000	      0.000	      0.000	      0.000	      0.000	      0.000	      0.000	
 06/04-13:38	2558.400	2560.200	2558.200	2559.600	           3104	    173.000	           	           	   2574.200	   2568.600	   2560.381	   2561.277	   2568.672	   2580.644	           	      0.000	      0.000	      0.000	      0.000	      0.000	      0.000	      0.000	      0.000	      0.000	      0.000	
 06/04-13:39	2559.400	2559.800	2558.400	2558.800	           1607	    174.000	           	           	   2574.200	   2568.600	   2560.233	   2561.117	   2568.523	   2580.458	           	      0.000	      0.000	      0.000	      0.000	      0.000	      0.000	      0.000	      0.000	      0.000	      0.000	
 06/04-13:40	2558.800	2559.000	2557.200	2557.400	           1438	    175.000	           	           	   2574.200	   2568.600	   2560.021	   2560.953	   2568.365	   2580.272	           	      0.000	      0.000	      0.000	      0.000	      0.000	      0.000	      0.000	      0.000	      0.000	      0.000	
 06/04-13:41	2557.400	2562.200	2557.400	2561.600	           4047	    176.000	           	           	   2574.200	   2568.600	   2559.988	   2560.850	   2568.239	   2580.103	           	      0.000	      0.000	      0.000	      0.000	      0.000	      0.000	      0.000	      0.000	      0.000	      0.000	
 06/04-13:42	2561.400	2563.200	2561.400	2563.000	           3655	    177.000	           	           	   2574.200	   2568.600	   2559.994	   2560.760	   2568.137	   2579.947	           	      0.000	      0.000	      0.000	      0.000	      0.000	      0.000	      0.000	      0.000	      0.000	      0.000	
 06/04-13:43	2563.000	2563.600	2561.800	2562.800	           2625	    178.000	           	           	   2574.200	   2568.600	   2560.046	   2560.626	   2568.052	   2579.785	           	      0.000	      0.000	      0.000	      0.000	      0.000	      0.000	      0.000	      0.000	      0.000	      0.000	
 06/04-13:44	2562.800	2564.000	2561.600	2562.400	           2005	    179.000	           	           	   2574.200	   2568.600	   2560.054	   2560.524	   2567.977	   2579.615	           	      0.000	      0.000	      0.000	      0.000	      0.000	      0.000	      0.000	      0.000	      0.000	      0.000	
 06/04-13:45	2562.400	2563.800	2562.400	2563.000	           1468	    180.000	           	           	   2574.200	   2568.600	   2560.006	   2560.474	   2567.927	   2579.446	           	      0.000	      0.000	      0.000	      0.000	      0.000	      0.000	      0.000	      0.000	      0.000	      0.000	
 06/04-13:46	2562.800	2563.000	2561.000	2561.800	           2313	    181.000	           	           	   2574.200	   2568.600	   2559.975	   2560.430	   2567.858	   2579.267	           	      0.000	      0.000	      0.000	      0.000	      0.000	      0.000	      0.000	      0.000	      0.000	      0.000	
 06/04-13:47	2561.800	2562.000	2560.400	2561.600	           1684	    182.000	           	           	   2574.200	   2568.600	   2559.906	   2560.383	   2567.788	   2579.098	           	      0.000	      0.000	      0.000	      0.000	      0.000	      0.000	      0.000	      0.000	      0.000	      0.000	
 06/04-13:48	2561.800	2562.000	2560.200	2560.600	           1809	    183.000	           	           	   2574.200	   2568.600	   2559.833	   2560.327	   2567.700	   2578.928	           	      0.000	      0.000	      0.000	      0.000	      0.000	      0.000	      0.000	      0.000	      0.000	      0.000	
 06/04-13:49	2560.600	2562.200	2560.400	2561.800	           1337	    184.000	           	           	   2574.200	   2568.600	   2559.827	   2560.274	   2567.604	   2578.764	           	      0.000	      0.000	      0.000	      0.000	      0.000	      0.000	      0.000	      0.000	      0.000	      0.000	
 06/04-13:50	2561.600	2561.600	2557.400	2559.200	           3320	    185.000	           	           	   2574.200	   2568.600	   2559.733	   2560.200	   2567.489	   2578.586	           	      0.000	      0.000	      0.000	      0.000	      0.000	      0.000	      0.000	      0.000	      0.000	      0.000	
 06/04-13:51	2559.200	2559.200	2558.000	2558.600	           1923	    186.000	           	           	   2574.200	   2568.600	   2559.646	   2560.073	   2567.365	   2578.409	           	      0.000	      0.000	      0.000	      0.000	      0.000	      0.000	      0.000	      0.000	      0.000	      0.000	
 06/04-13:52	2558.800	2558.800	2556.000	2557.200	           2798	    187.000	           	           	   2574.200	   2568.600	   2559.448	   2559.950	   2567.223	   2578.224	           	      0.000	      0.000	      0.000	      0.000	      0.000	      0.000	      0.000	      0.000	      0.000	      0.000	
 06/04-13:53	2557.400	2558.000	2556.800	2557.200	           1333	    188.000	           	           	   2574.200	   2568.600	   2559.233	   2559.860	   2567.095	   2578.040	           	      0.000	      0.000	      0.000	      0.000	      0.000	      0.000	      0.000	      0.000	      0.000	      0.000	
 06/04-13:54	2557.000	2557.800	2556.000	2556.000	           1949	    189.000	           	           	   2574.200	   2568.600	   2559.021	   2559.780	   2566.958	   2577.861	           	      0.000	      0.000	      0.000	      0.000	      0.000	      0.000	      0.000	      0.000	      0.000	      0.000	
 06/04-13:55	2555.800	2556.600	2555.400	2555.400	           1755	    190.000	           	           	   2574.200	   2568.600	   2558.785	   2559.687	   2566.798	   2577.681	           	      0.000	      0.000	      0.000	      0.000	      0.000	      0.000	      0.000	      0.000	      0.000	      0.000	
 06/04-13:56	2555.800	2559.200	2555.400	2558.800	           3231	    191.000	           	           	   2574.200	   2568.600	   2558.694	   2559.667	   2566.677	   2577.525	           	      0.000	      0.000	      0.000	      0.000	      0.000	      0.000	      0.000	      0.000	      0.000	      0.000	
 06/04-13:57	2558.800	2562.200	2558.800	2561.400	           3646	    192.000	           	           	   2574.200	   2568.600	   2558.752	   2559.783	   2566.588	   2577.374	           	      0.000	      0.000	      0.000	      0.000	      0.000	      0.000	      0.000	      0.000	      0.000	      0.000	
 06/04-13:58	2561.000	2561.600	2560.400	2561.200	           1864	    193.000	           	           	   2574.200	   2568.600	   2558.854	   2559.894	   2566.502	   2577.230	           	      0.000	      0.000	      0.000	      0.000	      0.000	      0.000	      0.000	      0.000	      0.000	      0.000	
 06/04-13:59	2561.400	2562.000	2560.200	2561.200	           1678	    194.000	           	           	   2574.200	   2568.600	   2558.921	   2560.013	   2566.418	   2577.093	           	      0.000	      0.000	      0.000	      0.000	      0.000	      0.000	      0.000	      0.000	      0.000	      0.000	
 06/04-14:00	2561.200	2562.000	2558.400	2558.400	           2520	    195.000	           	           	   2574.200	   2568.600	   2558.967	   2560.047	   2566.321	   2576.938	           	      0.000	      0.000	      0.000	      0.000	      0.000	      0.000	      0.000	      0.000	      0.000	      0.000	
 06/04-14:01	2558.400	2558.800	2556.400	2557.600	           3079	    196.000	           	           	   2574.200	   2568.600	   2559.073	   2560.057	   2566.188	   2576.787	           	      0.000	      0.000	      0.000	      0.000	      0.000	      0.000	      0.000	      0.000	      0.000	      0.000	
 06/04-14:02	2557.600	2558.800	2557.200	2558.400	           1461	    197.000	           	           	   2574.200	   2568.600	   2559.227	   2560.076	   2566.043	   2576.634	           	      0.000	      0.000	      0.000	      0.000	      0.000	      0.000	      0.000	      0.000	      0.000	      0.000	
 06/04-14:03	2558.200	2558.200	2555.200	2558.000	           2502	    198.000	           	           	   2574.200	   2568.600	   2559.379	   2560.067	   2565.893	   2576.476	           	      0.000	      0.000	      0.000	      0.000	      0.000	      0.000	      0.000	      0.000	      0.000	      0.000	
 06/04-14:04	2558.000	2559.600	2556.800	2556.800	           1963	    199.000	           	           	   2574.200	   2568.600	   2559.373	   2560.056	   2565.714	   2576.313	           	      0.000	      0.000	      0.000	      0.000	      0.000	      0.000	      0.000	      0.000	      0.000	      0.000	
 06/04-14:05	2556.600	2558.400	2556.000	2558.200	           1147	    200.000	           	           	   2574.200	   2568.600	   2559.419	   2560.070	   2565.550	   2576.155	           	      0.000	      0.000	      0.000	      0.000	      0.000	      0.000	      0.000	      0.000	      0.000	      0.000	
 06/04-14:06	2558.400	2558.800	2555.600	2556.600	           2082	    201.000	           	           	   2574.200	   2568.600	   2559.433	   2559.997	   2565.279	   2576.006	           	      0.000	      0.000	      0.000	      0.000	      0.000	      0.000	      0.000	      0.000	      0.000	      0.000	
 06/04-14:07	2556.400	2557.000	2554.200	2555.400	           2413	    202.000	           	           	   2574.200	   2568.600	   2559.333	   2559.890	   2565.035	   2575.848	           	      0.000	      0.000	      0.000	      0.000	      0.000	      0.000	      0.000	      0.000	      0.000	      0.000	
 06/04-14:08	2555.400	2557.800	2555.400	2557.200	           2036	    203.000	           	           	   2574.200	   2568.600	   2559.252	   2559.817	   2564.808	   2575.699	           	      0.000	      0.000	      0.000	      0.000	      0.000	      0.000	      0.000	      0.000	      0.000	      0.000	
 06/04-14:09	2557.200	2558.800	2556.400	2558.600	           1884	    204.000	           	           	   2574.200	   2568.600	   2559.246	   2559.740	   2564.592	   2575.554	           	      0.000	      0.000	      0.000	      0.000	      0.000	      0.000	      0.000	      0.000	      0.000	      0.000	
 06/04-14:10	2558.400	2558.600	2557.000	2557.600	           1087	    205.000	           	           	   2574.200	   2568.600	   2559.254	   2559.637	   2564.377	   2575.409	           	      0.000	      0.000	      0.000	      0.000	      0.000	      0.000	      0.000	      0.000	      0.000	      0.000	
 06/04-14:11	2557.600	2560.200	2557.600	2559.800	           2654	    206.000	           	           	   2574.200	   2568.600	   2559.192	   2559.590	   2564.187	   2575.281	           	      0.000	      0.000	      0.000	      0.000	      0.000	      0.000	      0.000	      0.000	      0.000	      0.000	
 06/04-14:12	2559.800	2560.000	2556.600	2556.800	           1895	    207.000	           	           	   2574.200	   2568.600	   2558.985	   2559.490	   2563.982	   2575.133	           	      0.000	      0.000	      0.000	      0.000	      0.000	      0.000	      0.000	      0.000	      0.000	      0.000	
 06/04-14:13	2556.800	2557.800	2555.800	2557.400	           2409	    208.000	           	           	   2574.200	   2568.600	   2558.808	   2559.427	   2563.792	   2574.987	           	      0.000	      0.000	      0.000	      0.000	      0.000	      0.000	      0.000	      0.000	      0.000	      0.000	
 06/04-14:14	2557.400	2558.800	2557.000	2557.200	           1248	    209.000	           	           	   2574.200	   2568.600	   2558.633	   2559.344	   2563.607	   2574.838	           	      0.000	      0.000	      0.000	      0.000	      0.000	      0.000	      0.000	      0.000	      0.000	      0.000	
 06/04-14:15	2557.200	2560.200	2556.600	2560.200	           1979	    210.000	           	           	   2574.200	   2568.600	   2558.540	   2559.273	   2563.433	   2574.708	           	      0.000	      0.000	      0.000	      0.000	      0.000	      0.000	      0.000	      0.000	      0.000	      0.000	
 06/04-14:16	2560.400	2561.200	2557.400	2559.600	           3448	    211.000	           	           	   2574.200	   2568.600	   2558.467	   2559.221	   2563.260	   2574.574	           	      0.000	      0.000	      0.000	      0.000	      0.000	      0.000	      0.000	      0.000	      0.000	      0.000	
 06/04-14:17	2559.600	2560.800	2559.000	2559.800	           1464	    212.000	           	           	   2574.200	   2568.600	   2558.406	   2559.156	   2563.100	   2574.445	           	      0.000	      0.000	      0.000	      0.000	      0.000	      0.000	      0.000	      0.000	      0.000	      0.000	
 06/04-14:18	2560.000	2560.200	2559.000	2559.400	           1200	    213.000	           	           	   2574.200	   2568.600	   2558.367	   2559.100	   2562.925	   2574.312	           	      0.000	      0.000	      0.000	      0.000	      0.000	      0.000	      0.000	      0.000	      0.000	      0.000	
 06/04-14:19	2559.200	2559.600	2557.600	2559.400	           1325	    214.000	           	           	   2574.200	   2568.600	   2558.285	   2559.056	   2562.758	   2574.182	           	      0.000	      0.000	      0.000	      0.000	      0.000	      0.000	      0.000	      0.000	      0.000	      0.000	
 06/04-14:20	2559.600	2559.600	2557.200	2559.400	           1404	    215.000	           	           	   2574.200	   2568.600	   2558.294	   2559.013	   2562.583	   2574.046	           	      0.000	      0.000	      0.000	      0.000	      0.000	      0.000	      0.000	      0.000	      0.000	      0.000	
 06/04-14:21	2559.400	2563.000	2559.400	2561.200	           4089	    216.000	           	           	   2574.200	   2568.600	   2558.381	   2559.013	   2562.445	   2573.918	           	      0.000	      0.000	      0.000	      0.000	      0.000	      0.000	      0.000	      0.000	      0.000	      0.000	
 06/04-14:22	2561.400	2561.600	2560.200	2561.400	           1580	    217.000	           	           	   2574.200	   2568.600	   2558.519	   2558.983	   2562.307	   2573.788	           	      0.000	      0.000	      0.000	      0.000	      0.000	      0.000	      0.000	      0.000	      0.000	      0.000	
 06/04-14:23	2561.400	2561.400	2559.200	2559.600	           1918	    218.000	           	           	   2574.200	   2568.600	   2558.600	   2558.917	   2562.150	   2573.650	           	      0.000	      0.000	      0.000	      0.000	      0.000	      0.000	      0.000	      0.000	      0.000	      0.000	
 06/04-14:24	2559.800	2559.800	2557.600	2559.200	           2423	    219.000	           	           	   2574.200	   2568.600	   2558.706	   2558.864	   2562.005	   2573.499	           	      0.000	      0.000	      0.000	      0.000	      0.000	      0.000	      0.000	      0.000	      0.000	      0.000	
 06/04-14:25	2559.400	2559.400	2557.600	2559.000	           1488	    220.000	           	           	   2574.200	   2568.600	   2558.827	   2558.806	   2561.858	   2573.354	           	      0.000	      0.000	      0.000	      0.000	      0.000	      0.000	      0.000	      0.000	      0.000	      0.000	
 06/04-14:26	2559.200	2559.400	2557.800	2559.200	           1109	    221.000	           	           	   2574.200	   2568.600	   2558.840	   2558.767	   2561.703	   2573.207	           	      0.000	      0.000	      0.000	      0.000	      0.000	      0.000	      0.000	      0.000	      0.000	      0.000	
 06/04-14:27	2559.200	2559.200	2557.200	2558.000	           1794	    222.000	           	   2558.000	   2574.200	   2568.600	   2558.727	   2558.740	   2561.543	   2573.055	           	      0.000	      0.000	      0.000	      0.000	      0.000	      0.000	      0.000	      0.000	      0.000	      0.000	
 06/04-14:28	2558.000	2558.800	2557.400	2558.600	           1046	    223.000	           	   2558.000	   2574.200	   2568.600	   2558.640	   2558.747	   2561.383	   2572.905	           	      0.000	      0.000	      0.000	      0.000	      0.000	      0.000	      0.000	      0.000	      0.000	      0.000	
 06/04-14:29	2558.600	2558.600	2557.600	2558.600	            888	    224.000	           	   2558.000	   2574.200	   2568.600	   2558.552	   2558.737	   2561.215	   2572.756	           	      0.000	      0.000	      0.000	      0.000	      0.000	      0.000	      0.000	      0.000	      0.000	      0.000	
 06/04-14:30	2558.600	2560.600	2558.200	2559.800	           2087	    225.000	           	   2558.000	   2574.200	   2568.600	   2558.600	   2558.783	   2561.075	   2572.614	           	      0.000	      0.000	      0.000	      0.000	      0.000	      0.000	      0.000	      0.000	      0.000	      0.000	
 06/04-14:31	2559.200	2560.400	2558.800	2560.200	           1628	    226.000	           	   2558.000	   2574.200	   2568.600	   2558.685	   2558.879	   2560.942	   2572.473	           	      0.000	      0.000	      0.000	      0.000	      0.000	      0.000	      0.000	      0.000	      0.000	      0.000	
 06/04-14:32	2560.200	2562.000	2558.200	2560.200	           3398	    227.000	           	   2558.000	   2574.200	   2568.600	   2558.748	   2558.988	   2560.812	   2572.334	           	      0.000	      0.000	      0.000	      0.000	      0.000	      0.000	      0.000	      0.000	      0.000	      0.000	
 06/04-14:33	2560.000	2561.400	2559.400	2561.000	           1403	    228.000	           	   2558.000	   2574.200	   2568.600	   2558.848	   2559.114	   2560.717	   2572.195	           	      0.000	      0.000	      0.000	      0.000	      0.000	      0.000	      0.000	      0.000	      0.000	      0.000	
 06/04-14:34	2561.400	2561.800	2560.200	2560.800	           1489	    229.000	           	   2558.000	   2574.200	   2568.600	   2558.979	   2559.176	   2560.621	   2572.040	           	      0.000	      0.000	      0.000	      0.000	      0.000	      0.000	      0.000	      0.000	      0.000	      0.000	
 06/04-14:35	2560.800	2561.800	2559.000	2559.200	           2482	    230.000	           	   2558.000	   2574.200	   2568.600	   2559.015	   2559.217	   2560.527	   2571.886	           	      0.000	      0.000	      0.000	      0.000	      0.000	      0.000	      0.000	      0.000	      0.000	      0.000	
 06/04-14:36	2559.400	2559.600	2558.200	2558.200	           2225	    231.000	           	   2558.000	   2574.200	   2568.600	   2559.067	   2559.250	   2560.422	   2571.729	           	      0.000	      0.000	      0.000	      0.000	      0.000	      0.000	      0.000	      0.000	      0.000	      0.000	
 06/04-14:37	2558.200	2558.600	2557.400	2557.800	           2248	    232.000	           	   2558.000	   2574.200	   2568.600	   2559.148	   2559.241	   2560.319	   2571.574	           	      0.000	      0.000	      0.000	      0.000	      0.000	      0.000	      0.000	      0.000	      0.000	      0.000	
 06/04-14:38	2557.800	2558.600	2555.200	2556.000	           3908	    233.000	           	   2558.000	   2574.200	   2568.600	   2559.108	   2559.180	   2560.229	   2571.410	           	      0.000	      0.000	      0.000	      0.000	      0.000	      0.000	      0.000	      0.000	      0.000	      0.000	
 06/04-14:39	2556.400	2557.800	2556.000	2557.600	           1990	    234.000	           	   2558.000	   2574.200	   2568.600	   2559.073	   2559.159	   2560.138	   2571.252	           	      0.000	      0.000	      0.000	      0.000	      0.000	      0.000	      0.000	      0.000	      0.000	      0.000	
 06/04-14:40	2557.600	2557.600	2555.600	2556.600	           1735	    235.000	           	   2558.000	   2574.200	   2568.600	   2559.040	   2559.147	   2560.050	   2571.087	           	      0.000	      0.000	      0.000	      0.000	      0.000	      0.000	      0.000	      0.000	      0.000	      0.000	
 06/04-14:41	2556.600	2556.800	2555.000	2556.200	           1703	    236.000	           	   2558.000	   2574.200	   2568.600	   2558.921	   2559.056	   2559.953	   2570.920	           	      0.000	      0.000	      0.000	      0.000	      0.000	      0.000	      0.000	      0.000	      0.000	      0.000	
 06/04-14:42	2556.200	2557.400	2555.600	2557.000	           1715	    237.000	           	   2558.000	   2574.200	   2568.600	   2558.927	   2558.956	   2559.858	   2570.752	           	      0.000	      0.000	      0.000	      0.000	      0.000	      0.000	      0.000	      0.000	      0.000	      0.000	
 06/04-14:43	2557.000	2558.000	2556.800	2557.000	           1774	    238.000	           	   2558.000	   2574.200	   2568.600	   2558.913	   2558.860	   2559.743	   2570.583	           	      0.000	      0.000	      0.000	      0.000	      0.000	      0.000	      0.000	      0.000	      0.000	      0.000	
 06/04-14:44	2557.000	2557.800	2556.800	2557.200	           1006	    239.000	           	   2558.000	   2574.200	   2568.600	   2558.915	   2558.774	   2559.649	   2570.416	           	      0.000	      0.000	      0.000	      0.000	      0.000	      0.000	      0.000	      0.000	      0.000	      0.000	
 06/04-14:45	2557.200	2557.600	2556.600	2557.600	            846	    240.000	           	   2558.000	   2574.200	   2568.600	   2558.825	   2558.682	   2559.578	   2570.253	           	      0.000	      0.000	      0.000	      0.000	      0.000	      0.000	      0.000	      0.000	      0.000	      0.000	
 06/04-14:46	2557.400	2561.400	2557.400	2561.200	           4983	    241.000	           	   2558.000	   2574.200	   2568.600	   2558.879	   2558.673	   2559.552	   2570.102	           	      0.000	      0.000	      0.000	      0.000	      0.000	      0.000	      0.000	      0.000	      0.000	      0.000	
 06/04-14:47	2561.400	2564.000	2561.200	2562.000	           5811	    242.000	           	   2558.000	   2574.200	   2568.600	   2558.954	   2558.680	   2559.532	   2569.957	           	      0.000	      0.000	      0.000	      0.000	      0.000	      0.000	      0.000	      0.000	      0.000	      0.000	
 06/04-14:48	2562.000	2562.400	2561.200	2562.000	           1739	    243.000	           	   2558.000	   2574.200	   2568.600	   2559.040	   2558.703	   2559.515	   2569.811	           	      0.000	      0.000	      0.000	      0.000	      0.000	      0.000	      0.000	      0.000	      0.000	      0.000	
 06/04-14:49	2562.000	2562.800	2561.200	2562.800	           1554	    244.000	           	   2558.000	   2574.200	   2568.600	   2559.152	   2558.719	   2559.496	   2569.669	           	      0.000	      0.000	      0.000	      0.000	      0.000	      0.000	      0.000	      0.000	      0.000	      0.000	
 06/04-14:50	2562.800	2562.800	2561.600	2562.600	           1951	    245.000	           	   2558.000	   2574.200	   2568.600	   2559.258	   2558.776	   2559.488	   2569.529	           	      0.000	      0.000	      0.000	      0.000	      0.000	      0.000	      0.000	      0.000	      0.000	      0.000	
 06/04-14:51	2562.600	2562.600	2561.200	2561.200	           2002	    246.000	           	   2558.000	   2574.200	   2568.600	   2559.260	   2558.821	   2559.447	   2569.384	           	      0.000	      0.000	      0.000	      0.000	      0.000	      0.000	      0.000	      0.000	      0.000	      0.000	
 06/04-14:52	2561.400	2562.600	2561.200	2561.400	           1105	    247.000	           	   2558.000	   2574.200	   2568.600	   2559.260	   2558.890	   2559.420	   2569.243	           	      0.000	      0.000	      0.000	      0.000	      0.000	      0.000	      0.000	      0.000	      0.000	      0.000	
 06/04-14:53	2561.400	2562.000	2561.200	2561.600	            731	    248.000	           	   2558.000	   2574.200	   2568.600	   2559.327	   2558.964	   2559.412	   2569.104	           	      0.000	      0.000	      0.000	      0.000	      0.000	      0.000	      0.000	      0.000	      0.000	      0.000	
 06/04-14:54	2561.800	2562.000	2561.400	2561.800	            801	    249.000	           	   2558.000	   2574.200	   2568.600	   2559.413	   2559.059	   2559.420	   2568.963	           	      0.000	      0.000	      0.000	      0.000	      0.000	      0.000	      0.000	      0.000	      0.000	      0.000	
 06/04-14:55	2561.800	2562.000	2560.600	2562.000	           2002	    250.000	           	   2558.000	   2574.200	   2568.600	   2559.512	   2559.170	   2559.428	   2568.823	           	      0.000	      0.000	      0.000	      0.000	      0.000	      0.000	      0.000	      0.000	      0.000	      0.000	
 06/04-14:56	2562.200	2563.000	2561.200	2561.600	           2063	    251.000	   2561.600	   2558.000	   2574.200	   2568.600	   2559.594	   2559.217	   2559.442	   2568.686	           	      0.000	      0.000	      0.000	      0.000	      0.000	      0.000	      0.000	      0.000	      0.000	      0.000	
 06/04-14:57	2562.200	2562.200	2561.000	2561.200	           1768	    252.000	   2561.600	   2558.000	   2574.200	   2568.600	   2559.702	   2559.215	   2559.499	   2568.540	           	      0.000	      0.000	      0.000	      0.000	      0.000	      0.000	      0.000	      0.000	      0.000	      0.000	
 06/04-14:58	2561.000	2561.600	2560.400	2561.200	           1652	    253.000	   2561.600	   2558.000	   2574.200	   2568.600	   2559.785	   2559.212	   2559.553	   2568.409	           	      0.000	      0.000	      0.000	      0.000	      0.000	      0.000	      0.000	      0.000	      0.000	      0.000	
 06/04-14:59	2561.200	2562.000	2561.000	2561.600	           1148	    254.000	   2561.600	   2558.000	   2574.200	   2568.600	   2559.887	   2559.220	   2559.617	   2568.281	           	      0.000	      0.000	      0.000	      0.000	      0.000	      0.000	      0.000	      0.000	      0.000	      0.000	
 06/04-15:00	2561.800	2562.200	2561.400	2561.800	           1737	    255.000	   2561.600	   2558.000	   2574.200	   2568.600	   2559.952	   2559.276	   2559.661	   2568.157	           	      0.000	      0.000	      0.000	      0.000	      0.000	      0.000	      0.000	      0.000	      0.000	      0.000	
 06/04-15:01	2562.000	2563.200	2561.800	2563.200	           2089	    256.000	   2561.600	   2558.000	   2574.200	   2568.600	   2560.054	   2559.370	   2559.714	   2568.038	           	      0.000	      0.000	      0.000	      0.000	      0.000	      0.000	      0.000	      0.000	      0.000	      0.000	
 06/04-15:02	2563.000	2563.400	2561.800	2562.000	           1459	    257.000	   2561.600	   2558.000	   2574.200	   2568.600	   2560.113	   2559.430	   2559.753	   2567.915	           	      0.000	      0.000	      0.000	      0.000	      0.000	      0.000	      0.000	      0.000	      0.000	      0.000	
 06/04-15:03	2562.000	2562.400	2561.200	2562.400	           1300	    258.000	   2561.600	   2558.000	   2574.200	   2568.600	   2560.158	   2559.503	   2559.785	   2567.793	           	      0.000	      0.000	      0.000	      0.000	      0.000	      0.000	      0.000	      0.000	      0.000	      0.000	
 06/04-15:04	2562.400	2562.600	2562.000	2562.600	            816	    259.000	   2561.600	   2558.000	   2574.200	   2568.600	   2560.221	   2559.600	   2559.828	   2567.670	           	      0.000	      0.000	      0.000	      0.000	      0.000	      0.000	      0.000	      0.000	      0.000	      0.000	
 06/04-15:05	2562.400	2563.800	2562.400	2563.400	           1788	    260.000	   2561.600	   2558.000	   2574.200	   2568.600	   2560.358	   2559.687	   2559.878	   2567.558	           	      0.000	      0.000	      0.000	      0.000	      0.000	      0.000	      0.000	      0.000	      0.000	      0.000	
 06/04-15:06	2563.600	2563.600	2562.600	2563.000	           1179	    261.000	   2561.600	   2558.000	   2574.200	   2568.600	   2560.519	   2559.793	   2559.895	   2567.443	           	      0.000	      0.000	      0.000	      0.000	      0.000	      0.000	      0.000	      0.000	      0.000	      0.000	
 06/04-15:07	2563.200	2563.400	2562.600	2563.400	            723	    262.000	   2561.600	   2558.000	   2574.200	   2568.600	   2560.704	   2559.926	   2559.908	   2567.349	           	      0.000	      0.000	      0.000	      0.000	      0.000	      0.000	      0.000	      0.000	      0.000	      0.000	
 06/04-15:08	2563.400	2563.800	2563.000	2563.600	           1464	    263.000	   2561.600	   2558.000	   2574.200	   2568.600	   2560.958	   2560.033	   2559.925	   2567.268	           	      0.000	      0.000	      0.000	      0.000	      0.000	      0.000	      0.000	      0.000	      0.000	      0.000	
 06/04-15:09	2563.800	2564.800	2563.400	2564.800	           2188	    264.000	   2561.600	   2558.000	   2574.200	   2568.600	   2561.202	   2560.137	   2559.938	   2567.190	           	      0.000	      0.000	      0.000	      0.000	      0.000	      0.000	      0.000	      0.000	      0.000	      0.000	
 06/04-15:10	2564.800	2565.400	2564.200	2565.400	           2477	    265.000	   2561.600	   2558.000	   2574.200	   2568.600	   2561.494	   2560.267	   2559.952	   2567.115	           	      0.000	      0.000	      0.000	      0.000	      0.000	      0.000	      0.000	      0.000	      0.000	      0.000	
 06/04-15:11	2565.400	2566.000	2564.600	2564.800	           1744	    266.000	   2561.600	   2558.000	   2574.200	   2568.600	   2561.779	   2560.350	   2559.970	   2567.039	           	      0.000	      0.000	      0.000	      0.000	      0.000	      0.000	      0.000	      0.000	      0.000	      0.000	
 06/04-15:12	2564.800	2565.200	2564.200	2565.000	           1570	    267.000	   2561.600	   2558.000	   2574.200	   2568.600	   2562.046	   2560.487	   2559.988	   2566.973	           	      0.000	      0.000	      0.000	      0.000	      0.000	      0.000	      0.000	      0.000	      0.000	      0.000	
 06/04-15:13	2564.800	2565.200	2563.600	2564.000	           2286	    268.000	   2561.600	   2558.000	   2574.200	   2568.600	   2562.279	   2560.596	   2560.011	   2566.896	           	      0.000	      0.000	      0.000	      0.000	      0.000	      0.000	      0.000	      0.000	      0.000	      0.000	
 06/04-15:14	2564.000	2564.400	2563.200	2563.800	           2412	    269.000	   2561.600	   2558.000	   2574.200	   2568.600	   2562.500	   2560.707	   2560.026	   2566.811	           	      0.000	      0.000	      0.000	      0.000	      0.000	      0.000	      0.000	      0.000	      0.000	      0.000	
 06/04-15:15	2564.000	2564.000	2562.600	2562.600	           2945	    270.000	   2561.600	   2558.000	   2574.200	   2568.600	   2562.667	   2560.746	   2560.009	   2566.727	           	      0.000	      0.000	      0.000	      0.000	      0.000	      0.000	      0.000	      0.000	      0.000	      0.000	