 07/09-09:16	2135.000	2136.800	2132.000	2133.800	           4821	      1.000	   2129.996	   2130.733	   2132.410	   2135.298	           	      0.000	      0.000	      1.000	      0.000	      0.000	      0.000	      0.000	      0.000	      0.000	
 07/09-09:17	2134.200	2138.600	2133.800	2138.200	           3909	      2.000	   2130.150	   2130.758	   2132.458	   2135.304	           	      0.000	      0.000	      1.000	      0.000	      0.000	      0.000	      0.000	      0.000	      0.000	
 07/09-09:18	2138.000	2141.200	2137.600	2138.600	           4177	      3.000	   2130.333	   2130.800	   2132.515	   2135.329	           	      0.000	      0.000	      1.000	      0.000	      0.000	      0.000	      0.000	      0.000	      0.000	
 07/09-09:19	2138.600	2138.800	2136.200	2137.200	           2398	      4.000	   2130.475	   2130.815	   2132.550	   2135.350	           	      0.000	      0.000	      1.000	      0.000	      0.000	      0.000	      0.000	      0.000	      0.000	
 07/09-09:20	2137.200	2138.800	2135.600	2136.000	           2017	      5.000	   2130.587	   2130.800	   2132.582	   2135.374	           	      0.000	      0.000	      1.000	      0.000	      0.000	      0.000	      0.000	      0.000	      0.000	
 07/09-09:21	2135.600	2138.000	2135.600	2135.800	           1767	      6.000	   2130.758	   2130.796	   2132.595	   2135.379	           	      0.000	      0.000	      1.000	      0.000	      0.000	      0.000	      0.000	      0.000	      0.000	
 07/09-09:22	2135.800	2136.800	2135.400	2136.800	           1345	      7.000	   2130.983	   2130.831	   2132.629	   2135.389	           	      0.000	      0.000	      1.000	      0.000	      0.000	      0.000	      0.000	      0.000	      0.000	
 07/09-09:23	2136.600	2137.800	2136.200	2136.600	           1527	      8.000	   2131.246	   2130.863	   2132.631	   2135.398	           	      0.000	      0.000	      1.000	      0.000	      0.000	      0.000	      0.000	      0.000	      0.000	
 07/09-09:24	2136.600	2136.800	2135.000	2136.000	           1529	      9.000	   2131.471	   2130.896	   2132.631	   2135.421	           	      0.000	      0.000	      1.000	      0.000	      0.000	      0.000	      0.000	      0.000	      0.000	
 07/09-09:25	2135.600	2137.000	2135.200	2136.800	            928	     10.000	   2131.700	   2130.965	   2132.638	   2135.483	           	      0.000	      0.000	      1.000	      0.000	      0.000	      0.000	      0.000	      0.000	      0.000	
 07/09-09:26	2136.400	2137.000	2133.800	2134.000	           1868	     11.000	   2131.800	   2130.983	   2132.642	   2135.539	           	      1.000	      0.000	      0.000	      0.000	      0.000	      0.000	      0.000	      0.000	      0.000	
 07/09-09:27	2134.000	2135.800	2131.400	2134.800	           3140	     12.000	   2131.925	   2131.044	   2132.613	   2135.610	           	      1.000	      0.000	      0.000	      0.000	      0.000	      0.000	      0.000	      0.000	      0.000	
 07/09-09:28	2134.600	2138.400	2134.600	2137.600	           2713	     13.000	   2132.200	   2131.137	   2132.622	   2135.680	           	      1.000	      0.000	      0.000	      0.000	      0.000	      0.000	      0.000	      0.000	      0.000	
 07/09-09:29	2137.400	2138.200	2137.000	2137.000	           1341	     14.000	   2132.508	   2131.246	   2132.648	   2135.741	           	      1.000	      0.000	      0.000	      0.000	      0.000	      0.000	      0.000	      0.000	      0.000	
 07/09-09:30	2137.200	2137.600	2136.200	2136.200	           1104	     15.000	   2132.788	   2131.350	   2132.672	   2135.838	           	      1.000	      0.000	      0.000	      0.000	      0.000	      0.000	      0.000	      0.000	      0.000	
 07/09-09:31	2136.400	2139.800	2136.200	2139.400	           3506	     16.000	   2133.142	   2131.517	   2132.729	   2135.943	           	      1.000	      0.000	      0.000	      0.000	      0.000	      0.000	      0.000	      0.000	      0.000	
 07/09-09:32	2140.000	2142.600	2138.000	2138.200	           4775	     17.000	   2133.417	   2131.633	   2132.776	   2136.040	           	      1.000	      0.000	      0.000	      0.000	      0.000	      1.000	      0.000	      0.000	      0.000	
 07/09-09:33	2138.200	2140.000	2137.800	2139.000	           2357	     18.000	   2133.746	   2131.740	   2132.820	   2136.136	           	      1.000	      0.000	      0.000	      0.000	      0.000	      0.000	      0.000	      0.000	      0.000	
 07/09-09:34	2138.600	2140.400	2137.200	2139.400	           2754	     19.000	   2134.087	   2131.877	   2132.866	   2136.236	           	      1.000	      0.000	      0.000	      0.000	      0.000	      0.000	      0.000	      0.000	      0.000	
 07/09-09:35	2139.400	2139.800	2137.200	2137.200	           2337	     20.000	   2134.354	   2131.996	   2132.915	   2136.338	           	      1.000	      0.000	      0.000	      0.000	      0.000	      0.000	      0.000	      0.000	      0.000	
 07/09-09:36	2137.400	2138.400	2136.600	2137.200	           2167	     21.000	   2134.629	   2132.173	   2132.958	   2136.447	           	      1.000	      0.000	      0.000	      0.000	      0.000	      0.000	      0.000	      0.000	      0.000	
 07/09-09:37	2136.800	2136.800	2134.600	2135.000	           3212	     22.000	   2134.808	   2132.331	   2133.008	   2136.523	           	      1.000	      0.000	      0.000	      0.000	      0.000	      0.000	      0.000	      0.000	      0.000	
 07/09-09:38	2135.200	2136.600	2134.000	2135.000	           2351	     23.000	   2135.008	   2132.483	   2133.057	   2136.562	           	      1.000	      0.000	      0.000	      0.000	      0.000	      0.000	      0.000	      0.000	      0.000	
 07/09-09:39	2135.000	2135.400	2133.000	2134.200	           2476	     24.000	   2135.200	   2132.613	   2133.090	   2136.608	           	      1.000	      0.000	      0.000	      0.000	      0.000	      0.000	      0.000	      0.000	      0.000	
 07/09-09:40	2133.800	2135.200	2133.000	2134.600	           2200	     25.000	   2135.387	   2132.756	   2133.117	   2136.647	           	      1.000	      0.000	      0.000	      0.000	      0.000	      0.000	      0.000	      0.000	      0.000	
 07/09-09:41	2134.800	2135.400	2132.800	2133.400	           2679	     26.000	   2135.533	   2132.825	   2133.138	   2136.692	           	      1.000	      0.000	      0.000	      0.000	      0.000	      0.000	      0.000	      0.000	      0.000	
 07/09-09:42	2133.600	2134.600	2133.000	2133.800	           1938	     27.000	   2135.667	   2132.890	   2133.140	   2136.730	           	      1.000	      0.000	      0.000	      0.000	      0.000	      0.000	      0.000	      0.000	      0.000	
 07/09-09:43	2133.600	2137.400	2133.400	2136.600	           4119	     28.000	   2135.896	   2133.000	   2133.162	   2136.752	           	      0.000	      0.000	      1.000	      0.000	      0.000	      0.000	      0.000	      0.000	      0.000	
 07/09-09:44	2136.800	2137.800	2136.600	2136.600	           1868	     29.000	   2136.125	   2133.125	   2133.187	   2136.779	           	      0.000	      0.000	      1.000	      0.000	      0.000	      0.000	      0.000	      0.000	      0.000	
 07/09-09:45	2136.800	2136.800	2135.200	2135.800	           2116	     30.000	   2136.363	   2133.171	   2133.202	   2136.794	           	      0.000	      0.000	      1.000	      0.000	      0.000	      0.000	      0.000	      0.000	      0.000	
 07/09-09:46	2135.400	2139.000	2135.400	2137.000	           3518	     31.000	   2136.467	   2133.231	   2133.190	   2136.831	           	      0.000	      0.000	      1.000	      0.000	      0.000	      0.000	      0.000	      0.000	      0.000	
 07/09-09:47	2137.000	2138.200	2136.600	2138.000	           1658	     32.000	   2136.462	   2133.306	   2133.155	   2136.878	           	      0.000	      0.000	      1.000	      0.000	      0.000	      0.000	      0.000	      0.000	      0.000	
 07/09-09:48	2138.000	2138.800	2136.800	2137.000	           1945	     33.000	   2136.408	   2133.371	   2133.122	   2136.916	           	      0.000	      0.000	      1.000	      0.000	      0.000	      0.000	      0.000	      0.000	      0.000	
 07/09-09:49	2136.800	2138.000	2136.600	2137.800	           1453	     34.000	   2136.425	   2133.450	   2133.096	   2136.950	           	      1.000	      0.000	      0.000	      0.000	      0.000	      0.000	      0.000	      0.000	      0.000	
 07/09-09:50	2137.800	2139.200	2137.200	2139.200	           2284	     35.000	   2136.533	   2133.560	   2133.094	   2136.985	           	      1.000	      0.000	      0.000	      0.000	      0.000	      0.000	      0.000	      0.000	      0.000	
 07/09-09:51	2139.400	2139.800	2137.600	2139.400	           2406	     36.000	   2136.654	   2133.706	   2133.086	   2137.027	           	      0.000	      0.000	      1.000	      0.000	      0.000	      0.000	      0.000	      0.000	      0.000	
 07/09-09:52	2139.400	2139.400	2136.000	2136.600	           2745	     37.000	   2136.646	   2133.815	   2133.069	   2137.052	           	      0.000	      0.000	      1.000	      0.000	      0.000	      0.000	      0.000	      0.000	      0.000	
 07/09-09:53	2136.800	2137.000	2135.000	2135.200	           2602	     38.000	   2136.600	   2133.923	   2133.031	   2137.064	           	      0.000	      0.000	      1.000	      0.000	      0.000	      0.000	      0.000	      0.000	      0.000	
 07/09-09:54	2135.200	2136.000	2134.600	2135.800	           1907	     39.000	   2136.596	   2134.033	   2132.999	   2137.081	           	      0.000	      0.000	      1.000	      0.000	      0.000	      0.000	      0.000	      0.000	      0.000	
 07/09-09:55	2136.000	2136.200	2134.800	2135.400	           1802	     40.000	   2136.546	   2134.123	   2132.997	   2137.099	           	      0.000	      0.000	      1.000	      0.000	      0.000	      0.000	      0.000	      0.000	      0.000	
 07/09-09:56	2135.400	2136.000	2135.000	2136.000	            922	     41.000	   2136.613	   2134.206	   2133.027	   2137.134	           	      0.000	      0.000	      1.000	      0.000	      0.000	      0.000	      0.000	      0.000	      0.000	
 07/09-09:57	2136.000	2137.800	2135.600	2136.200	           2207	     42.000	   2136.663	   2134.294	   2133.055	   2137.152	           	      0.000	      0.000	      1.000	      0.000	      0.000	      0.000	      0.000	      0.000	      0.000	
 07/09-09:58	2136.400	2136.400	2133.400	2133.400	           3311	     43.000	   2136.521	   2134.360	   2133.066	   2137.158	           	      0.000	      0.000	      1.000	      0.000	      0.000	      0.000	      0.000	      0.000	      0.000	
 07/09-09:59	2133.400	2134.400	2133.400	2133.800	           1616	     44.000	   2136.413	   2134.460	   2133.073	   2137.168	           	      0.000	      0.000	      1.000	      0.000	      0.000	      0.000	      0.000	      0.000	      0.000	
 07/09-10:00	2134.000	2135.200	2133.400	2134.400	           1434	     45.000	   2136.350	   2134.569	   2133.071	   2137.173	           	      0.000	      0.000	      1.000	      0.000	      0.000	      0.000	      0.000	      0.000	      0.000	
 07/09-10:01	2134.200	2138.200	2134.000	2138.200	           2826	     46.000	   2136.313	   2134.727	   2133.123	   2137.195	           	      0.000	      0.000	      1.000	      0.000	      0.000	      0.000	      0.000	      0.000	      0.000	
 07/09-10:02	2138.000	2140.000	2137.600	2139.800	           4980	     47.000	   2136.367	   2134.892	   2133.179	   2137.215	           	      0.000	      0.000	      1.000	      0.000	      0.000	      0.000	      0.000	      0.000	      0.000	
 07/09-10:03	2139.000	2139.600	2138.000	2139.400	           2414	     48.000	   2136.383	   2135.065	   2133.238	   2137.243	           	      0.000	      0.000	      1.000	      0.000	      0.000	      0.000	      0.000	      0.000	      0.000	
 07/09-10:04	2139.400	2139.600	2137.400	2137.800	           1617	     49.000	   2136.325	   2135.206	   2133.290	   2137.268	           	      0.000	      0.000	      1.000	      0.000	      0.000	      0.000	      0.000	      0.000	      0.000	
 07/09-10:05	2137.800	2140.800	2137.800	2140.000	           3310	     50.000	   2136.421	   2135.387	   2133.370	   2137.295	           	      0.000	      0.000	      1.000	      0.000	      0.000	      0.000	      0.000	      0.000	      0.000	
 07/09-10:06	2140.200	2140.600	2138.600	2140.600	           2081	     51.000	   2136.533	   2135.581	   2133.453	   2137.324	           	      0.000	      0.000	      1.000	      0.000	      0.000	      0.000	      0.000	      0.000	      0.000	
 07/09-10:07	2140.600	2143.800	2140.400	2140.400	           6102	     52.000	   2136.712	   2135.760	   2133.522	   2137.319	           	      0.000	      0.000	      1.000	      0.000	      0.000	      0.000	      0.000	      0.000	      0.000	
 07/09-10:08	2140.400	2142.600	2139.400	2141.800	           3029	     53.000	   2136.938	   2135.973	   2133.592	   2137.313	           	      0.000	      0.000	      1.000	      0.000	      0.000	      0.000	      0.000	      0.000	      0.000	
 07/09-10:09	2141.600	2141.800	2140.200	2140.400	           2048	     54.000	   2137.150	   2136.175	   2133.667	   2137.306	           	      0.000	      0.000	      1.000	      0.000	      0.000	      0.000	      0.000	      0.000	      0.000	
 07/09-10:10	2140.200	2142.200	2139.800	2139.800	           2230	     55.000	   2137.321	   2136.354	   2133.740	   2137.285	           	      0.000	      0.000	      1.000	      0.000	      0.000	      0.000	      0.000	      0.000	      0.000	
 07/09-10:11	2139.800	2140.800	2138.600	2138.800	           2860	     56.000	   2137.500	   2136.517	   2133.793	   2137.274	           	      0.000	      0.000	      1.000	      0.000	      0.000	      0.000	      0.000	      0.000	      0.000	
 07/09-10:12	2139.200	2140.400	2139.000	2139.200	           1426	     57.000	   2137.679	   2136.673	   2133.853	   2137.270	           	      0.000	      0.000	      1.000	      0.000	      0.000	      0.000	      0.000	      0.000	      0.000	
 07/09-10:13	2139.000	2141.000	2139.000	2140.200	           1804	     58.000	   2137.800	   2136.848	   2133.924	   2137.272	           	      0.000	      0.000	      1.000	      0.000	      0.000	      0.000	      0.000	      0.000	      0.000	
 07/09-10:14	2140.000	2140.800	2137.600	2137.800	           3326	     59.000	   2137.842	   2136.983	   2133.950	   2137.264	           	      0.000	      0.000	      1.000	      0.000	      0.000	      0.000	      0.000	      0.000	      0.000	
 07/09-10:15	2138.000	2138.600	2136.400	2136.800	           2634	     60.000	   2137.871	   2137.117	   2133.943	   2137.263	           	      0.000	      0.000	      1.000	      0.000	      0.000	      0.000	      0.000	      0.000	      0.000	
 07/09-10:16	2137.000	2138.600	2136.800	2137.400	           1883	     61.000	   2137.887	   2137.177	   2133.955	   2137.270	           	      0.000	      0.000	      1.000	      0.000	      0.000	      0.000	      0.000	      0.000	      0.000	
 07/09-10:17	2137.400	2138.000	2136.600	2138.000	           1658	     62.000	   2137.887	   2137.175	   2133.967	   2137.275	           	      0.000	      0.000	      1.000	      0.000	      0.000	      0.000	      0.000	      0.000	      0.000	
 07/09-10:18	2137.800	2138.400	2136.000	2136.600	           2492	     63.000	   2137.871	   2137.140	   2133.970	   2137.278	           	      0.000	      0.000	      1.000	      0.000	      0.000	      0.000	      0.000	      0.000	      0.000	
 07/09-10:19	2136.600	2137.400	2136.000	2137.400	           1752	     64.000	   2137.863	   2137.144	   2133.979	   2137.277	           	      0.000	      0.000	      1.000	      0.000	      0.000	      0.000	      0.000	      0.000	      0.000	
 07/09-10:20	2137.400	2137.800	2135.200	2135.600	           2492	     65.000	   2137.738	   2137.135	   2133.968	   2137.260	           	      0.000	      0.000	      1.000	      0.000	      0.000	      0.000	      0.000	      0.000	      0.000	
 07/09-10:21	2135.800	2136.000	2135.000	2135.400	           1928	     66.000	   2137.608	   2137.131	   2133.964	   2137.245	           	      0.000	      0.000	      1.000	      0.000	      0.000	      0.000	      0.000	      0.000	      0.000	
 07/09-10:22	2135.200	2136.200	2135.000	2136.200	           1657	     67.000	   2137.592	   2137.119	   2133.975	   2137.213	           	      0.000	      0.000	      1.000	      0.000	      0.000	      0.000	      0.000	      0.000	      0.000	
 07/09-10:23	2136.400	2136.600	2133.800	2133.800	           2939	     68.000	   2137.550	   2137.075	   2133.969	   2137.178	           	      0.000	      0.000	      1.000	      0.000	      0.000	      0.000	      0.000	      0.000	      0.000	
 07/09-10:24	2133.800	2135.200	2133.600	2134.000	           1994	     69.000	   2137.488	   2137.042	   2133.969	   2137.155	           	      0.000	      0.000	      1.000	      0.000	      0.000	      0.000	      0.000	      0.000	      0.000	
 07/09-10:25	2134.200	2135.200	2133.200	2133.200	           1910	     70.000	   2137.413	   2136.979	   2133.972	   2137.128	           	      0.000	      0.000	      1.000	      0.000	      0.000	      0.000	      0.000	      0.000	      0.000	
 07/09-10:26	2133.200	2133.400	2129.600	2131.400	           7390	     71.000	   2137.258	   2136.935	   2133.959	   2137.102	           	      0.000	      0.000	      1.000	      0.000	      0.000	      0.000	      0.000	      0.000	      0.000	
 07/09-10:27	2131.200	2131.600	2129.000	2130.000	           4532	     72.000	   2137.050	   2136.856	   2133.950	   2137.086	           	      0.000	      0.000	      1.000	      0.000	      0.000	      0.000	      0.000	      0.000	      0.000	
 07/09-10:28	2129.800	2131.000	2128.600	2130.600	           4041	     73.000	   2136.958	   2136.740	   2133.938	   2137.075	           	      0.000	      0.000	      1.000	      0.000	      0.000	      0.000	      0.000	      0.000	      0.000	
 07/09-10:29	2130.400	2131.800	2130.000	2131.000	           3224	     74.000	   2136.867	   2136.640	   2133.943	   2137.058	           	      0.000	      0.000	      1.000	      0.000	      0.000	      0.000	      0.000	      0.000	      0.000	
 07/09-10:30	2131.000	2131.000	2128.000	2129.000	           3889	     75.000	   2136.688	   2136.519	   2133.934	   2137.032	           	      0.000	      0.000	      1.000	      0.000	      0.000	      0.000	      0.000	      0.000	      0.000	
 07/09-10:31	2129.200	2131.400	2129.200	2130.800	           2913	     76.000	   2136.442	   2136.377	   2133.947	   2137.014	           	      0.000	      0.000	      1.000	      0.000	      0.000	      0.000	      0.000	      0.000	      0.000	
 07/09-10:32	2130.800	2131.600	2129.800	2129.800	           2126	     77.000	   2136.108	   2136.238	   2133.935	   2136.986	           	      0.000	      0.000	      1.000	      0.000	      0.000	      0.000	      0.000	      0.000	      0.000	
 07/09-10:33	2130.200	2130.200	2126.600	2127.800	           4170	     78.000	   2135.717	   2136.050	   2133.895	   2136.927	           	      0.000	      0.000	      1.000	      0.000	      0.000	      0.000	      0.000	      0.000	      0.000	
 07/09-10:34	2127.800	2129.200	2126.200	2127.000	           2877	     79.000	   2135.358	   2135.842	   2133.859	   2136.865	           	      0.000	      1.000	      0.000	      0.000	      0.000	      0.000	      0.000	      0.000	      0.000	
 07/09-10:35	2127.400	2128.200	2124.400	2125.000	           4466	     80.000	   2134.858	   2135.640	   2133.818	   2136.790	           	      0.000	      1.000	      0.000	      0.000	      0.000	      0.000	      0.000	      0.000	      0.000	
 07/09-10:36	2125.800	2127.200	2124.400	2124.400	           3002	     81.000	   2134.321	   2135.427	   2133.800	   2136.717	           	      0.000	      1.000	      0.000	      0.000	      0.000	      0.000	      0.000	      0.000	      0.000	
 07/09-10:37	2124.200	2126.800	2123.400	2126.800	           3565	     82.000	   2133.867	   2135.290	   2133.810	   2136.642	           	      0.000	      1.000	      0.000	      0.000	      0.000	      0.000	      0.000	      0.000	      0.000	
 07/09-10:38	2126.600	2128.800	2126.400	2128.200	           3866	     83.000	   2133.417	   2135.177	   2133.830	   2136.552	           	      0.000	      1.000	      0.000	      0.000	      0.000	      0.000	      0.000	      0.000	      0.000	
 07/09-10:39	2128.200	2129.200	2127.600	2129.200	           2487	     84.000	   2133.038	   2135.094	   2133.853	   2136.461	           	      0.000	      1.000	      0.000	      0.000	      0.000	      0.000	      0.000	      0.000	      0.000	
 07/09-10:40	2129.200	2129.400	2128.400	2128.400	           2044	     85.000	   2132.658	   2134.990	   2133.873	   2136.324	           	      0.000	      1.000	      0.000	      0.000	      0.000	      0.000	      0.000	      0.000	      0.000	
 07/09-10:41	2128.200	2130.200	2127.600	2129.600	           3410	     86.000	   2132.354	   2134.927	   2133.876	   2136.218	           	      0.000	      1.000	      0.000	      0.000	      0.000	      0.000	      0.000	      0.000	      0.000	
 07/09-10:42	2129.200	2129.600	2128.400	2129.400	           1076	     87.000	   2132.025	   2134.852	   2133.871	   2136.114	           	      0.000	      1.000	      0.000	      0.000	      0.000	      0.000	      0.000	      0.000	      0.000	
 07/09-10:43	2129.000	2129.200	2127.400	2128.400	           1902	     88.000	   2131.633	   2134.717	   2133.858	   2136.000	           	      0.000	      1.000	      0.000	      0.000	      0.000	      0.000	      0.000	      0.000	      0.000	
 07/09-10:44	2128.400	2128.800	2127.000	2128.600	           1835	     89.000	   2131.325	   2134.583	   2133.854	   2135.900	           	      0.000	      1.000	      0.000	      0.000	      0.000	      0.000	      0.000	      0.000	      0.000	
 07/09-10:45	2128.200	2128.400	2127.200	2127.600	           1325	     90.000	   2131.021	   2134.446	   2133.808	   2135.795	           	      0.000	      1.000	      0.000	      0.000	      0.000	      0.000	      0.000	      0.000	      0.000	
 07/09-10:46	2127.800	2128.000	2125.600	2126.800	           2929	     91.000	   2130.667	   2134.277	   2133.754	   2135.678	           	      0.000	      1.000	      0.000	      0.000	      0.000	      0.000	      0.000	      0.000	      0.000	
 07/09-10:47	2127.200	2129.800	2127.200	2129.400	           3002	     92.000	   2130.379	   2134.133	   2133.720	   2135.573	           	      0.000	      1.000	      0.000	      0.000	      0.000	      0.000	      0.000	      0.000	      0.000	
 07/09-10:48	2129.800	2132.200	2129.600	2131.800	           5135	     93.000	   2130.221	   2134.046	   2133.708	   2135.473	           	      0.000	      1.000	      0.000	      0.000	      0.000	      0.000	      0.000	      0.000	      0.000	
 07/09-10:49	2131.800	2132.600	2131.400	2132.000	           3160	     94.000	   2130.038	   2133.950	   2133.700	   2135.391	           	      0.000	      1.000	      0.000	      0.000	      0.000	      0.000	      0.000	      0.000	      0.000	
 07/09-10:50	2132.000	2132.800	2131.600	2132.600	           2289	     95.000	   2129.942	   2133.840	   2133.700	   2135.313	           	      0.000	      1.000	      0.000	      0.000	      0.000	      0.000	      0.000	      0.000	      0.000	
 07/09-10:51	2132.400	2133.000	2131.200	2131.600	           2229	     96.000	   2129.813	   2133.710	   2133.708	   2135.222	           	      0.000	      1.000	      0.000	      0.000	      0.000	      0.000	      0.000	      0.000	      0.000	
 07/09-10:52	2131.800	2131.800	2130.600	2131.000	           1829	     97.000	   2129.642	   2133.617	   2133.716	   2135.099	           	      0.000	      1.000	      0.000	      0.000	      0.000	      0.000	      0.000	      0.000	      0.000	
 07/09-10:53	2131.000	2131.400	2129.200	2129.400	           2031	     98.000	   2129.492	   2133.521	   2133.722	   2134.979	           	      0.000	      1.000	      0.000	      0.000	      0.000	      0.000	      0.000	      0.000	      0.000	
 07/09-10:54	2129.400	2131.400	2129.400	2131.200	           1732	     99.000	   2129.400	   2133.444	   2133.739	   2134.856	           	      0.000	      1.000	      0.000	      0.000	      0.000	      0.000	      0.000	      0.000	      0.000	
 07/09-10:55	2131.000	2132.000	2130.200	2130.800	           1765	    100.000	   2129.321	   2133.367	   2133.745	   2134.741	           	      0.000	      1.000	      0.000	      0.000	      0.000	      0.000	      0.000	      0.000	      0.000	
 07/09-10:56	2131.200	2131.200	2128.000	2129.000	           2966	    101.000	   2129.242	   2133.250	   2133.728	   2134.623	           	      0.000	      1.000	      0.000	      0.000	      0.000	      0.000	      0.000	      0.000	      0.000	
 07/09-10:57	2129.000	2130.400	2128.200	2130.400	           1591	    102.000	   2129.254	   2133.152	   2133.723	   2134.529	           	      0.000	      1.000	      0.000	      0.000	      0.000	      0.000	      0.000	      0.000	      0.000	
 07/09-10:58	2130.800	2132.000	2130.000	2131.000	           2514	    103.000	   2129.267	   2133.113	   2133.737	   2134.424	           	      0.000	      1.000	      0.000	      0.000	      0.000	      0.000	      0.000	      0.000	      0.000	
 07/09-10:59	2130.800	2131.000	2128.200	2128.400	           2181	    104.000	   2129.179	   2133.023	   2133.742	   2134.302	           	      0.000	      1.000	      0.000	      0.000	      0.000	      0.000	      0.000	      0.000	      0.000	
 07/09-11:00	2128.600	2129.200	2127.200	2128.000	           2702	    105.000	   2129.146	   2132.917	   2133.743	   2134.175	           	      0.000	      1.000	      0.000	      0.000	      0.000	      0.000	      0.000	      0.000	      0.000	
 07/09-11:01	2128.000	2129.600	2127.800	2128.200	           1908	    106.000	   2129.058	   2132.750	   2133.739	   2134.057	           	      0.000	      1.000	      0.000	      0.000	      0.000	      0.000	      0.000	      0.000	      0.000	
 07/09-11:02	2128.200	2129.000	2126.400	2127.000	           2732	    107.000	   2128.967	   2132.538	   2133.715	   2133.938	           	      0.000	      1.000	      0.000	      0.000	      0.000	      0.000	      0.000	      0.000	      0.000	
 07/09-11:03	2127.200	2128.200	2126.800	2127.400	           2025	    108.000	   2128.954	   2132.335	   2133.700	   2133.837	           	      0.000	      1.000	      0.000	      0.000	      0.000	      0.000	      0.000	      0.000	      0.000	
 07/09-11:04	2127.400	2129.000	2127.000	2127.200	           1900	    109.000	   2128.962	   2132.160	   2133.683	   2133.753	           	      0.000	      1.000	      0.000	      0.000	      0.000	      0.000	      0.000	      0.000	      0.000	
 07/09-11:05	2127.200	2128.200	2126.200	2127.600	           2134	    110.000	   2129.050	   2131.954	   2133.671	   2133.681	           	      0.000	      1.000	      0.000	      0.000	      0.000	      0.000	      0.000	      0.000	      0.000	
 07/09-11:06	2127.600	2128.600	2126.600	2128.600	           2193	    111.000	   2129.183	   2131.752	   2133.667	   2133.620	           	      0.000	      1.000	      0.000	      0.000	      0.000	      0.000	      0.000	      0.000	      0.000	
 07/09-11:07	2128.600	2130.800	2128.400	2130.400	           3742	    112.000	   2129.308	   2131.587	   2133.674	   2133.570	           	      0.000	      1.000	      0.000	      0.000	      0.000	      0.000	      0.000	      0.000	      0.000	
 07/09-11:08	2130.400	2131.200	2129.200	2130.200	           2095	    113.000	   2129.371	   2131.394	   2133.683	   2133.519	           	      0.000	      1.000	      0.000	      0.000	      0.000	      0.000	      0.000	      0.000	      0.000	
 07/09-11:09	2130.200	2130.800	2129.600	2130.400	           1487	    114.000	   2129.413	   2131.225	   2133.700	   2133.463	           	      0.000	      1.000	      0.000	      0.000	      0.000	      0.000	      0.000	      0.000	      0.000	
 07/09-11:10	2130.800	2132.200	2130.600	2131.600	           2915	    115.000	   2129.521	   2131.090	   2133.722	   2133.421	           	      0.000	      1.000	      0.000	      0.000	      0.000	      0.000	      0.000	      0.000	      0.000	
 07/09-11:11	2131.400	2132.000	2129.400	2129.600	           2431	    116.000	   2129.521	   2130.938	   2133.727	   2133.383	           	      0.000	      1.000	      0.000	      0.000	      0.000	      0.000	      0.000	      0.000	      0.000	
 07/09-11:12	2129.600	2130.000	2128.800	2129.400	           1749	    117.000	   2129.521	   2130.773	   2133.723	   2133.345	           	      0.000	      1.000	      0.000	      0.000	      0.000	      0.000	      0.000	      0.000	      0.000	
 07/09-11:13	2129.600	2132.200	2129.400	2131.800	           2587	    118.000	   2129.633	   2130.633	   2133.741	   2133.315	           	      0.000	      0.000	      1.000	      0.000	      0.000	      0.000	      0.000	      0.000	      0.000	
 07/09-11:14	2131.800	2133.400	2131.000	2133.000	           3466	    119.000	   2129.783	   2130.554	   2133.769	   2133.291	           	      0.000	      0.000	      1.000	      0.000	      0.000	      0.000	      0.000	      0.000	      0.000	
 07/09-11:15	2133.000	2135.800	2132.000	2135.400	           4877	    120.000	   2130.042	   2130.531	   2133.824	   2133.271	           	      0.000	      0.000	      1.000	      0.000	      0.000	      0.000	      0.000	      0.000	      0.000	
 07/09-11:16	2135.200	2135.600	2134.200	2134.200	           3560	    121.000	   2130.283	   2130.475	   2133.826	   2133.259	           	      0.000	      0.000	      1.000	      0.000	      0.000	      0.000	      0.000	      0.000	      0.000	
 07/09-11:17	2134.400	2135.400	2133.800	2134.800	           2657	    122.000	   2130.467	   2130.423	   2133.799	   2133.240	           	      0.000	      0.000	      1.000	      0.000	      0.000	      0.000	      0.000	      0.000	      0.000	
 07/09-11:18	2134.800	2137.000	2134.000	2134.600	           3493	    123.000	   2130.563	   2130.392	   2133.766	   2133.221	           	      0.000	      0.000	      1.000	      0.000	      0.000	      0.000	      0.000	      0.000	      0.000	
 07/09-11:19	2134.200	2134.600	2132.200	2133.400	           3686	    124.000	   2130.608	   2130.323	   2133.733	   2133.194	           	      0.000	      0.000	      1.000	      0.000	      0.000	      0.000	      0.000	      0.000	      0.000	
 07/09-11:20	2133.400	2134.400	2132.200	2134.000	           1918	    125.000	   2130.654	   2130.298	   2133.717	   2133.178	           	      0.000	      0.000	      1.000	      0.000	      0.000	      0.000	      0.000	      0.000	      0.000	
 07/09-11:21	2134.000	2134.200	2132.600	2134.000	           1894	    126.000	   2130.733	   2130.273	   2133.702	   2133.167	           	      0.000	      0.000	      1.000	      0.000	      0.000	      0.000	      0.000	      0.000	      0.000	
 07/09-11:22	2133.800	2133.800	2132.200	2132.600	           1677	    127.000	   2130.788	   2130.215	   2133.667	   2133.148	           	      0.000	      0.000	      1.000	      0.000	      0.000	      0.000	      0.000	      0.000	      0.000	
 07/09-11:23	2132.600	2133.000	2131.800	2132.800	           1667	    128.000	   2130.900	   2130.196	   2133.635	   2133.126	           	      0.000	      0.000	      1.000	      0.000	      0.000	      0.000	      0.000	      0.000	      0.000	
 07/09-11:24	2133.000	2133.200	2131.600	2132.200	           1683	    129.000	   2130.933	   2130.167	   2133.604	   2133.124	           	      0.000	      0.000	      1.000	      0.000	      0.000	      0.000	      0.000	      0.000	      0.000	
 07/09-11:25	2132.400	2135.000	2131.600	2134.800	           1868	    130.000	   2131.067	   2130.194	   2133.586	   2133.138	           	      0.000	      0.000	      1.000	      0.000	      0.000	      0.000	      0.000	      0.000	      0.000	
 07/09-11:26	2134.800	2135.400	2130.400	2130.800	           3761	    131.000	   2131.125	   2130.183	   2133.559	   2133.129	           	      0.000	      0.000	      1.000	      0.000	      0.000	      0.000	      0.000	      0.000	      0.000	
 07/09-11:27	2130.800	2131.600	2130.000	2131.400	           2111	    132.000	   2131.163	   2130.208	   2133.532	   2133.126	           	      0.000	      0.000	      1.000	      0.000	      0.000	      0.000	      0.000	      0.000	      0.000	
 07/09-11:28	2131.400	2133.400	2131.200	2132.600	           1961	    133.000	   2131.212	   2130.240	   2133.490	   2133.128	           	      0.000	      0.000	      1.000	      0.000	      0.000	      0.000	      0.000	      0.000	      0.000	
 07/09-11:29	2132.400	2135.000	2132.000	2134.000	           2595	    134.000	   2131.400	   2130.290	   2133.465	   2133.133	           	      0.000	      0.000	      1.000	      0.000	      0.000	      0.000	      0.000	      0.000	      0.000	
 07/09-11:30	2134.000	2135.600	2133.200	2134.800	           2422	    135.000	   2131.629	   2130.387	   2133.453	   2133.143	           	      0.000	      0.000	      1.000	      0.000	      0.000	      0.000	      0.000	      0.000	      0.000	
 07/09-13:01	2135.000	2137.800	2135.000	2136.000	           4278	    136.000	   2131.887	   2130.473	   2133.425	   2133.150	           	      0.000	      0.000	      1.000	      0.000	      0.000	      0.000	      0.000	      0.000	      0.000	
 07/09-13:02	2135.800	2137.000	2135.400	2135.800	           1875	    137.000	   2132.179	   2130.573	   2133.405	   2133.162	           	      0.000	      0.000	      1.000	      0.000	      0.000	      0.000	      0.000	      0.000	      0.000	
 07/09-13:03	2135.800	2136.400	2134.800	2136.000	           2160	    138.000	   2132.467	   2130.710	   2133.380	   2133.162	           	      0.000	      0.000	      1.000	      0.000	      0.000	      0.000	      0.000	      0.000	      0.000	
 07/09-13:04	2135.400	2136.600	2135.400	2135.800	           1177	    139.000	   2132.754	   2130.858	   2133.350	   2133.161	           	      0.000	      0.000	      1.000	      0.000	      0.000	      0.000	      0.000	      0.000	      0.000	
 07/09-13:05	2135.800	2136.200	2134.400	2135.000	           1665	    140.000	   2133.000	   2131.025	   2133.332	   2133.157	           	      0.000	      0.000	      1.000	      0.000	      0.000	      0.000	      0.000	      0.000	      0.000	
 07/09-13:06	2134.800	2136.800	2134.600	2136.200	           2173	    141.000	   2133.254	   2131.219	   2133.323	   2133.167	           	      0.000	      0.000	      1.000	      0.000	      0.000	      0.000	      0.000	      0.000	      0.000	
 07/09-13:07	2136.400	2136.600	2135.000	2135.400	           2256	    142.000	   2133.417	   2131.363	   2133.326	   2133.156	           	      0.000	      0.000	      1.000	      0.000	      0.000	      0.000	      0.000	      0.000	      0.000	
 07/09-13:08	2135.600	2135.800	2134.200	2134.600	           2037	    143.000	   2133.567	   2131.469	   2133.323	   2133.148	           	      0.000	      0.000	      1.000	      0.000	      0.000	      0.000	      0.000	      0.000	      0.000	
 07/09-13:09	2134.400	2138.000	2134.200	2137.800	           3929	    144.000	   2133.817	   2131.615	   2133.354	   2133.164	           	      0.000	      0.000	      1.000	      0.000	      0.000	      0.000	      0.000	      0.000	      0.000	
 07/09-13:10	2137.600	2139.400	2137.000	2137.800	           4621	    145.000	   2134.021	   2131.771	   2133.380	   2133.181	           	      0.000	      0.000	      1.000	      0.000	      0.000	      0.000	      0.000	      0.000	      0.000	
 07/09-13:11	2138.000	2138.600	2137.200	2138.000	           2027	    146.000	   2134.300	   2131.910	   2133.419	   2133.203	           	      0.000	      0.000	      1.000	      0.000	      0.000	      0.000	      0.000	      0.000	      0.000	
 07/09-13:12	2138.400	2139.200	2137.800	2138.000	           1864	    147.000	   2134.587	   2132.054	   2133.453	   2133.226	           	      0.000	      0.000	      1.000	      0.000	      0.000	      0.000	      0.000	      0.000	      0.000	
 07/09-13:13	2138.200	2138.200	2136.800	2137.800	           1870	    148.000	   2134.783	   2132.208	   2133.462	   2133.241	           	      0.000	      0.000	      1.000	      0.000	      0.000	      0.000	      0.000	      0.000	      0.000	
 07/09-13:14	2138.000	2138.400	2135.600	2136.600	           2361	    149.000	   2134.904	   2132.344	   2133.464	   2133.252	           	      0.000	      0.000	      1.000	      0.000	      0.000	      0.000	      0.000	      0.000	      0.000	
 07/09-13:15	2136.800	2137.400	2135.600	2136.200	           1893	    150.000	   2134.933	   2132.488	   2133.467	   2133.272	           	      0.000	      0.000	      1.000	      0.000	      0.000	      0.000	      0.000	      0.000	      0.000	
 07/09-13:16	2136.400	2137.400	2135.000	2136.000	           2544	    151.000	   2134.996	   2132.640	   2133.458	   2133.288	           	      0.000	      0.000	      1.000	      0.000	      0.000	      0.000	      0.000	      0.000	      0.000	
 07/09-13:17	2136.200	2138.200	2136.000	2138.000	           2301	    152.000	   2135.100	   2132.783	   2133.458	   2133.324	           	      0.000	      0.000	      1.000	      0.000	      0.000	      0.000	      0.000	      0.000	      0.000	
 07/09-13:18	2138.400	2140.800	2138.400	2140.000	           6052	    153.000	   2135.279	   2132.921	   2133.483	   2133.367	           	      0.000	      0.000	      1.000	      0.000	      0.000	      0.000	      0.000	      0.000	      0.000	
 07/09-13:19	2140.000	2141.600	2139.600	2140.000	           3164	    154.000	   2135.500	   2133.054	   2133.502	   2133.406	           	      0.000	      0.000	      1.000	      0.000	      0.000	      0.000	      0.000	      0.000	      0.000	
 07/09-13:20	2140.000	2140.600	2139.200	2140.600	           2167	    155.000	   2135.721	   2133.188	   2133.513	   2133.444	           	      1.000	      0.000	      0.000	      0.000	      0.000	      0.000	      0.000	      0.000	      0.000	
 07/09-13:21	2140.200	2142.000	2138.800	2139.200	           3523	    156.000	   2135.892	   2133.313	   2133.511	   2133.477	           	      1.000	      0.000	      0.000	      0.000	      0.000	      0.000	      0.000	      0.000	      0.000	
 07/09-13:22	2138.800	2140.800	2138.600	2139.000	           1967	    157.000	   2136.104	   2133.446	   2133.531	   2133.498	           	      0.000	      0.000	      1.000	      0.000	      0.000	      0.000	      0.000	      0.000	      0.000	
 07/09-13:23	2139.000	2140.000	2138.600	2140.000	           1453	    158.000	   2136.346	   2133.623	   2133.572	   2133.522	           	      0.000	      0.000	      1.000	      0.000	      0.000	      0.000	      0.000	      0.000	      0.000	
 07/09-13:24	2140.000	2140.600	2138.400	2140.000	           2745	    159.000	   2136.604	   2133.769	   2133.606	   2133.548	           	      0.000	      0.000	      1.000	      0.000	      0.000	      0.000	      0.000	      0.000	      0.000	
 07/09-13:25	2140.000	2140.600	2137.800	2138.200	           2752	    160.000	   2136.721	   2133.894	   2133.630	   2133.565	           	      0.000	      0.000	      1.000	      0.000	      0.000	      0.000	      0.000	      0.000	      0.000	
 07/09-13:26	2138.000	2138.800	2137.600	2138.600	           1779	    161.000	   2136.983	   2134.054	   2133.652	   2133.566	           	      0.000	      0.000	      1.000	      0.000	      0.000	      0.000	      0.000	      0.000	      0.000	
 07/09-13:27	2138.800	2139.600	2138.200	2138.200	           1437	    162.000	   2137.204	   2134.183	   2133.668	   2133.550	           	      0.000	      0.000	      1.000	      0.000	      0.000	      0.000	      0.000	      0.000	      0.000	
 07/09-13:28	2138.000	2138.000	2136.200	2136.800	           3785	    163.000	   2137.350	   2134.281	   2133.697	   2133.533	           	      0.000	      0.000	      1.000	      0.000	      0.000	      0.000	      0.000	      0.000	      0.000	
 07/09-13:29	2136.400	2137.400	2136.400	2136.800	           1472	    164.000	   2137.442	   2134.421	   2133.722	   2133.517	           	      0.000	      0.000	      1.000	      0.000	      0.000	      0.000	      0.000	      0.000	      0.000	
 07/09-13:30	2137.000	2137.600	2136.800	2137.000	           1402	    165.000	   2137.512	   2134.571	   2133.744	   2133.507	           	      0.000	      0.000	      1.000	      0.000	      0.000	      0.000	      0.000	      0.000	      0.000	
 07/09-13:31	2137.000	2137.400	2135.600	2136.000	           2433	    166.000	   2137.512	   2134.700	   2133.725	   2133.490	           	      0.000	      0.000	      1.000	      0.000	      0.000	      0.000	      0.000	      0.000	      0.000	
 07/09-13:32	2136.000	2137.200	2135.400	2135.400	           2303	    167.000	   2137.500	   2134.840	   2133.688	   2133.476	           	      0.000	      0.000	      1.000	      0.000	      0.000	      0.000	      0.000	      0.000	      0.000	
 07/09-13:33	2135.800	2136.600	2135.400	2136.600	           1838	    168.000	   2137.521	   2134.994	   2133.665	   2133.464	           	      0.000	      0.000	      1.000	      0.000	      0.000	      0.000	      0.000	      0.000	      0.000	
 07/09-13:34	2136.600	2137.400	2136.000	2137.400	           1552	    169.000	   2137.571	   2135.163	   2133.661	   2133.455	           	      0.000	      0.000	      1.000	      0.000	      0.000	      0.000	      0.000	      0.000	      0.000	
 07/09-13:35	2137.400	2137.400	2135.200	2135.400	           2185	    170.000	   2137.583	   2135.292	   2133.623	   2133.454	           	      0.000	      0.000	      1.000	      0.000	      0.000	      0.000	      0.000	      0.000	      0.000	
 07/09-13:36	2135.800	2136.600	2135.400	2136.400	           1030	    171.000	   2137.596	   2135.425	   2133.589	   2133.470	           	      0.000	      0.000	      1.000	      0.000	      0.000	      0.000	      0.000	      0.000	      0.000	
 07/09-13:37	2136.200	2138.200	2136.200	2136.400	           3110	    172.000	   2137.629	   2135.523	   2133.555	   2133.484	           	      0.000	      0.000	      1.000	      0.000	      0.000	      0.000	      0.000	      0.000	      0.000	
 07/09-13:38	2136.600	2138.000	2136.200	2138.000	           1438	    173.000	   2137.742	   2135.654	   2133.524	   2133.508	           	      0.000	      0.000	      1.000	      0.000	      0.000	      0.000	      0.000	      0.000	      0.000	
 07/09-13:39	2138.000	2139.400	2137.400	2139.000	           3837	    174.000	   2137.779	   2135.798	   2133.511	   2133.532	           	      0.000	      0.000	      1.000	      0.000	      0.000	      0.000	      0.000	      0.000	      0.000	
 07/09-13:40	2139.200	2139.400	2138.000	2139.400	           2244	    175.000	   2137.833	   2135.927	   2133.508	   2133.551	           	      0.000	      0.000	      1.000	      0.000	      0.000	      0.000	      0.000	      0.000	      0.000	
 07/09-13:41	2139.000	2139.000	2137.800	2138.000	           1272	    176.000	   2137.833	   2136.067	   2133.502	   2133.575	           	      0.000	      0.000	      1.000	      0.000	      0.000	      0.000	      0.000	      0.000	      0.000	
 07/09-13:42	2138.000	2138.400	2137.600	2138.200	           1132	    177.000	   2137.842	   2136.215	   2133.494	   2133.596	           	      0.000	      0.000	      1.000	      0.000	      0.000	      0.000	      0.000	      0.000	      0.000	
 07/09-13:43	2138.000	2138.600	2136.600	2137.800	           2162	    178.000	   2137.842	   2136.313	   2133.473	   2133.617	           	      0.000	      0.000	      1.000	      0.000	      0.000	      0.000	      0.000	      0.000	      0.000	
 07/09-13:44	2137.800	2138.200	2135.400	2136.000	           3286	    179.000	   2137.821	   2136.363	   2133.458	   2133.635	           	      0.000	      0.000	      1.000	      0.000	      0.000	      0.000	      0.000	      0.000	      0.000	
 07/09-13:45	2135.600	2135.800	2133.400	2134.200	           4906	    180.000	   2137.754	   2136.344	   2133.438	   2133.650	           	      0.000	      0.000	      1.000	      0.000	      0.000	      0.000	      0.000	      0.000	      0.000	
 07/09-13:46	2134.400	2134.400	2132.800	2133.000	           3271	    181.000	   2137.654	   2136.325	   2133.400	   2133.660	           	      0.000	      0.000	      1.000	      0.000	      0.000	      0.000	      0.000	      0.000	      0.000	
 07/09-13:47	2132.800	2133.400	2132.400	2132.800	           2546	    182.000	   2137.479	   2136.290	   2133.356	   2133.663	           	      0.000	      0.000	      1.000	      0.000	      0.000	      0.000	      0.000	      0.000	      0.000	
 07/09-13:48	2132.800	2133.800	2132.600	2133.800	           2149	    183.000	   2137.271	   2136.275	   2133.333	   2133.664	           	      0.000	      0.000	      1.000	      0.000	      0.000	      0.000	      0.000	      0.000	      0.000	
 07/09-13:49	2133.800	2134.200	2132.200	2133.400	           2448	    184.000	   2137.054	   2136.277	   2133.300	   2133.672	           	      0.000	      0.000	      1.000	      0.000	      0.000	      0.000	      0.000	      0.000	      0.000	
 07/09-13:50	2133.200	2133.400	2132.400	2132.800	           1795	    185.000	   2136.792	   2136.256	   2133.277	   2133.679	           	      0.000	      0.000	      1.000	      0.000	      0.000	      0.000	      0.000	      0.000	      0.000	
 07/09-13:51	2132.800	2134.000	2132.600	2133.800	           2110	    186.000	   2136.613	   2136.252	   2133.262	   2133.685	           	      0.000	      0.000	      1.000	      0.000	      0.000	      0.000	      0.000	      0.000	      0.000	
 07/09-13:52	2133.600	2134.800	2133.200	2134.600	           2321	    187.000	   2136.467	   2136.285	   2133.250	   2133.695	           	      0.000	      0.000	      1.000	      0.000	      0.000	      0.000	      0.000	      0.000	      0.000	
 07/09-13:53	2134.600	2136.400	2134.000	2136.000	           3369	    188.000	   2136.333	   2136.340	   2133.268	   2133.712	           	      0.000	      0.000	      1.000	      0.000	      0.000	      0.000	      0.000	      0.000	      0.000	
 07/09-13:54	2135.800	2136.000	2135.000	2135.800	           2625	    189.000	   2136.196	   2136.400	   2133.283	   2133.717	           	      0.000	      0.000	      1.000	      0.000	      0.000	      0.000	      0.000	      0.000	      0.000	
 07/09-13:55	2135.800	2135.800	2134.800	2135.800	           1728	    190.000	   2136.113	   2136.417	   2133.305	   2133.709	           	      0.000	      0.000	      1.000	      0.000	      0.000	      0.000	      0.000	      0.000	      0.000	
 07/09-13:56	2136.000	2138.000	2135.400	2137.200	           4148	    191.000	   2136.067	   2136.525	   2133.354	   2133.715	           	      0.000	      0.000	      1.000	      0.000	      0.000	      0.000	      0.000	      0.000	      0.000	
 07/09-13:57	2137.200	2137.800	2136.800	2137.000	           2007	    192.000	   2136.029	   2136.617	   2133.413	   2133.716	           	      0.000	      0.000	      1.000	      0.000	      0.000	      0.000	      0.000	      0.000	      0.000	
 07/09-13:58	2136.800	2137.000	2136.000	2136.200	           1718	    193.000	   2136.004	   2136.677	   2133.458	   2133.716	           	      0.000	      0.000	      1.000	      0.000	      0.000	      0.000	      0.000	      0.000	      0.000	
 07/09-13:59	2136.200	2136.800	2135.600	2136.200	           1536	    194.000	   2135.988	   2136.715	   2133.502	   2133.716	           	      0.000	      0.000	      1.000	      0.000	      0.000	      0.000	      0.000	      0.000	      0.000	
 07/09-14:00	2136.200	2136.400	2134.200	2135.600	           2639	    195.000	   2135.942	   2136.727	   2133.557	   2133.710	           	      0.000	      0.000	      1.000	      0.000	      0.000	      0.000	      0.000	      0.000	      0.000	
 07/09-14:01	2135.800	2136.200	2134.800	2135.000	           1459	    196.000	   2135.908	   2136.710	   2133.592	   2133.707	           	      0.000	      0.000	      1.000	      0.000	      0.000	      0.000	      0.000	      0.000	      0.000	
 07/09-14:02	2135.400	2136.600	2135.000	2136.200	           1498	    197.000	   2135.933	   2136.717	   2133.645	   2133.712	           	      0.000	      0.000	      1.000	      0.000	      0.000	      0.000	      0.000	      0.000	      0.000	
 07/09-14:03	2136.000	2138.600	2136.000	2138.000	           3691	    198.000	   2135.979	   2136.750	   2133.730	   2133.726	           	      0.000	      0.000	      1.000	      0.000	      0.000	      0.000	      0.000	      0.000	      0.000	
 07/09-14:04	2138.000	2139.000	2137.600	2138.400	           2630	    199.000	   2136.012	   2136.792	   2133.825	   2133.743	           	      0.000	      0.000	      1.000	      0.000	      0.000	      0.000	      0.000	      0.000	      0.000	
 07/09-14:05	2138.400	2139.600	2138.000	2139.400	           2530	    200.000	   2136.150	   2136.867	   2133.946	   2133.770	           	      0.000	      0.000	      1.000	      0.000	      0.000	      0.000	      0.000	      0.000	      0.000	
 07/09-14:06	2139.200	2139.600	2138.600	2139.000	           1940	    201.000	   2136.233	   2136.915	   2134.067	   2133.794	           	      0.000	      0.000	      1.000	      0.000	      0.000	      0.000	      0.000	      0.000	      0.000	
 07/09-14:07	2139.200	2140.000	2138.800	2138.800	           2543	    202.000	   2136.313	   2136.971	   2134.167	   2133.825	           	      0.000	      0.000	      1.000	      0.000	      0.000	      0.000	      0.000	      0.000	      0.000	
 07/09-14:08	2138.600	2139.200	2138.400	2138.800	           1764	    203.000	   2136.337	   2137.040	   2134.254	   2133.852	           	      0.000	      0.000	      1.000	      0.000	      0.000	      0.000	      0.000	      0.000	      0.000	
 07/09-14:09	2138.800	2140.000	2138.600	2139.400	           2220	    204.000	   2136.354	   2137.067	   2134.341	   2133.888	           	      0.000	      0.000	      1.000	      0.000	      0.000	      0.000	      0.000	      0.000	      0.000	
 07/09-14:10	2139.400	2139.400	2137.800	2138.000	           2978	    205.000	   2136.308	   2137.071	   2134.421	   2133.920	           	      0.000	      0.000	      1.000	      0.000	      0.000	      0.000	      0.000	      0.000	      0.000	
 07/09-14:11	2138.000	2139.400	2137.800	2139.200	           1622	    206.000	   2136.346	   2137.090	   2134.500	   2133.959	           	      0.000	      0.000	      1.000	      0.000	      0.000	      0.000	      0.000	      0.000	      0.000	
 07/09-14:12	2139.200	2141.000	2139.000	2139.600	           3723	    207.000	   2136.392	   2137.117	   2134.585	   2133.993	           	      0.000	      0.000	      1.000	      0.000	      0.000	      0.000	      0.000	      0.000	      0.000	
 07/09-14:13	2139.600	2140.000	2138.600	2138.800	           1812	    208.000	   2136.425	   2137.133	   2134.671	   2134.018	           	      0.000	      0.000	      1.000	      0.000	      0.000	      0.000	      0.000	      0.000	      0.000	
 07/09-14:14	2138.800	2139.400	2137.400	2137.800	           2737	    209.000	   2136.488	   2137.154	   2134.749	   2134.044	           	      0.000	      0.000	      1.000	      0.000	      0.000	      0.000	      0.000	      0.000	      0.000	
 07/09-14:15	2137.600	2138.800	2137.200	2137.800	           1712	    210.000	   2136.604	   2137.179	   2134.833	   2134.075	           	      0.000	      0.000	      1.000	      0.000	      0.000	      0.000	      0.000	      0.000	      0.000	
 07/09-14:16	2137.800	2138.600	2137.600	2137.800	           1255	    211.000	   2136.767	   2137.210	   2134.925	   2134.120	           	      0.000	      0.000	      1.000	      0.000	      0.000	      0.000	      0.000	      0.000	      0.000	
 07/09-14:17	2138.000	2138.400	2136.200	2136.400	           3561	    212.000	   2136.887	   2137.183	   2134.983	   2134.164	           	      0.000	      0.000	      1.000	      0.000	      0.000	      0.000	      0.000	      0.000	      0.000	
 07/09-14:18	2136.200	2136.600	2135.200	2135.800	           2977	    213.000	   2136.954	   2137.113	   2135.017	   2134.203	           	      1.000	      0.000	      0.000	      0.000	      0.000	      0.000	      0.000	      0.000	      0.000	
 07/09-14:19	2135.800	2136.400	2135.600	2136.000	           1250	    214.000	   2137.038	   2137.046	   2135.050	   2134.241	           	      1.000	      0.000	      0.000	      0.000	      0.000	      0.000	      0.000	      0.000	      0.000	
 07/09-14:20	2136.000	2136.600	2135.600	2136.000	           1778	    215.000	   2137.146	   2136.969	   2135.078	   2134.281	           	      1.000	      0.000	      0.000	      0.000	      0.000	      0.000	      0.000	      0.000	      0.000	
 07/09-14:21	2136.400	2138.400	2136.000	2138.400	           2488	    216.000	   2137.300	   2136.956	   2135.134	   2134.318	           	      1.000	      0.000	      0.000	      0.000	      0.000	      0.000	      0.000	      0.000	      0.000	
 07/09-14:22	2138.000	2139.000	2137.400	2137.600	           2480	    217.000	   2137.400	   2136.933	   2135.190	   2134.348	           	      0.000	      0.000	      1.000	      0.000	      0.000	      0.000	      0.000	      0.000	      0.000	
 07/09-14:23	2137.600	2138.600	2137.000	2137.800	           1369	    218.000	   2137.462	   2136.898	   2135.260	   2134.380	           	      0.000	      0.000	      1.000	      0.000	      0.000	      0.000	      0.000	      0.000	      0.000	
 07/09-14:24	2137.600	2137.800	2133.200	2134.000	           6122	    219.000	   2137.400	   2136.798	   2135.283	   2134.400	           	      0.000	      0.000	      1.000	      0.000	      0.000	      0.000	      0.000	      0.000	      0.000	
 07/09-14:25	2133.800	2134.400	2132.600	2132.800	           4397	    220.000	   2137.300	   2136.706	   2135.300	   2134.398	           	      0.000	      0.000	      1.000	      0.000	      0.000	      0.000	      0.000	      0.000	      0.000	
 07/09-14:26	2133.000	2134.400	2133.000	2133.600	           2463	    221.000	   2137.179	   2136.623	   2135.339	   2134.399	           	      0.000	      0.000	      1.000	      0.000	      0.000	      0.000	      0.000	      0.000	      0.000	
 07/09-14:27	2133.600	2133.800	2132.800	2133.400	           2171	    222.000	   2137.058	   2136.544	   2135.364	   2134.399	           	      0.000	      0.000	      1.000	      0.000	      0.000	      0.000	      0.000	      0.000	      0.000	
 07/09-14:28	2133.400	2134.000	2132.800	2133.800	           2174	    223.000	   2136.979	   2136.492	   2135.386	   2134.402	           	      0.000	      0.000	      1.000	      0.000	      0.000	      0.000	      0.000	      0.000	      0.000	
 07/09-14:29	2133.800	2135.000	2133.600	2134.800	           2594	    224.000	   2136.933	   2136.460	   2135.441	   2134.409	           	      0.000	      0.000	      1.000	      0.000	      0.000	      0.000	      0.000	      0.000	      0.000	
 07/09-14:30	2134.800	2135.000	2131.800	2133.600	           3353	    225.000	   2136.867	   2136.404	   2135.488	   2134.413	           	      0.000	      0.000	      1.000	      0.000	      0.000	      0.000	      0.000	      0.000	      0.000	
 07/09-14:31	2133.600	2133.600	2132.200	2132.400	           1882	    226.000	   2136.779	   2136.344	   2135.522	   2134.420	           	      0.000	      0.000	      1.000	      0.000	      0.000	      0.000	      0.000	      0.000	      0.000	
 07/09-14:32	2132.000	2133.400	2131.200	2133.000	           3339	    227.000	   2136.675	   2136.304	   2135.572	   2134.431	           	      0.000	      0.000	      1.000	      0.000	      0.000	      0.000	      0.000	      0.000	      0.000	
 07/09-14:33	2133.000	2133.000	2131.800	2132.600	           2205	    228.000	   2136.496	   2136.238	   2135.616	   2134.448	           	      0.000	      0.000	      1.000	      0.000	      0.000	      0.000	      0.000	      0.000	      0.000	
 07/09-14:34	2132.400	2133.200	2132.000	2132.800	           1561	    229.000	   2136.308	   2136.160	   2135.661	   2134.461	           	      0.000	      0.000	      1.000	      0.000	      0.000	      0.000	      0.000	      0.000	      0.000	
 07/09-14:35	2132.600	2133.000	2132.200	2132.800	            960	    230.000	   2136.083	   2136.117	   2135.704	   2134.472	           	      0.000	      0.000	      1.000	      0.000	      0.000	      0.000	      0.000	      0.000	      0.000	
 07/09-14:36	2132.600	2133.800	2131.600	2133.000	           2480	    231.000	   2135.883	   2136.058	   2135.742	   2134.480	           	      0.000	      0.000	      1.000	      0.000	      0.000	      0.000	      0.000	      0.000	      0.000	
 07/09-14:37	2133.000	2134.000	2132.400	2133.400	           1686	    232.000	   2135.708	   2136.010	   2135.767	   2134.490	           	      0.000	      0.000	      1.000	      0.000	      0.000	      0.000	      0.000	      0.000	      0.000	
 07/09-14:38	2132.800	2133.200	2132.400	2133.200	           1073	    233.000	   2135.521	   2135.929	   2135.792	   2134.506	           	      0.000	      0.000	      1.000	      0.000	      0.000	      0.000	      0.000	      0.000	      0.000	
 07/09-14:39	2132.600	2134.200	2132.600	2133.400	           1502	    234.000	   2135.317	   2135.835	   2135.817	   2134.528	           	      0.000	      0.000	      1.000	      0.000	      0.000	      0.000	      0.000	      0.000	      0.000	
 07/09-14:40	2133.600	2133.800	2132.000	2132.000	           1828	    235.000	   2135.117	   2135.712	   2135.820	   2134.544	           	      0.000	      0.000	      1.000	      0.000	      0.000	      0.000	      0.000	      0.000	      0.000	
 07/09-14:41	2132.200	2133.000	2131.600	2131.800	           1729	    236.000	   2134.875	   2135.610	   2135.839	   2134.557	           	      0.000	      0.000	      1.000	      0.000	      0.000	      0.000	      0.000	      0.000	      0.000	
 07/09-14:42	2131.800	2132.000	2131.000	2131.400	           3082	    237.000	   2134.600	   2135.496	   2135.855	   2134.563	           	      0.000	      0.000	      1.000	      0.000	      0.000	      0.000	      0.000	      0.000	      0.000	
 07/09-14:43	2131.200	2132.600	2131.200	2132.200	           1525	    238.000	   2134.383	   2135.404	   2135.858	   2134.575	           	      0.000	      0.000	      1.000	      0.000	      0.000	      0.000	      0.000	      0.000	      0.000	
 07/09-14:44	2132.200	2133.400	2132.000	2133.200	           1732	    239.000	   2134.225	   2135.356	   2135.859	   2134.591	           	      0.000	      0.000	      1.000	      0.000	      0.000	      0.000	      0.000	      0.000	      0.000	
 07/09-14:45	2133.000	2134.600	2133.000	2133.800	           2833	    240.000	   2134.096	   2135.350	   2135.847	   2134.610	           	      0.000	      0.000	      1.000	      0.000	      0.000	      0.000	      0.000	      0.000	      0.000	
 07/09-14:46	2133.600	2135.000	2133.600	2134.600	           2387	    241.000	   2133.983	   2135.375	   2135.850	   2134.632	           	      0.000	      0.000	      1.000	      0.000	      0.000	      0.000	      0.000	      0.000	      0.000	
 07/09-14:47	2134.800	2134.800	2133.800	2134.400	           1477	    242.000	   2133.921	   2135.404	   2135.847	   2134.652	           	      0.000	      0.000	      1.000	      0.000	      0.000	      0.000	      0.000	      0.000	      0.000	
 07/09-14:48	2134.400	2134.600	2133.800	2134.200	           1054	    243.000	   2133.867	   2135.410	   2135.843	   2134.672	           	      0.000	      0.000	      1.000	      0.000	      0.000	      0.000	      0.000	      0.000	      0.000	
 07/09-14:49	2134.200	2134.600	2133.200	2134.200	           1412	    244.000	   2133.808	   2135.423	   2135.850	   2134.696	           	      0.000	      0.000	      1.000	      0.000	      0.000	      0.000	      0.000	      0.000	      0.000	
 07/09-14:50	2134.400	2134.600	2133.400	2133.600	           1152	    245.000	   2133.729	   2135.438	   2135.847	   2134.714	           	      0.000	      0.000	      1.000	      0.000	      0.000	      0.000	      0.000	      0.000	      0.000	
 07/09-14:51	2133.600	2134.000	2133.200	2134.000	            999	    246.000	   2133.583	   2135.442	   2135.847	   2134.734	           	      0.000	      0.000	      1.000	      0.000	      0.000	      0.000	      0.000	      0.000	      0.000	
 07/09-14:52	2133.800	2134.000	2132.400	2132.800	           1619	    247.000	   2133.421	   2135.410	   2135.848	   2134.746	           	      0.000	      0.000	      1.000	      0.000	      0.000	      0.000	      0.000	      0.000	      0.000	
 07/09-14:53	2132.800	2133.400	2132.800	2132.800	            741	    248.000	   2133.250	   2135.356	   2135.848	   2134.758	           	      0.000	      0.000	      1.000	      0.000	      0.000	      0.000	      0.000	      0.000	      0.000	
 07/09-14:54	2132.800	2133.400	2132.800	2133.000	            746	    249.000	   2133.217	   2135.308	   2135.854	   2134.771	           	      0.000	      0.000	      1.000	      0.000	      0.000	      0.000	      0.000	      0.000	      0.000	
 07/09-14:55	2133.200	2133.400	2132.600	2133.400	            938	    250.000	   2133.242	   2135.271	   2135.844	   2134.790	           	      0.000	      0.000	      1.000	      0.000	      0.000	      0.000	      0.000	      0.000	      0.000	
 07/09-14:56	2133.200	2133.600	2132.800	2133.400	            952	    251.000	   2133.233	   2135.206	   2135.866	   2134.788	           	      0.000	      0.000	      1.000	      0.000	      0.000	      0.000	      0.000	      0.000	      0.000	
 07/09-14:57	2133.400	2134.000	2133.400	2133.600	           1321	    252.000	   2133.242	   2135.150	   2135.883	   2134.770	           	      0.000	      0.000	      1.000	      0.000	      0.000	      0.000	      0.000	      0.000	      0.000	
 07/09-14:58	2133.800	2134.200	2133.600	2134.000	           1167	    253.000	   2133.250	   2135.115	   2135.896	   2134.751	           	      0.000	      0.000	      1.000	      0.000	      0.000	      0.000	      0.000	      0.000	      0.000	
 07/09-14:59	2134.000	2134.000	2132.800	2133.000	           1456	    254.000	   2133.188	   2135.060	   2135.887	   2134.735	           	      0.000	      0.000	      1.000	      0.000	      0.000	      0.000	      0.000	      0.000	      0.000	
 07/09-15:00	2133.000	2133.200	2132.600	2133.200	            936	    255.000	   2133.171	   2135.019	   2135.873	   2134.723	           	      0.000	      0.000	      1.000	      0.000	      0.000	      0.000	      0.000	      0.000	      0.000	
 07/09-15:01	2133.000	2133.600	2132.800	2133.600	           1250	    256.000	   2133.212	   2134.996	   2135.853	   2134.715	           	      0.000	      0.000	      1.000	      0.000	      0.000	      0.000	      0.000	      0.000	      0.000	
 07/09-15:02	2133.600	2133.800	2133.000	2133.200	            718	    257.000	   2133.221	   2134.948	   2135.832	   2134.700	           	      0.000	      0.000	      1.000	      0.000	      0.000	      0.000	      0.000	      0.000	      0.000	
 07/09-15:03	2133.200	2133.600	2133.200	2133.400	            606	    258.000	   2133.246	   2134.871	   2135.810	   2134.688	           	      0.000	      0.000	      1.000	      0.000	      0.000	      0.000	      0.000	      0.000	      0.000	
 07/09-15:04	2133.600	2133.800	2133.000	2133.000	            773	    259.000	   2133.254	   2134.781	   2135.786	   2134.676	           	      0.000	      0.000	      1.000	      0.000	      0.000	      0.000	      0.000	      0.000	      0.000	
 07/09-15:05	2133.000	2133.400	2132.600	2133.000	           1246	    260.000	   2133.262	   2134.673	   2135.770	   2134.660	           	      0.000	      0.000	      1.000	      0.000	      0.000	      0.000	      0.000	      0.000	      0.000	
 07/09-15:06	2133.000	2133.000	2131.200	2132.000	           2234	    261.000	   2133.229	   2134.556	   2135.735	   2134.652	           	      0.000	      0.000	      1.000	      0.000	      0.000	      0.000	      0.000	      0.000	      0.000	
 07/09-15:07	2131.800	2132.000	2131.000	2131.000	           1663	    262.000	   2133.146	   2134.427	   2135.699	   2134.637	           	      0.000	      0.000	      1.000	      0.000	      0.000	      0.000	      0.000	      0.000	      0.000	
 07/09-15:08	2131.400	2131.400	2130.600	2131.200	           1351	    263.000	   2133.079	   2134.300	   2135.670	   2134.611	           	      0.000	      0.000	      1.000	      0.000	      0.000	      0.000	      0.000	      0.000	      0.000	
 07/09-15:09	2131.200	2131.400	2129.800	2129.800	           1718	    264.000	   2132.962	   2134.140	   2135.603	   2134.583	           	      0.000	      0.000	      1.000	      0.000	      0.000	      0.000	      0.000	      0.000	      0.000	
 07/09-15:10	2129.800	2130.400	2129.400	2129.600	           1618	    265.000	   2132.883	   2134.000	   2135.535	   2134.556	           	      0.000	      0.000	      1.000	      0.000	      0.000	      0.000	      0.000	      0.000	      0.000	
 07/09-15:11	2129.600	2130.600	2129.600	2130.400	           1243	    266.000	   2132.833	   2133.854	   2135.472	   2134.520	           	      0.000	      0.000	      1.000	      0.000	      0.000	      0.000	      0.000	      0.000	      0.000	
 07/09-15:12	2130.200	2130.600	2128.200	2129.000	           2045	    267.000	   2132.754	   2133.677	   2135.397	   2134.483	           	      0.000	      0.000	      1.000	      0.000	      0.000	      0.000	      0.000	      0.000	      0.000	
 07/09-15:13	2128.800	2129.000	2128.000	2128.800	           1449	    268.000	   2132.637	   2133.510	   2135.322	   2134.442	           	      0.000	      0.000	      1.000	      0.000	      0.000	      0.000	      0.000	      0.000	      0.000	
 07/09-15:14	2129.000	2129.000	2127.000	2128.000	           2483	    269.000	   2132.467	   2133.346	   2135.250	   2134.396	           	      0.000	      1.000	      0.000	      0.000	      0.000	      0.000	      0.000	      0.000	      0.000	
 07/09-15:15	2128.000	2128.200	2127.200	2127.200	           3002	    270.000	   2132.246	   2133.171	   2135.175	   2134.357	           	      0.000	      1.000	      0.000	      0.000	      0.000	      0.000	      0.000	      0.000	      0.000	