 06/13-09:16	2459.400	2459.400	2448.800	2449.800	           9739	   2480.017	   2478.071	   2484.229	   2506.497	
 06/13-09:17	2450.000	2452.600	2450.000	2450.800	           2838	   2478.975	   2477.700	   2483.825	   2506.162	
 06/13-09:18	2450.600	2451.800	2446.600	2447.000	           3401	   2477.833	   2477.267	   2483.390	   2505.814	
 06/13-09:19	2446.600	2447.800	2444.800	2447.200	           3077	   2476.675	   2476.896	   2482.988	   2505.471	
 06/13-09:20	2446.800	2449.200	2446.800	2448.400	           1982	   2475.517	   2476.521	   2482.658	   2505.132	
 06/13-09:21	2449.200	2449.200	2447.200	2447.200	           1086	   2474.250	   2476.100	   2482.329	   2504.790	
 06/13-09:22	2447.400	2448.400	2443.600	2445.000	           3008	   2472.967	   2475.633	   2481.965	   2504.432	
 06/13-09:23	2445.200	2445.200	2442.000	2442.600	           2642	   2471.642	   2475.108	   2481.587	   2504.065	
 06/13-09:24	2442.400	2443.600	2441.200	2443.000	           1798	   2470.342	   2474.558	   2481.219	   2503.702	
 06/13-09:25	2443.200	2443.200	2438.600	2440.200	           2689	   2468.950	   2473.942	   2480.825	   2503.327	
 06/13-09:26	2440.200	2440.800	2433.800	2433.800	           4176	   2467.358	   2473.229	   2480.356	   2502.928	
 06/13-09:27	2434.000	2436.400	2431.400	2432.400	           3401	   2465.692	   2472.579	   2479.875	   2502.521	
 06/13-09:28	2432.400	2435.800	2432.000	2434.200	           2421	   2464.100	   2471.904	   2479.417	   2502.115	
 06/13-09:29	2434.400	2436.600	2434.400	2435.800	           1882	   2462.567	   2471.246	   2478.958	   2501.722	
 06/13-09:30	2436.200	2437.200	2435.400	2436.400	           1654	   2461.092	   2470.571	   2478.508	   2501.326	
 06/13-09:31	2436.600	2437.200	2434.400	2435.600	           1809	   2459.567	   2469.875	   2478.025	   2500.925	
 06/13-09:32	2435.400	2435.600	2429.000	2431.600	           4430	   2457.883	   2469.163	   2477.456	   2500.505	
 06/13-09:33	2431.000	2433.000	2428.200	2429.600	           3624	   2456.092	   2468.383	   2476.885	   2500.076	
 06/13-09:34	2430.000	2431.600	2427.600	2430.400	           2951	   2454.383	   2467.621	   2476.344	   2499.652	
 06/13-09:35	2430.400	2430.800	2421.400	2421.400	           5186	   2452.442	   2466.683	   2475.744	   2499.187	
 06/13-09:36	2420.800	2422.200	2418.600	2421.200	           5586	   2450.500	   2465.746	   2475.140	   2498.721	
 06/13-09:37	2421.600	2423.200	2419.200	2422.800	           2619	   2448.600	   2464.817	   2474.579	   2498.261	
 06/13-09:38	2422.800	2423.400	2420.200	2421.200	           2497	   2446.650	   2463.917	   2473.992	   2497.797	
 06/13-09:39	2421.000	2421.400	2416.200	2421.000	           3070	   2444.717	   2462.996	   2473.417	   2497.327	
 06/13-09:40	2421.000	2421.200	2417.200	2418.000	           2632	   2442.617	   2461.971	   2472.806	   2496.840	
 06/13-09:41	2418.000	2421.000	2413.600	2420.400	           3962	   2440.658	   2461.038	   2472.223	   2496.370	
 06/13-09:42	2420.600	2421.400	2415.000	2417.800	           2928	   2438.608	   2460.017	   2471.602	   2495.892	
 06/13-09:43	2417.800	2420.400	2416.000	2417.600	           2403	   2436.542	   2458.983	   2470.977	   2495.413	
 06/13-09:44	2417.800	2419.000	2414.800	2416.600	           2982	   2434.517	   2457.904	   2470.331	   2494.935	
 06/13-09:45	2417.000	2418.200	2412.800	2414.600	           4366	   2432.450	   2456.788	   2469.683	   2494.452	
 06/13-09:46	2414.800	2415.200	2407.800	2408.600	           5175	   2431.083	   2455.550	   2468.990	   2493.947	
 06/13-09:47	2409.200	2409.800	2399.000	2400.600	           7587	   2429.408	   2454.192	   2468.210	   2493.413	
 06/13-09:48	2400.400	2402.200	2398.400	2401.200	           2993	   2427.883	   2452.858	   2467.446	   2492.879	
 06/13-09:49	2401.400	2404.600	2401.000	2403.800	           3049	   2426.433	   2451.554	   2466.723	   2492.357	
 06/13-09:50	2403.800	2403.800	2400.000	2400.000	           2253	   2424.817	   2450.167	   2465.952	   2491.819	
 06/13-09:51	2400.200	2401.200	2383.400	2386.600	          10085	   2422.800	   2448.525	   2465.060	   2491.231	
 06/13-09:52	2386.800	2387.200	2377.400	2380.400	           7291	   2420.642	   2446.804	   2464.110	   2490.618	
 06/13-09:53	2380.200	2381.600	2374.800	2377.000	           4793	   2418.458	   2445.050	   2463.131	   2489.993	
 06/13-09:54	2377.200	2384.800	2377.000	2384.400	           4208	   2416.508	   2443.425	   2462.198	   2489.401	
 06/13-09:55	2384.800	2392.000	2384.800	2387.800	           5931	   2414.758	   2441.854	   2461.302	   2488.821	
 06/13-09:56	2388.000	2390.000	2386.600	2387.800	           5183	   2413.225	   2440.292	   2460.419	   2488.235	
 06/13-09:57	2387.800	2388.600	2385.600	2386.600	           1956	   2411.700	   2438.696	   2459.531	   2487.647	
 06/13-09:58	2386.200	2390.400	2385.600	2389.400	           2717	   2410.208	   2437.154	   2458.660	   2487.072	
 06/13-09:59	2389.600	2396.600	2389.400	2391.600	           6102	   2408.733	   2435.650	   2457.842	   2486.504	
 06/13-10:00	2391.600	2391.800	2386.200	2386.600	           3607	   2407.075	   2434.083	   2456.973	   2485.918	
 06/13-10:01	2387.400	2387.400	2384.800	2387.000	           2525	   2405.450	   2432.508	   2456.104	   2485.333	
 06/13-10:02	2386.800	2388.000	2386.000	2387.400	           1236	   2403.983	   2430.933	   2455.244	   2484.752	
 06/13-10:03	2387.600	2388.600	2383.000	2383.800	           2609	   2402.458	   2429.275	   2454.354	   2484.162	
 06/13-10:04	2383.600	2387.600	2383.600	2386.400	           1758	   2400.983	   2427.683	   2453.498	   2483.580	
 06/13-10:05	2386.800	2387.600	2384.800	2385.200	            903	   2399.775	   2426.108	   2452.646	   2482.993	
 06/13-10:06	2385.600	2392.000	2385.400	2390.400	           3033	   2398.758	   2424.629	   2451.819	   2482.427	
 06/13-10:07	2390.400	2391.600	2389.000	2391.200	           2633	   2397.700	   2423.150	   2450.994	   2481.868	
 06/13-10:08	2390.800	2392.600	2388.800	2392.600	           2148	   2396.750	   2421.700	   2450.185	   2481.312	
 06/13-10:09	2393.000	2393.800	2388.000	2388.000	           3079	   2395.650	   2420.183	   2449.340	   2480.738	
 06/13-10:10	2388.200	2389.000	2387.000	2387.800	           2115	   2394.642	   2418.629	   2448.508	   2480.179	
 06/13-10:11	2387.600	2389.400	2386.600	2387.800	           1628	   2393.550	   2417.104	   2447.742	   2479.614	
 06/13-10:12	2387.600	2390.600	2387.600	2390.400	           1291	   2392.642	   2415.625	   2447.040	   2479.053	
 06/13-10:13	2390.600	2392.800	2389.600	2391.000	           2551	   2391.750	   2414.146	   2446.327	   2478.492	
 06/13-10:14	2391.000	2391.000	2387.000	2387.200	           2131	   2390.775	   2412.646	   2445.587	   2477.915	
 06/13-10:15	2387.600	2388.600	2386.600	2388.200	           1906	   2389.900	   2411.175	   2444.848	   2477.343	
 06/13-10:16	2388.200	2390.600	2388.000	2389.800	           1535	   2389.267	   2410.175	   2444.123	   2476.770	
 06/13-10:17	2389.800	2391.400	2388.400	2390.600	           1696	   2388.933	   2409.171	   2443.435	   2476.201	
 06/13-10:18	2390.800	2390.800	2388.200	2390.400	           1176	   2388.575	   2408.229	   2442.748	   2475.630	
 06/13-10:19	2390.200	2392.000	2389.200	2392.000	           1331	   2388.183	   2407.308	   2442.102	   2475.073	
 06/13-10:20	2392.000	2395.200	2388.800	2389.400	           4168	   2387.825	   2406.321	   2441.421	   2474.502	
 06/13-10:21	2389.400	2391.600	2389.400	2391.400	           1437	   2387.983	   2405.392	   2440.746	   2473.934	
 06/13-10:22	2391.400	2391.400	2389.000	2389.200	           1210	   2388.283	   2404.462	   2440.048	   2473.351	
 06/13-10:23	2389.400	2390.200	2388.200	2389.000	           1659	   2388.683	   2403.571	   2439.340	   2472.766	
 06/13-10:24	2389.200	2389.400	2387.200	2387.400	           1882	   2388.775	   2402.642	   2438.600	   2472.175	
 06/13-10:25	2387.600	2389.200	2386.000	2388.400	           2370	   2388.800	   2401.779	   2437.860	   2471.591	
 06/13-10:26	2388.400	2388.600	2386.600	2387.000	            958	   2388.775	   2401.000	   2437.115	   2471.005	
 06/13-10:27	2387.200	2388.800	2385.800	2388.800	           1535	   2388.842	   2400.271	   2436.425	   2470.428	
 06/13-10:28	2388.600	2388.800	2386.400	2387.400	           1050	   2388.783	   2399.496	   2435.700	   2469.847	
 06/13-10:29	2387.600	2389.800	2387.000	2389.200	           1109	   2388.700	   2398.717	   2434.981	   2469.274	
 06/13-10:30	2389.000	2391.200	2388.400	2389.800	           1741	   2388.808	   2397.942	   2434.256	   2468.703	
 06/13-10:31	2389.800	2390.000	2388.000	2389.800	           1134	   2388.900	   2397.175	   2433.525	   2468.136	
 06/13-10:32	2389.800	2390.200	2387.000	2387.600	           1741	   2388.900	   2396.442	   2432.802	   2467.563	
 06/13-10:33	2387.600	2389.600	2387.000	2389.400	           1161	   2389.092	   2395.775	   2432.079	   2466.999	
 06/13-10:34	2389.800	2389.800	2388.400	2389.400	            894	   2389.200	   2395.092	   2431.356	   2466.438	
 06/13-10:35	2389.400	2390.400	2389.000	2390.400	           1138	   2389.367	   2394.571	   2430.627	   2465.878	
 06/13-10:36	2390.400	2392.600	2388.400	2389.000	           2594	   2389.317	   2394.038	   2429.892	   2465.311	
 06/13-10:37	2389.000	2389.200	2387.200	2389.000	           2523	   2389.242	   2393.471	   2429.144	   2464.751	
 06/13-10:38	2389.200	2389.400	2387.400	2388.200	           1354	   2389.100	   2392.925	   2428.421	   2464.189	
 06/13-10:39	2388.200	2388.400	2386.600	2386.800	           1854	   2389.058	   2392.354	   2427.675	   2463.613	
 06/13-10:40	2387.000	2388.200	2386.000	2386.800	           1685	   2389.025	   2391.833	   2426.902	   2463.032	
 06/13-10:41	2387.000	2387.000	2381.400	2382.200	           4964	   2388.842	   2391.196	   2426.117	   2462.426	
 06/13-10:42	2382.600	2382.800	2378.600	2381.200	           4091	   2388.533	   2390.587	   2425.302	   2461.823	
 06/13-10:43	2381.400	2382.000	2379.400	2380.000	           1968	   2388.167	   2389.958	   2424.471	   2461.227	
 06/13-10:44	2379.800	2381.800	2379.600	2380.600	           1759	   2387.942	   2389.358	   2423.631	   2460.643	
 06/13-10:45	2380.600	2381.200	2379.400	2379.800	           1406	   2387.667	   2388.783	   2422.785	   2460.052	
 06/13-10:46	2379.600	2385.800	2379.400	2385.800	           2678	   2387.533	   2388.400	   2421.975	   2459.491	
 06/13-10:47	2386.000	2389.000	2385.000	2387.000	           3829	   2387.417	   2388.175	   2421.183	   2458.935	
 06/13-10:48	2387.000	2388.200	2386.800	2387.600	           1295	   2387.317	   2387.946	   2420.402	   2458.382	
 06/13-10:49	2387.600	2388.400	2386.400	2386.600	           1398	   2387.142	   2387.663	   2419.608	   2457.824	
 06/13-10:50	2387.000	2387.800	2386.600	2387.600	            736	   2387.083	   2387.454	   2418.810	   2457.273	
 06/13-10:51	2387.400	2391.000	2386.800	2391.000	           2824	   2387.067	   2387.525	   2418.025	   2456.740	
 06/13-10:52	2391.200	2392.400	2389.400	2391.200	           2654	   2387.133	   2387.708	   2417.256	   2456.199	
 06/13-10:53	2391.200	2392.000	2390.200	2391.600	           1871	   2387.217	   2387.950	   2416.500	   2455.661	
 06/13-10:54	2391.800	2395.000	2391.800	2395.000	           3911	   2387.475	   2388.125	   2415.775	   2455.142	
 06/13-10:55	2395.000	2395.600	2392.400	2392.800	           2921	   2387.617	   2388.208	   2415.031	   2454.623	
 06/13-10:56	2393.000	2393.000	2390.400	2391.600	           2560	   2387.775	   2388.275	   2414.283	   2454.093	
 06/13-10:57	2391.400	2391.400	2389.000	2389.600	           1640	   2387.800	   2388.321	   2413.508	   2453.555	
 06/13-10:58	2389.600	2392.400	2389.600	2391.200	           1632	   2387.925	   2388.354	   2412.754	   2453.018	
 06/13-10:59	2391.200	2391.400	2389.400	2390.200	           1366	   2387.958	   2388.329	   2411.990	   2452.487	
 06/13-11:00	2390.200	2392.600	2390.000	2391.600	           1496	   2388.017	   2388.413	   2411.248	   2451.965	
 06/13-11:01	2391.600	2393.200	2390.400	2392.200	           1872	   2388.100	   2388.500	   2410.504	   2451.457	
 06/13-11:02	2392.200	2392.600	2390.200	2390.800	           1209	   2388.208	   2388.554	   2409.744	   2450.955	
 06/13-11:03	2390.800	2391.400	2389.800	2390.800	           1209	   2388.250	   2388.671	   2408.973	   2450.464	
 06/13-11:04	2390.800	2392.800	2390.400	2392.200	           1142	   2388.342	   2388.771	   2408.227	   2449.988	
 06/13-11:05	2392.400	2394.600	2391.200	2393.600	           1858	   2388.458	   2388.913	   2407.510	   2449.534	
 06/13-11:06	2393.400	2393.600	2391.000	2392.000	           1255	   2388.558	   2388.938	   2406.783	   2449.072	
 06/13-11:07	2392.000	2393.000	2391.600	2392.600	            911	   2388.675	   2388.958	   2406.054	   2448.606	
 06/13-11:08	2392.600	2392.600	2389.600	2389.800	           2421	   2388.725	   2388.913	   2405.306	   2448.127	
 06/13-11:09	2389.800	2390.000	2386.800	2387.400	           3349	   2388.750	   2388.904	   2404.544	   2447.639	
 06/13-11:10	2387.200	2388.400	2386.800	2387.800	           1610	   2388.783	   2388.904	   2403.767	   2447.174	
 06/13-11:11	2387.800	2390.800	2386.200	2390.600	           2276	   2389.058	   2388.950	   2403.027	   2446.702	
 06/13-11:12	2390.000	2390.400	2387.800	2389.800	           1351	   2389.350	   2388.942	   2402.283	   2446.230	
 06/13-11:13	2389.800	2391.800	2389.200	2390.200	           1925	   2389.683	   2388.925	   2401.535	   2445.760	
 06/13-11:14	2389.800	2392.600	2389.600	2391.000	           1338	   2390.033	   2388.988	   2400.817	   2445.296	
 06/13-11:15	2391.200	2392.000	2389.800	2391.600	           1238	   2390.425	   2389.046	   2400.110	   2444.843	
 06/13-11:16	2391.800	2393.600	2391.000	2392.400	           1550	   2390.642	   2389.087	   2399.631	   2444.381	
 06/13-11:17	2392.600	2394.000	2390.600	2390.600	           1783	   2390.767	   2389.092	   2399.131	   2443.914	
 06/13-11:18	2390.600	2391.600	2388.200	2388.800	           2559	   2390.808	   2389.063	   2398.646	   2443.442	
 06/13-11:19	2388.800	2390.800	2388.600	2390.600	           1288	   2390.933	   2389.038	   2398.173	   2442.981	
 06/13-11:20	2390.600	2392.200	2389.400	2389.400	           1595	   2391.000	   2389.042	   2397.681	   2442.532	
 06/13-11:21	2389.400	2389.600	2388.000	2389.400	           1957	   2390.950	   2389.008	   2397.200	   2442.083	
 06/13-11:22	2389.400	2389.800	2388.600	2389.200	            691	   2390.875	   2389.004	   2396.733	   2441.633	
 06/13-11:23	2389.200	2391.200	2389.000	2391.200	           1137	   2390.867	   2389.042	   2396.306	   2441.193	
 06/13-11:24	2390.600	2392.200	2390.600	2391.800	           1312	   2390.758	   2389.117	   2395.879	   2440.745	
 06/13-11:25	2391.400	2393.600	2391.400	2393.000	           1786	   2390.767	   2389.192	   2395.485	   2440.312	
 06/13-11:26	2393.000	2393.200	2389.200	2389.600	           1782	   2390.700	   2389.238	   2395.119	   2439.868	
 06/13-11:27	2390.000	2390.400	2388.400	2389.600	           2303	   2390.700	   2389.250	   2394.760	   2439.429	
 06/13-11:28	2389.600	2390.000	2388.600	2389.200	            925	   2390.633	   2389.279	   2394.387	   2438.989	
 06/13-11:29	2389.400	2389.400	2387.200	2389.200	           1986	   2390.600	   2389.279	   2393.998	   2438.564	
 06/13-11:30	2389.000	2390.200	2388.000	2389.200	           2038	   2390.525	   2389.271	   2393.606	   2438.169	
 06/13-13:01	2389.400	2391.200	2388.800	2391.000	           1270	   2390.483	   2389.292	   2393.233	   2437.786	
 06/13-13:02	2391.400	2391.400	2389.400	2390.000	            601	   2390.458	   2389.333	   2392.887	   2437.391	
 06/13-13:03	2389.800	2392.000	2389.800	2392.000	           1070	   2390.500	   2389.375	   2392.575	   2437.008	
 06/13-13:04	2391.600	2392.200	2391.200	2392.000	            995	   2390.492	   2389.417	   2392.254	   2436.627	
 06/13-13:05	2392.200	2393.400	2391.800	2392.200	           1515	   2390.433	   2389.446	   2392.008	   2436.245	
 06/13-13:06	2392.400	2393.600	2392.000	2393.400	            782	   2390.483	   2389.521	   2391.779	   2435.859	
 06/13-13:07	2393.400	2393.400	2392.200	2392.800	            713	   2390.492	   2389.583	   2391.527	   2435.469	
 06/13-13:08	2392.800	2393.000	2391.200	2392.000	            943	   2390.567	   2389.646	   2391.285	   2435.081	
 06/13-13:09	2392.000	2393.000	2391.000	2393.000	            875	   2390.750	   2389.750	   2391.052	   2434.689	
 06/13-13:10	2393.000	2393.600	2392.000	2393.000	            942	   2390.925	   2389.854	   2390.844	   2434.300	
 06/13-13:11	2392.800	2392.800	2391.200	2392.400	            867	   2390.992	   2390.025	   2390.610	   2433.895	
 06/13-13:12	2392.000	2393.000	2391.800	2392.600	            840	   2391.075	   2390.212	   2390.400	   2433.466	
 06/13-13:13	2392.800	2394.400	2392.600	2393.000	           1396	   2391.175	   2390.429	   2390.194	   2433.046	
 06/13-13:14	2393.000	2393.600	2391.800	2391.800	           1002	   2391.200	   2390.617	   2389.988	   2432.631	
 06/13-13:15	2391.800	2393.800	2391.600	2393.400	            950	   2391.258	   2390.842	   2389.813	   2432.231	
 06/13-13:16	2393.000	2394.400	2392.800	2394.400	           1234	   2391.333	   2390.988	   2389.694	   2431.835	
 06/13-13:17	2394.400	2394.600	2392.400	2392.600	           1423	   2391.392	   2391.079	   2389.627	   2431.444	
 06/13-13:18	2392.800	2392.800	2391.400	2392.400	           1321	   2391.517	   2391.163	   2389.554	   2431.048	
 06/13-13:19	2392.400	2392.800	2391.400	2392.000	            792	   2391.567	   2391.250	   2389.456	   2430.656	
 06/13-13:20	2391.600	2392.200	2391.400	2391.800	            599	   2391.642	   2391.321	   2389.387	   2430.258	
 06/13-13:21	2391.600	2392.800	2391.600	2392.200	            581	   2391.733	   2391.342	   2389.433	   2429.865	
 06/13-13:22	2392.400	2392.800	2392.000	2392.800	            434	   2391.858	   2391.367	   2389.538	   2429.467	
 06/13-13:23	2392.600	2392.600	2391.000	2391.000	           1354	   2391.850	   2391.358	   2389.654	   2429.060	
 06/13-13:24	2391.000	2391.200	2390.000	2390.600	           1972	   2391.808	   2391.283	   2389.704	   2428.646	
 06/13-13:25	2390.400	2390.600	2388.600	2388.800	           2046	   2391.667	   2391.217	   2389.712	   2428.232	
 06/13-13:26	2388.600	2390.000	2387.800	2388.200	           2053	   2391.617	   2391.158	   2389.717	   2427.817	
 06/13-13:27	2388.200	2389.000	2387.600	2388.600	           1452	   2391.592	   2391.146	   2389.733	   2427.396	
 06/13-13:28	2388.800	2389.600	2388.600	2389.000	            936	   2391.583	   2391.108	   2389.731	   2426.980	
 06/13-13:29	2389.000	2389.400	2388.000	2388.000	            916	   2391.542	   2391.071	   2389.700	   2426.570	
 06/13-13:30	2388.200	2388.800	2384.600	2385.000	           3248	   2391.400	   2390.962	   2389.688	   2426.140	
 06/13-13:31	2385.000	2385.200	2382.400	2384.200	           3561	   2391.167	   2390.825	   2389.663	   2425.701	
 06/13-13:32	2384.000	2384.000	2381.400	2382.200	           2053	   2390.908	   2390.683	   2389.619	   2425.253	
 06/13-13:33	2382.200	2383.200	2382.200	2382.200	           1379	   2390.583	   2390.542	   2389.606	   2424.804	
 06/13-13:34	2382.000	2382.000	2380.000	2380.800	           2923	   2390.208	   2390.350	   2389.560	   2424.341	
 06/13-13:35	2380.800	2382.000	2380.600	2382.000	           1244	   2389.875	   2390.154	   2389.533	   2423.888	
 06/13-13:36	2382.200	2384.600	2382.000	2383.600	           2501	   2389.550	   2390.017	   2389.477	   2423.448	
 06/13-13:37	2383.400	2383.600	2382.200	2383.000	            983	   2389.225	   2389.858	   2389.408	   2423.007	
 06/13-13:38	2383.000	2383.000	2377.800	2378.200	           4046	   2388.758	   2389.663	   2389.288	   2422.544	
 06/13-13:39	2378.000	2382.200	2378.000	2381.800	           2595	   2388.392	   2389.571	   2389.238	   2422.112	
 06/13-13:40	2382.000	2382.600	2381.200	2382.000	           1822	   2388.025	   2389.475	   2389.190	   2421.677	
 06/13-13:41	2382.200	2382.400	2378.400	2379.800	           2122	   2387.600	   2389.296	   2389.123	   2421.231	
 06/13-13:42	2380.600	2382.200	2379.800	2382.000	           1462	   2387.250	   2389.163	   2389.052	   2420.796	
 06/13-13:43	2382.000	2383.800	2382.000	2382.400	           1759	   2386.892	   2389.033	   2388.979	   2420.363	
 06/13-13:44	2382.800	2382.800	2381.600	2382.000	            688	   2386.567	   2388.883	   2388.935	   2419.935	
 06/13-13:45	2382.000	2382.000	2379.200	2380.600	           1411	   2386.142	   2388.700	   2388.873	   2419.508	
 06/13-13:46	2380.800	2381.600	2380.000	2381.000	           1131	   2385.692	   2388.512	   2388.800	   2419.073	
 06/13-13:47	2381.000	2383.000	2380.200	2380.400	           1585	   2385.283	   2388.337	   2388.715	   2418.633	
 06/13-13:48	2380.200	2380.800	2379.000	2379.600	           1974	   2384.858	   2388.188	   2388.625	   2418.194	
 06/13-13:49	2379.600	2381.000	2379.200	2379.200	            949	   2384.433	   2388.000	   2388.519	   2417.753	
 06/13-13:50	2379.000	2379.600	2376.600	2377.600	           3361	   2383.958	   2387.800	   2388.421	   2417.313	
 06/13-13:51	2377.600	2377.600	2370.000	2372.200	           7849	   2383.292	   2387.512	   2388.260	   2416.883	
 06/13-13:52	2372.400	2372.400	2365.400	2367.000	           6086	   2382.433	   2387.146	   2388.075	   2416.452	
 06/13-13:53	2366.600	2369.600	2366.600	2369.200	           2747	   2381.708	   2386.779	   2387.910	   2416.023	
 06/13-13:54	2369.200	2371.200	2369.200	2370.800	           3064	   2381.050	   2386.429	   2387.773	   2415.602	
 06/13-13:55	2370.800	2374.800	2370.800	2374.800	           4041	   2380.583	   2386.125	   2387.658	   2415.193	
 06/13-13:56	2374.800	2374.800	2372.800	2373.800	           1623	   2380.100	   2385.858	   2387.548	   2414.781	
 06/13-13:57	2373.600	2374.400	2373.200	2373.200	           1180	   2379.583	   2385.587	   2387.419	   2414.382	
 06/13-13:58	2373.200	2374.600	2372.000	2374.600	           1412	   2379.100	   2385.342	   2387.310	   2413.988	
 06/13-13:59	2374.200	2377.400	2373.600	2377.400	           2632	   2378.750	   2385.146	   2387.212	   2413.620	
 06/13-14:00	2377.200	2380.000	2377.200	2379.000	           4642	   2378.550	   2384.975	   2387.123	   2413.252	
 06/13-14:01	2378.800	2379.400	2377.600	2377.600	           1660	   2378.333	   2384.750	   2387.021	   2412.872	
 06/13-14:02	2377.600	2379.400	2376.600	2378.000	           1811	   2378.192	   2384.550	   2386.942	   2412.492	
 06/13-14:03	2377.800	2379.600	2377.200	2379.000	           1289	   2378.083	   2384.333	   2386.854	   2412.112	
 06/13-14:04	2379.000	2379.400	2377.800	2378.800	            958	   2378.025	   2384.117	   2386.767	   2411.724	
 06/13-14:05	2378.800	2387.400	2378.000	2384.400	           6049	   2378.100	   2383.988	   2386.717	   2411.352	
 06/13-14:06	2384.400	2384.600	2381.200	2381.400	           3035	   2378.025	   2383.788	   2386.654	   2410.972	
 06/13-14:07	2381.800	2381.800	2380.200	2380.600	           1663	   2377.942	   2383.583	   2386.583	   2410.608	
 06/13-14:08	2380.600	2381.600	2379.200	2381.000	           1599	   2378.042	   2383.400	   2386.523	   2410.234	
 06/13-14:09	2380.800	2382.000	2380.200	2380.600	            842	   2378.000	   2383.196	   2386.473	   2409.855	
 06/13-14:10	2380.600	2382.600	2380.400	2382.600	           1365	   2378.017	   2383.021	   2386.438	   2409.478	
 06/13-14:11	2382.600	2383.000	2381.400	2382.200	           1507	   2378.100	   2382.850	   2386.438	   2409.097	
 06/13-14:12	2382.200	2384.200	2382.000	2382.600	           1895	   2378.117	   2382.683	   2386.448	   2408.730	
 06/13-14:13	2382.600	2385.400	2382.600	2385.200	           1587	   2378.217	   2382.554	   2386.492	   2408.366	
 06/13-14:14	2385.400	2385.400	2382.800	2383.800	           1819	   2378.275	   2382.421	   2386.519	   2407.996	
 06/13-14:15	2384.000	2385.600	2383.800	2384.800	           1830	   2378.408	   2382.275	   2386.558	   2407.624	
 06/13-14:16	2384.800	2386.600	2383.200	2385.200	           2781	   2378.550	   2382.121	   2386.554	   2407.256	
 06/13-14:17	2385.400	2391.400	2385.200	2389.600	           5626	   2378.867	   2382.075	   2386.577	   2406.900	
 06/13-14:18	2389.400	2389.400	2387.400	2388.400	           2377	   2379.150	   2382.004	   2386.583	   2406.553	
 06/13-14:19	2387.400	2388.000	2385.200	2385.600	           2191	   2379.367	   2381.900	   2386.575	   2406.191	
 06/13-14:20	2385.800	2385.800	2384.200	2385.200	           1804	   2379.617	   2381.788	   2386.554	   2405.813	
 06/13-14:21	2385.200	2385.200	2384.000	2384.400	           1549	   2380.025	   2381.658	   2386.500	   2405.445	
 06/13-14:22	2384.200	2385.000	2383.600	2384.400	           1760	   2380.608	   2381.521	   2386.444	   2405.067	
 06/13-14:23	2384.400	2385.600	2384.000	2385.000	           1166	   2381.133	   2381.421	   2386.390	   2404.688	
 06/13-14:24	2385.000	2385.000	2383.800	2384.800	           1468	   2381.600	   2381.325	   2386.304	   2404.302	
 06/13-14:25	2384.800	2385.600	2384.000	2385.600	           1313	   2381.958	   2381.271	   2386.244	   2403.918	
 06/13-14:26	2385.600	2387.400	2384.600	2384.600	           2171	   2382.325	   2381.212	   2386.185	   2403.525	
 06/13-14:27	2385.000	2385.000	2381.600	2383.400	           3452	   2382.658	   2381.121	   2386.133	   2403.130	
 06/13-14:28	2383.600	2384.600	2382.800	2384.200	           1193	   2382.983	   2381.042	   2386.075	   2402.742	
 06/13-14:29	2384.200	2384.400	2383.400	2384.200	            681	   2383.208	   2380.979	   2386.025	   2402.351	
 06/13-14:30	2384.000	2386.600	2383.800	2385.800	           1940	   2383.433	   2380.992	   2385.977	   2401.961	
 06/13-14:31	2386.000	2387.000	2385.400	2386.200	           1404	   2383.725	   2381.029	   2385.927	   2401.565	
 06/13-14:32	2386.200	2386.800	2385.000	2385.000	           1029	   2383.958	   2381.075	   2385.879	   2401.171	
 06/13-14:33	2385.000	2385.600	2384.600	2385.400	            969	   2384.167	   2381.125	   2385.833	   2400.783	
 06/13-14:34	2385.800	2387.200	2385.400	2386.800	           1403	   2384.433	   2381.229	   2385.790	   2400.403	
 06/13-14:35	2386.600	2388.400	2386.600	2387.600	           1773	   2384.542	   2381.321	   2385.738	   2400.025	
 06/13-14:36	2387.400	2388.000	2386.000	2387.200	           1127	   2384.733	   2381.379	   2385.698	   2399.648	
 06/13-14:37	2387.400	2387.600	2386.000	2387.200	           1140	   2384.958	   2381.450	   2385.654	   2399.267	
 06/13-14:38	2387.400	2387.400	2386.200	2387.000	            592	   2385.158	   2381.600	   2385.631	   2398.888	
 06/13-14:39	2387.000	2387.000	2382.200	2385.000	           3336	   2385.300	   2381.650	   2385.610	   2398.500	
 06/13-14:40	2385.000	2386.000	2384.000	2384.600	           1186	   2385.367	   2381.692	   2385.583	   2398.116	
 06/13-14:41	2384.600	2386.000	2384.400	2385.200	           1019	   2385.467	   2381.783	   2385.540	   2397.731	
 06/13-14:42	2385.200	2386.800	2385.000	2386.400	           1305	   2385.592	   2381.854	   2385.508	   2397.348	
 06/13-14:43	2386.200	2387.600	2386.000	2387.200	           1522	   2385.658	   2381.938	   2385.485	   2396.964	
 06/13-14:44	2387.600	2388.000	2385.600	2385.600	           1723	   2385.725	   2382.000	   2385.442	   2396.580	
 06/13-14:45	2386.000	2386.200	2385.000	2385.600	           1563	   2385.750	   2382.079	   2385.390	   2396.203	
 06/13-14:46	2385.800	2385.800	2384.400	2385.000	           1086	   2385.742	   2382.146	   2385.329	   2395.826	
 06/13-14:47	2385.000	2385.600	2384.200	2385.400	           1052	   2385.600	   2382.233	   2385.285	   2395.448	
 06/13-14:48	2385.600	2386.000	2385.200	2385.600	           1039	   2385.508	   2382.329	   2385.258	   2395.072	
 06/13-14:49	2385.600	2387.400	2385.400	2386.600	           1509	   2385.533	   2382.450	   2385.225	   2394.702	
 06/13-14:50	2386.600	2387.600	2386.000	2387.200	           1421	   2385.608	   2382.613	   2385.206	   2394.327	
 06/13-14:51	2387.000	2388.600	2386.400	2388.400	           1882	   2385.742	   2382.883	   2385.198	   2393.964	
 06/13-14:52	2388.600	2389.400	2386.800	2387.000	           1989	   2385.825	   2383.217	   2385.181	   2393.595	
 06/13-14:53	2387.200	2387.600	2386.400	2387.200	            808	   2385.900	   2383.517	   2385.148	   2393.225	
 06/13-14:54	2387.000	2387.400	2385.800	2386.200	           1243	   2385.942	   2383.771	   2385.100	   2392.860	
 06/13-14:55	2386.600	2387.400	2386.200	2387.400	           1031	   2386.008	   2383.983	   2385.054	   2392.504	
 06/13-14:56	2387.200	2387.600	2387.000	2387.600	            784	   2386.100	   2384.212	   2385.035	   2392.255	
 06/13-14:57	2387.800	2388.000	2386.600	2387.000	           1152	   2386.225	   2384.442	   2385.015	   2392.000	
 06/13-14:58	2387.000	2387.800	2386.800	2387.800	            927	   2386.350	   2384.667	   2385.004	   2391.764	
 06/13-14:59	2388.000	2388.200	2387.400	2388.000	           1223	   2386.475	   2384.842	   2384.994	   2391.527	
 06/13-15:00	2388.200	2388.800	2387.800	2388.000	           1737	   2386.550	   2384.992	   2384.983	   2391.285	
 06/13-15:01	2388.400	2388.400	2387.200	2388.000	           1249	   2386.608	   2385.167	   2384.958	   2391.048	
 06/13-15:02	2387.800	2388.000	2387.200	2387.600	           1050	   2386.692	   2385.325	   2384.938	   2390.818	
 06/13-15:03	2387.600	2387.800	2386.800	2387.600	           1051	   2386.767	   2385.467	   2384.900	   2390.598	
 06/13-15:04	2387.600	2387.800	2386.600	2387.000	           1016	   2386.767	   2385.600	   2384.858	   2390.374	
 06/13-15:05	2387.200	2387.600	2386.600	2387.400	           1174	   2386.767	   2385.654	   2384.821	   2390.163	
 06/13-15:06	2387.600	2387.600	2386.800	2386.800	            682	   2386.750	   2385.742	   2384.765	   2389.975	
 06/13-15:07	2386.800	2387.400	2386.400	2386.600	           1213	   2386.733	   2385.846	   2384.715	   2389.792	
 06/13-15:08	2386.600	2386.800	2385.200	2385.200	           1582	   2386.667	   2385.913	   2384.656	   2389.596	
 06/13-15:09	2385.400	2385.800	2385.000	2385.800	           1598	   2386.700	   2386.000	   2384.598	   2389.396	
 06/13-15:10	2385.600	2386.000	2385.000	2386.000	           1373	   2386.750	   2386.058	   2384.540	   2389.195	
 06/13-15:11	2385.800	2386.000	2385.200	2385.400	            990	   2386.750	   2386.108	   2384.479	   2388.993	
 06/13-15:12	2385.400	2385.600	2384.600	2385.000	           1395	   2386.708	   2386.150	   2384.417	   2388.807	
 06/13-15:13	2385.000	2385.000	2384.200	2384.600	           1177	   2386.625	   2386.142	   2384.348	   2388.628	
 06/13-15:14	2384.600	2384.600	2383.400	2384.000	           2167	   2386.567	   2386.146	   2384.283	   2388.442	
 06/13-15:15	2384.200	2384.600	2383.000	2383.600	           3065	   2386.500	   2386.125	   2384.200	   2388.290	
 06/14-09:16	2394.000	2396.600	2392.600	2396.000	           6143	   2386.867	   2386.304	   2384.212	   2388.190	
 06/14-09:17	2396.200	2397.400	2395.000	2395.200	           2508	   2387.192	   2386.396	   2384.235	   2388.079	
 06/14-09:18	2395.200	2395.800	2393.800	2394.400	           1658	   2387.483	   2386.496	   2384.250	   2387.972	
 06/14-09:19	2394.400	2397.800	2394.400	2396.800	           2186	   2387.833	   2386.683	   2384.292	   2387.876	
 06/14-09:20	2397.000	2397.800	2396.000	2396.000	           1715	   2388.125	   2386.867	   2384.327	   2387.788	
 06/14-09:21	2396.200	2397.000	2395.400	2396.200	           1302	   2388.375	   2387.058	   2384.358	   2387.690	
 06/14-09:22	2396.400	2396.600	2395.600	2396.000	            702	   2388.675	   2387.250	   2384.385	   2387.603	
 06/14-09:23	2396.200	2396.200	2394.200	2394.400	           1399	   2388.917	   2387.408	   2384.415	   2387.510	
 06/14-09:24	2394.800	2395.000	2393.600	2394.000	           1461	   2389.183	   2387.563	   2384.444	   2387.420	
 06/14-09:25	2394.000	2395.200	2394.000	2395.000	           1156	   2389.433	   2387.721	   2384.496	   2387.342	
 06/14-09:26	2395.200	2395.200	2393.200	2393.400	            974	   2389.633	   2387.867	   2384.540	   2387.281	
 06/14-09:27	2393.200	2394.800	2393.000	2394.200	           1135	   2389.867	   2388.046	   2384.583	   2387.255	
 06/14-09:28	2394.400	2395.800	2394.200	2394.600	           1072	   2390.092	   2388.221	   2384.631	   2387.229	
 06/14-09:29	2394.400	2394.600	2391.800	2393.200	           2080	   2390.267	   2388.371	   2384.675	   2387.187	
 06/14-09:30	2393.200	2393.800	2392.400	2392.400	            763	   2390.408	   2388.479	   2384.735	   2387.156	
 06/14-09:31	2392.400	2394.000	2391.200	2394.000	           1906	   2390.608	   2388.608	   2384.819	   2387.185	
 06/14-09:32	2394.000	2394.400	2393.200	2393.200	           1821	   2390.800	   2388.746	   2384.910	   2387.237	
 06/14-09:33	2393.400	2393.800	2388.800	2389.000	           3042	   2390.850	   2388.808	   2384.967	   2387.285	
 06/14-09:34	2389.000	2389.600	2387.400	2388.400	           3461	   2390.900	   2388.833	   2385.031	   2387.301	
 06/14-09:35	2388.800	2391.200	2388.600	2390.000	           2256	   2390.983	   2388.875	   2385.098	   2387.310	
 06/14-09:36	2389.800	2394.600	2389.600	2393.600	           2784	   2391.208	   2388.979	   2385.179	   2387.333	
 06/14-09:37	2393.600	2394.200	2392.800	2393.000	           1446	   2391.417	   2389.075	   2385.262	   2387.358	
 06/14-09:38	2392.800	2394.600	2392.600	2394.400	           1570	   2391.733	   2389.200	   2385.400	   2387.379	
 06/14-09:39	2394.600	2394.600	2392.600	2392.800	           1308	   2391.958	   2389.329	   2385.490	   2387.383	
 06/14-09:40	2392.600	2393.000	2390.200	2390.400	           2155	   2392.100	   2389.425	   2385.558	   2387.398	
 06/14-09:41	2390.400	2394.200	2390.400	2393.000	           1529	   2392.358	   2389.554	   2385.669	   2387.422	
 06/14-09:42	2393.200	2394.400	2391.000	2391.000	           1516	   2392.558	   2389.633	   2385.744	   2387.436	
 06/14-09:43	2390.800	2393.800	2390.800	2393.000	           1086	   2392.833	   2389.729	   2385.833	   2387.473	
 06/14-09:44	2393.000	2394.400	2392.800	2394.400	           1353	   2393.183	   2389.875	   2385.938	   2387.506	
 06/14-09:45	2394.400	2394.800	2392.800	2394.800	           1599	   2393.558	   2390.029	   2386.054	   2387.544	
 06/14-09:46	2395.000	2395.000	2393.600	2394.200	           1959	   2393.500	   2390.183	   2386.165	   2387.559	
 06/14-09:47	2394.400	2396.200	2394.200	2396.200	           2098	   2393.533	   2390.363	   2386.298	   2387.579	
 06/14-09:48	2396.400	2396.600	2392.400	2392.400	           2632	   2393.467	   2390.475	   2386.402	   2387.578	
 06/14-09:49	2392.600	2393.600	2391.400	2392.000	           2089	   2393.300	   2390.567	   2386.508	   2387.594	
 06/14-09:50	2392.000	2393.200	2391.600	2392.600	           1477	   2393.192	   2390.658	   2386.635	   2387.614	
 06/14-09:51	2392.600	2392.800	2391.200	2392.600	           1269	   2393.075	   2390.725	   2386.804	   2387.633	
 06/14-09:52	2392.600	2392.600	2390.400	2390.800	           1216	   2392.900	   2390.788	   2387.002	   2387.634	
 06/14-09:53	2390.600	2392.200	2390.600	2391.000	           1099	   2392.783	   2390.850	   2387.183	   2387.634	
 06/14-09:54	2390.800	2391.800	2389.800	2390.400	           1421	   2392.667	   2390.925	   2387.348	   2387.647	
 06/14-09:55	2390.400	2392.600	2390.200	2391.800	           1378	   2392.558	   2390.996	   2387.490	   2387.661	
 06/14-09:56	2391.600	2392.400	2391.200	2391.400	            833	   2392.492	   2391.063	   2387.637	   2387.668	
 06/14-09:57	2391.400	2392.200	2390.200	2392.200	            961	   2392.433	   2391.150	   2387.796	   2387.675	
 06/14-09:58	2392.000	2392.600	2391.400	2392.600	           1103	   2392.358	   2391.225	   2387.946	   2387.683	
 06/14-09:59	2392.400	2393.000	2391.800	2392.600	            798	   2392.333	   2391.300	   2388.071	   2387.685	
 06/14-10:00	2392.800	2393.200	2392.000	2392.800	            984	   2392.358	   2391.383	   2388.188	   2387.700	
 06/14-10:01	2393.200	2394.400	2392.200	2394.200	           1291	   2392.358	   2391.483	   2388.325	   2387.710	
 06/14-10:02	2394.400	2394.800	2393.400	2394.600	           1709	   2392.408	   2391.604	   2388.465	   2387.732	
 06/14-10:03	2395.000	2395.200	2393.400	2393.400	           1971	   2392.550	   2391.700	   2388.583	   2387.749	
 06/14-10:04	2393.400	2393.600	2391.000	2391.000	           2155	   2392.633	   2391.767	   2388.683	   2387.764	
 06/14-10:05	2391.400	2392.200	2391.000	2392.200	            877	   2392.708	   2391.846	   2388.750	   2387.779	
 06/14-10:06	2392.200	2392.800	2391.400	2391.800	           1339	   2392.650	   2391.929	   2388.835	   2387.798	
 06/14-10:07	2392.000	2393.000	2391.200	2391.600	           1226	   2392.608	   2392.012	   2388.929	   2387.810	
 06/14-10:08	2391.400	2392.600	2391.200	2391.400	           1168	   2392.500	   2392.117	   2389.015	   2387.825	
 06/14-10:09	2391.200	2391.800	2390.800	2391.600	           1140	   2392.467	   2392.212	   2389.106	   2387.835	
 06/14-10:10	2391.600	2392.400	2391.600	2391.600	            665	   2392.508	   2392.304	   2389.181	   2387.842	
 06/14-10:11	2391.600	2393.000	2390.800	2393.000	           1156	   2392.508	   2392.433	   2389.271	   2387.855	
 06/14-10:12	2393.400	2394.400	2393.000	2393.800	           2204	   2392.600	   2392.579	   2389.365	   2387.880	
 06/14-10:13	2394.000	2394.000	2392.600	2393.200	            927	   2392.608	   2392.721	   2389.431	   2387.895	
 06/14-10:14	2393.400	2393.800	2392.000	2393.600	           1103	   2392.583	   2392.883	   2389.515	   2387.912	
 06/14-10:15	2393.400	2394.200	2393.400	2394.200	            968	   2392.558	   2393.058	   2389.592	   2387.927	
 06/14-10:16	2394.200	2395.000	2393.600	2394.800	           1440	   2392.583	   2393.042	   2389.673	   2387.951	
 06/14-10:17	2394.600	2395.000	2393.200	2393.400	           1160	   2392.483	   2393.008	   2389.702	   2387.968	
 06/14-10:18	2393.400	2393.600	2391.600	2392.200	           1896	   2392.483	   2392.975	   2389.735	   2387.984	
 06/14-10:19	2392.200	2392.600	2392.000	2392.400	            695	   2392.500	   2392.900	   2389.792	   2388.007	
 06/14-10:20	2392.400	2392.600	2391.800	2392.200	            744	   2392.475	   2392.833	   2389.850	   2388.028	
 06/14-10:21	2392.400	2392.400	2391.000	2391.600	           1535	   2392.450	   2392.762	   2389.910	   2388.066	
 06/14-10:22	2391.600	2392.600	2391.200	2392.000	            920	   2392.492	   2392.696	   2389.973	   2388.109	
 06/14-10:23	2392.200	2392.200	2390.000	2390.600	           1596	   2392.475	   2392.629	   2390.019	   2388.151	
 06/14-10:24	2390.600	2390.800	2389.400	2390.800	           1899	   2392.483	   2392.575	   2390.069	   2388.192	
 06/14-10:25	2390.800	2391.600	2389.600	2389.800	           1274	   2392.425	   2392.492	   2390.106	   2388.232	
 06/14-10:26	2389.800	2389.800	2388.200	2388.400	           2300	   2392.317	   2392.404	   2390.135	   2388.242	
 06/14-10:27	2388.800	2389.200	2386.600	2388.200	           2970	   2392.183	   2392.308	   2390.177	   2388.247	
 06/14-10:28	2388.200	2390.400	2388.200	2389.800	           2631	   2392.092	   2392.225	   2390.223	   2388.256	
 06/14-10:29	2389.800	2390.400	2389.400	2389.800	           1087	   2392.000	   2392.167	   2390.269	   2388.268	
 06/14-10:30	2389.800	2390.400	2389.000	2390.400	            889	   2391.917	   2392.137	   2390.308	   2388.280	
 06/14-10:31	2390.200	2391.000	2389.600	2391.000	           1528	   2391.817	   2392.087	   2390.348	   2388.280	
 06/14-10:32	2390.800	2390.800	2389.400	2389.600	           1157	   2391.642	   2392.025	   2390.385	   2388.273	
 06/14-10:33	2389.600	2390.600	2389.000	2389.800	           1099	   2391.533	   2392.042	   2390.425	   2388.267	
 06/14-10:34	2389.600	2390.600	2388.200	2389.400	           1615	   2391.475	   2392.054	   2390.444	   2388.244	
 06/14-10:35	2389.200	2390.800	2389.200	2390.400	           1143	   2391.417	   2392.063	   2390.469	   2388.235	
 06/14-10:36	2390.400	2391.400	2389.200	2391.000	           1597	   2391.392	   2392.021	   2390.500	   2388.232	
 06/14-10:37	2391.000	2391.800	2390.600	2391.800	           1601	   2391.392	   2392.000	   2390.538	   2388.241	
 06/14-10:38	2391.600	2392.000	2390.400	2390.600	           1213	   2391.367	   2391.933	   2390.567	   2388.238	
 06/14-10:39	2390.600	2391.800	2390.200	2390.800	            886	   2391.342	   2391.904	   2390.617	   2388.241	
 06/14-10:40	2390.800	2391.000	2390.000	2390.400	            840	   2391.300	   2391.904	   2390.665	   2388.236	
 06/14-10:41	2390.200	2391.800	2390.200	2391.600	           1178	   2391.258	   2391.883	   2390.719	   2388.234	
 06/14-10:42	2391.800	2393.000	2391.600	2391.800	           2161	   2391.192	   2391.896	   2390.765	   2388.238	
 06/14-10:43	2391.000	2392.800	2390.600	2392.800	           1215	   2391.175	   2391.892	   2390.810	   2388.246	
 06/14-10:44	2392.600	2393.200	2392.000	2392.600	           1477	   2391.133	   2391.858	   2390.867	   2388.247	
 06/14-10:45	2392.800	2393.200	2392.000	2393.200	            874	   2391.108	   2391.833	   2390.931	   2388.245	
 06/14-10:46	2393.400	2393.400	2392.400	2392.800	            778	   2391.033	   2391.808	   2390.996	   2388.248	
 06/14-10:47	2392.800	2393.000	2391.800	2392.200	            887	   2391.000	   2391.742	   2391.052	   2388.247	
 06/14-10:48	2392.200	2392.400	2391.600	2392.000	            846	   2390.992	   2391.738	   2391.106	   2388.256	
 06/14-10:49	2392.200	2392.800	2391.600	2392.600	            642	   2391.000	   2391.750	   2391.158	   2388.277	
 06/14-10:50	2392.600	2393.000	2391.200	2391.600	           1035	   2390.983	   2391.729	   2391.194	   2388.292	
 06/14-10:51	2391.600	2392.200	2390.200	2390.200	           1440	   2390.933	   2391.692	   2391.208	   2388.291	
 06/14-10:52	2390.400	2391.800	2390.000	2391.600	           1086	   2390.917	   2391.704	   2391.246	   2388.297	
 06/14-10:53	2391.600	2391.600	2389.600	2390.400	           1465	   2390.917	   2391.696	   2391.273	   2388.299	
 06/14-10:54	2390.400	2391.800	2390.400	2390.400	            938	   2390.900	   2391.692	   2391.308	   2388.296	
 06/14-10:55	2390.400	2390.800	2389.200	2390.600	           1350	   2390.925	   2391.675	   2391.335	   2388.292	
 06/14-10:56	2390.400	2391.600	2390.200	2390.800	            977	   2391.008	   2391.663	   2391.363	   2388.286	
 06/14-10:57	2390.800	2392.800	2390.200	2390.800	           1874	   2391.092	   2391.637	   2391.394	   2388.286	
 06/14-10:58	2391.200	2392.000	2390.600	2391.400	            783	   2391.150	   2391.621	   2391.423	   2388.297	
 06/14-10:59	2391.600	2392.400	2391.600	2392.000	            794	   2391.225	   2391.613	   2391.456	   2388.303	
 06/14-11:00	2391.800	2392.000	2391.000	2391.400	            615	   2391.250	   2391.583	   2391.483	   2388.310	
 06/14-11:01	2391.600	2393.800	2391.000	2393.400	           2084	   2391.333	   2391.575	   2391.529	   2388.326	
 06/14-11:02	2393.600	2393.800	2392.600	2392.600	           1263	   2391.433	   2391.538	   2391.571	   2388.340	
 06/14-11:03	2392.600	2394.000	2392.600	2393.400	           1368	   2391.550	   2391.542	   2391.621	   2388.349	
 06/14-11:04	2393.600	2395.000	2393.400	2394.600	           2447	   2391.725	   2391.600	   2391.683	   2388.360	
 06/14-11:05	2394.600	2402.200	2394.200	2402.200	           9488	   2392.117	   2391.767	   2391.806	   2388.397	
 06/14-11:06	2403.200	2406.600	2402.200	2402.800	           7433	   2392.508	   2391.950	   2391.940	   2388.449	
 06/14-11:07	2402.600	2402.800	2399.600	2401.200	           4100	   2392.825	   2392.108	   2392.060	   2388.496	
 06/14-11:08	2401.000	2401.000	2397.200	2397.600	           3970	   2393.067	   2392.217	   2392.167	   2388.530	
 06/14-11:09	2397.400	2398.800	2397.000	2397.600	           3197	   2393.283	   2392.313	   2392.262	   2388.563	
 06/14-11:10	2397.200	2397.600	2395.000	2395.400	           3867	   2393.458	   2392.379	   2392.342	   2388.588	
 06/14-11:11	2395.400	2397.400	2395.400	2396.400	           2037	   2393.608	   2392.433	   2392.433	   2388.609	
 06/14-11:12	2396.400	2396.800	2395.800	2396.200	           1460	   2393.758	   2392.475	   2392.527	   2388.634	
 06/14-11:13	2396.200	2398.000	2396.000	2396.600	           1829	   2393.883	   2392.529	   2392.625	   2388.652	
 06/14-11:14	2396.400	2396.600	2394.200	2394.400	           2638	   2393.950	   2392.542	   2392.712	   2388.662	
 06/14-11:15	2394.600	2396.400	2394.600	2395.400	           1542	   2394.025	   2392.567	   2392.813	   2388.676	
 06/14-11:16	2395.000	2397.600	2395.000	2396.800	           1716	   2394.158	   2392.596	   2392.819	   2388.689	
 06/14-11:17	2396.600	2398.600	2396.400	2397.400	           2130	   2394.325	   2392.663	   2392.835	   2388.707	
 06/14-11:18	2397.400	2397.800	2396.600	2396.800	           1184	   2394.492	   2392.742	   2392.858	   2388.727	
 06/14-11:19	2396.800	2397.400	2396.600	2397.000	            789	   2394.633	   2392.817	   2392.858	   2388.743	
 06/14-11:20	2397.000	2397.000	2395.800	2396.000	           1020	   2394.783	   2392.883	   2392.858	   2388.755	
 06/14-11:21	2396.200	2396.200	2391.200	2391.600	           5730	   2394.825	   2392.879	   2392.821	   2388.751	
 06/14-11:22	2391.800	2392.600	2391.400	2392.600	           2397	   2394.858	   2392.887	   2392.792	   2388.751	
 06/14-11:23	2392.400	2393.600	2392.400	2393.400	           1174	   2394.958	   2392.938	   2392.783	   2388.753	
 06/14-11:24	2393.400	2393.600	2392.200	2392.400	           1037	   2395.033	   2392.967	   2392.771	   2388.756	
 06/14-11:25	2392.200	2393.400	2392.200	2393.200	            768	   2395.108	   2393.017	   2392.754	   2388.754	
 06/14-11:26	2393.400	2394.400	2393.000	2393.600	           1226	   2395.208	   2393.108	   2392.756	   2388.751	
 06/14-11:27	2393.800	2396.600	2393.200	2396.000	           2208	   2395.383	   2393.238	   2392.773	   2388.765	
 06/14-11:28	2395.800	2400.000	2395.600	2399.000	           4192	   2395.633	   2393.392	   2392.808	   2388.791	
 06/14-11:29	2399.000	2399.000	2397.600	2398.400	           2010	   2395.842	   2393.533	   2392.850	   2388.816	
 06/14-11:30	2399.000	2400.800	2397.600	2399.400	           2536	   2396.117	   2393.683	   2392.910	   2388.847	
 06/14-13:01	2399.400	2401.800	2398.400	2401.200	           2914	   2396.375	   2393.854	   2392.971	   2388.883	
 06/14-13:02	2401.400	2401.400	2399.200	2399.400	           1987	   2396.600	   2394.017	   2393.021	   2388.909	
 06/14-13:03	2399.400	2399.400	2398.000	2398.800	           1983	   2396.783	   2394.167	   2393.104	   2388.941	
 06/14-13:04	2399.200	2399.600	2398.400	2398.800	            942	   2396.925	   2394.325	   2393.190	   2388.974	
 06/14-13:05	2398.600	2398.800	2397.400	2398.400	           1393	   2396.792	   2394.454	   2393.258	   2389.012	
 06/14-13:06	2398.600	2399.800	2397.600	2399.400	           1026	   2396.683	   2394.596	   2393.308	   2389.057	
 06/14-13:07	2399.200	2400.600	2398.600	2400.000	           1544	   2396.642	   2394.733	   2393.367	   2389.102	
 06/14-13:08	2400.000	2402.200	2399.600	2400.000	           2273	   2396.717	   2394.892	   2393.413	   2389.146	
 06/14-13:09	2399.800	2400.400	2398.400	2400.400	           1331	   2396.817	   2395.050	   2393.477	   2389.196	
 06/14-13:10	2400.600	2401.800	2400.200	2401.400	           1292	   2397.008	   2395.233	   2393.569	   2389.261	
 06/14-13:11	2401.200	2401.800	2400.200	2401.000	           1466	   2397.167	   2395.387	   2393.635	   2389.329	
 06/14-13:12	2401.000	2401.000	2398.200	2399.000	           2183	   2397.258	   2395.508	   2393.702	   2389.396	
 06/14-13:13	2399.000	2399.600	2398.000	2398.600	           1059	   2397.333	   2395.608	   2393.750	   2389.462	
 06/14-13:14	2398.400	2400.600	2398.200	2399.200	           1138	   2397.483	   2395.717	   2393.788	   2389.535	
 06/14-13:15	2399.400	2400.400	2399.000	2400.200	            900	   2397.642	   2395.833	   2393.833	   2389.608	
 06/14-13:16	2400.400	2402.600	2400.400	2401.200	           2711	   2397.792	   2395.975	   2393.892	   2389.678	
 06/14-13:17	2401.200	2402.400	2400.800	2401.600	           1541	   2397.933	   2396.129	   2393.935	   2389.752	
 06/14-13:18	2401.800	2401.800	2400.600	2401.600	           1343	   2398.092	   2396.292	   2394.015	   2389.847	
 06/14-13:19	2401.600	2403.400	2401.400	2402.800	           2077	   2398.283	   2396.458	   2394.104	   2389.930	
 06/14-13:20	2403.200	2404.600	2402.200	2403.600	           2829	   2398.533	   2396.658	   2394.194	   2390.016	
 06/14-13:21	2404.000	2404.600	2401.600	2401.800	           2169	   2398.883	   2396.854	   2394.273	   2390.105	
 06/14-13:22	2401.400	2401.600	2399.400	2399.400	           3071	   2399.108	   2396.983	   2394.344	   2390.174	
 06/14-13:23	2399.600	2400.000	2398.800	2399.200	           1738	   2399.300	   2397.129	   2394.413	   2390.242	
 06/14-13:24	2399.400	2400.200	2399.400	2399.800	           1205	   2399.542	   2397.288	   2394.490	   2390.313	
 06/14-13:25	2399.800	2400.200	2398.800	2400.200	           1179	   2399.783	   2397.446	   2394.560	   2390.391	
 06/14-13:26	2400.400	2401.200	2399.000	2399.600	           1463	   2399.975	   2397.592	   2394.627	   2390.465	
 06/14-13:27	2399.400	2401.400	2399.400	2400.600	           1266	   2400.133	   2397.758	   2394.698	   2390.547	
 06/14-13:28	2400.400	2400.600	2398.800	2399.200	           1593	   2400.142	   2397.887	   2394.754	   2390.625	
 06/14-13:29	2399.400	2400.000	2399.000	2399.600	            831	   2400.183	   2398.012	   2394.813	   2390.706	
 06/14-13:30	2399.600	2400.200	2398.200	2398.200	           1790	   2400.142	   2398.129	   2394.856	   2390.789	
 06/14-13:31	2398.200	2398.600	2396.000	2397.200	           3528	   2400.008	   2398.192	   2394.883	   2390.889	
 06/14-13:32	2397.200	2398.200	2397.000	2397.600	           1523	   2399.950	   2398.275	   2394.906	   2391.011	
 06/14-13:33	2397.800	2399.200	2397.600	2398.800	           1317	   2399.942	   2398.363	   2394.952	   2391.129	
 06/14-13:34	2398.800	2400.800	2398.800	2399.800	           1813	   2399.975	   2398.450	   2395.025	   2391.245	
 06/14-13:35	2399.800	2401.000	2399.400	2400.000	           1199	   2400.033	   2398.413	   2395.090	   2391.346	
 06/14-13:36	2400.000	2401.400	2399.400	2401.200	           1520	   2400.092	   2398.387	   2395.169	   2391.456	
 06/14-13:37	2401.000	2401.000	2400.000	2400.200	            636	   2400.100	   2398.371	   2395.240	   2391.564	
 06/14-13:38	2400.200	2400.200	2399.000	2399.600	           1301	   2400.083	   2398.400	   2395.308	   2391.664	
 06/14-13:39	2399.800	2401.000	2399.200	2399.200	           1058	   2400.042	   2398.429	   2395.371	   2391.751	
 06/14-13:40	2399.400	2399.600	2398.000	2399.400	           1810	   2399.983	   2398.496	   2395.438	   2391.833	
 06/14-13:41	2399.200	2402.800	2398.600	2401.600	           3257	   2400.000	   2398.583	   2395.508	   2391.929	
 06/14-13:42	2401.400	2401.600	2400.600	2401.000	           1343	   2400.067	   2398.663	   2395.569	   2392.021	
 06/14-13:43	2401.400	2401.800	2397.600	2398.200	           3069	   2400.050	   2398.692	   2395.610	   2392.098	
 06/14-13:44	2398.200	2400.800	2398.000	2400.800	           1680	   2400.108	   2398.796	   2395.669	   2392.185	
 06/14-13:45	2401.000	2403.400	2399.800	2400.800	           3537	   2400.125	   2398.883	   2395.725	   2392.251	
 06/14-13:46	2401.200	2402.600	2400.800	2402.200	           1313	   2400.158	   2398.975	   2395.785	   2392.334	
 06/14-13:47	2402.000	2403.000	2401.600	2402.600	           1462	   2400.200	   2399.067	   2395.865	   2392.423	
 06/14-13:48	2402.600	2403.000	2401.200	2401.800	           1421	   2400.200	   2399.146	   2395.944	   2392.506	
 06/14-13:49	2401.600	2401.800	2400.800	2401.600	           1053	   2400.158	   2399.221	   2396.019	   2392.589	
 06/14-13:50	2401.400	2402.200	2401.200	2401.800	            589	   2400.100	   2399.317	   2396.100	   2392.666	
 06/14-13:51	2401.800	2402.000	2401.400	2401.600	            532	   2400.092	   2399.488	   2396.183	   2392.744	
 06/14-13:52	2401.600	2401.800	2399.000	2400.000	           2626	   2400.117	   2399.613	   2396.250	   2392.814	
 06/14-13:53	2399.600	2400.200	2399.000	2400.000	           1716	   2400.142	   2399.721	   2396.329	   2392.873	
 06/14-13:54	2400.000	2400.800	2398.200	2399.400	           1873	   2400.125	   2399.833	   2396.400	   2392.935	
 06/14-13:55	2399.400	2400.000	2398.600	2399.200	           1590	   2400.092	   2399.938	   2396.477	   2392.993	
 06/14-13:56	2399.000	2400.200	2398.200	2399.000	           1646	   2400.075	   2400.025	   2396.567	   2393.048	
 06/14-13:57	2399.000	2400.600	2398.400	2399.800	           1135	   2400.042	   2400.087	   2396.663	   2393.088	
 06/14-13:58	2399.800	2400.800	2399.000	2399.000	           1068	   2400.033	   2400.087	   2396.740	   2393.131	
 06/14-13:59	2399.000	2400.400	2398.600	2400.000	            963	   2400.050	   2400.117	   2396.825	   2393.188	
 06/14-14:00	2400.200	2401.600	2399.400	2400.000	           2242	   2400.108	   2400.125	   2396.904	   2393.248	
 06/14-14:01	2400.000	2400.600	2399.000	2400.600	           1271	   2400.225	   2400.117	   2396.985	   2393.313	
 06/14-14:02	2400.800	2400.800	2399.200	2399.800	           1467	   2400.300	   2400.125	   2397.071	   2393.374	
 06/14-14:03	2399.800	2400.800	2399.600	2400.000	            973	   2400.342	   2400.142	   2397.154	   2393.434	
 06/14-14:04	2400.000	2401.600	2399.400	2400.200	           1472	   2400.358	   2400.167	   2397.246	   2393.496	
 06/14-14:05	2400.400	2402.000	2400.200	2401.600	            861	   2400.408	   2400.221	   2397.337	   2393.560	
 06/14-14:06	2401.800	2401.800	2399.800	2400.800	           1860	   2400.392	   2400.242	   2397.419	   2393.624	
 06/14-14:07	2400.600	2401.600	2400.200	2400.800	           1386	   2400.417	   2400.258	   2397.496	   2393.695	
 06/14-14:08	2401.000	2402.000	2400.400	2401.400	           1976	   2400.475	   2400.279	   2397.585	   2393.763	
 06/14-14:09	2401.600	2402.000	2401.200	2401.400	           1069	   2400.550	   2400.296	   2397.673	   2393.832	
 06/14-14:10	2401.200	2402.400	2400.800	2401.600	           1778	   2400.617	   2400.300	   2397.767	   2393.895	
 06/14-14:11	2402.000	2402.000	2400.800	2400.800	           1281	   2400.592	   2400.296	   2397.842	   2393.953	
 06/14-14:12	2401.000	2401.400	2400.800	2401.000	            609	   2400.592	   2400.329	   2397.919	   2394.017	
 06/14-14:13	2401.400	2401.400	2400.600	2401.000	            804	   2400.683	   2400.367	   2397.988	   2394.080	
 06/14-14:14	2401.000	2402.600	2401.000	2401.800	           1271	   2400.725	   2400.417	   2398.067	   2394.140	
 06/14-14:15	2401.600	2402.800	2401.400	2402.000	           1549	   2400.767	   2400.446	   2398.140	   2394.198	
 06/14-14:16	2402.000	2403.000	2402.000	2403.000	           1853	   2400.792	   2400.475	   2398.225	   2394.261	
 06/14-14:17	2402.800	2403.000	2402.000	2402.800	           1433	   2400.792	   2400.496	   2398.313	   2394.323	
 06/14-14:18	2402.600	2403.000	2401.600	2401.800	           1327	   2400.792	   2400.496	   2398.394	   2394.382	
 06/14-14:19	2401.800	2402.200	2400.200	2400.800	           1740	   2400.767	   2400.462	   2398.460	   2394.445	
 06/14-14:20	2400.800	2402.400	2400.600	2402.200	           1813	   2400.783	   2400.442	   2398.550	   2394.516	
 06/14-14:21	2401.800	2402.400	2401.200	2401.800	            909	   2400.783	   2400.438	   2398.646	   2394.582	
 06/14-14:22	2401.600	2402.400	2401.000	2402.400	            829	   2400.867	   2400.492	   2398.738	   2394.647	
 06/14-14:23	2402.400	2402.400	2400.800	2401.200	            904	   2400.908	   2400.525	   2398.827	   2394.703	
 06/14-14:24	2401.200	2401.800	2400.600	2401.200	           1222	   2400.967	   2400.546	   2398.917	   2394.764	
 06/14-14:25	2401.200	2402.000	2401.000	2401.200	            957	   2401.033	   2400.563	   2399.004	   2394.827	
 06/14-14:26	2401.400	2402.000	2401.200	2401.400	            794	   2401.117	   2400.596	   2399.094	   2394.893	
 06/14-14:27	2401.400	2402.600	2401.200	2401.800	           1781	   2401.183	   2400.613	   2399.185	   2394.958	
 06/14-14:28	2402.000	2402.800	2401.800	2402.600	           1321	   2401.300	   2400.667	   2399.277	   2395.026	
 06/14-14:29	2402.600	2403.800	2402.000	2403.400	           1842	   2401.417	   2400.733	   2399.373	   2395.094	
 06/14-14:30	2403.600	2408.600	2403.200	2407.000	           6365	   2401.650	   2400.879	   2399.504	   2395.173	
 06/14-14:31	2407.600	2407.600	2403.000	2403.000	           4718	   2401.725	   2400.975	   2399.583	   2395.231	
 06/14-14:32	2402.800	2403.800	2402.800	2403.000	           2237	   2401.833	   2401.067	   2399.671	   2395.295	
 06/14-14:33	2403.000	2403.600	2402.200	2403.200	           2062	   2401.942	   2401.142	   2399.752	   2395.359	
 06/14-14:34	2403.200	2403.400	2402.000	2402.600	           1371	   2402.017	   2401.188	   2399.819	   2395.425	
 06/14-14:35	2402.600	2402.800	2401.800	2402.400	           1598	   2402.050	   2401.229	   2399.821	   2395.485	
 06/14-14:36	2402.200	2402.600	2401.000	2401.200	           1628	   2402.067	   2401.229	   2399.808	   2395.540	
 06/14-14:37	2401.600	2402.000	2401.000	2401.800	           1100	   2402.092	   2401.254	   2399.813	   2395.599	
 06/14-14:38	2402.000	2402.200	2401.000	2401.400	           1011	   2402.092	   2401.283	   2399.842	   2395.652	
 06/14-14:39	2401.200	2401.800	2399.400	2399.600	           2384	   2402.033	   2401.292	   2399.860	   2395.699	
 06/14-14:40	2399.800	2399.800	2398.000	2398.800	           3649	   2401.942	   2401.279	   2399.887	   2395.742	
 06/14-14:41	2398.800	2399.400	2397.800	2399.000	           2390	   2401.883	   2401.238	   2399.910	   2395.786	
 06/14-14:42	2398.800	2399.000	2398.000	2398.200	           1590	   2401.792	   2401.192	   2399.927	   2395.829	
 06/14-14:43	2398.400	2399.800	2398.200	2398.800	           1718	   2401.717	   2401.200	   2399.946	   2395.874	
 06/14-14:44	2398.600	2399.800	2398.400	2398.400	           1896	   2401.600	   2401.163	   2399.979	   2395.920	
 06/14-14:45	2398.600	2399.600	2398.000	2398.800	           2291	   2401.492	   2401.129	   2400.006	   2395.965	
 06/14-14:46	2398.800	2399.600	2398.000	2399.400	           1884	   2401.367	   2401.079	   2400.027	   2396.015	
 06/14-14:47	2399.400	2400.200	2399.000	2399.200	           1541	   2401.250	   2401.021	   2400.044	   2396.065	
 06/14-14:48	2399.600	2400.000	2399.200	2399.400	           1148	   2401.175	   2400.983	   2400.065	   2396.123	
 06/14-14:49	2399.400	2399.600	2398.800	2399.000	           1064	   2401.117	   2400.942	   2400.081	   2396.175	
 06/14-14:50	2398.800	2399.800	2398.800	2399.600	            722	   2401.025	   2400.904	   2400.110	   2396.229	
 06/14-14:51	2399.200	2399.800	2399.200	2399.600	            672	   2400.958	   2400.871	   2400.179	   2396.287	
 06/14-14:52	2399.400	2400.200	2399.400	2399.800	           1065	   2400.867	   2400.867	   2400.240	   2396.346	
 06/14-14:53	2399.800	2401.000	2399.600	2400.600	           1316	   2400.842	   2400.875	   2400.298	   2396.409	
 06/14-14:54	2400.800	2400.800	2400.000	2400.000	           1026	   2400.808	   2400.887	   2400.360	   2396.473	
 06/14-14:55	2400.000	2400.400	2399.400	2399.600	           1115	   2400.758	   2400.896	   2400.417	   2396.538	
 06/14-14:56	2399.600	2400.000	2398.600	2399.000	           1671	   2400.675	   2400.896	   2400.460	   2396.550	
 06/14-14:57	2398.800	2399.600	2398.800	2399.200	            739	   2400.583	   2400.883	   2400.485	   2396.565	
 06/14-14:58	2399.200	2399.600	2399.000	2399.400	            700	   2400.483	   2400.892	   2400.490	   2396.586	
 06/14-14:59	2399.400	2399.800	2399.000	2399.600	            842	   2400.350	   2400.883	   2400.500	   2396.596	
 06/14-15:00	2399.800	2400.000	2399.400	2399.800	            856	   2400.117	   2400.883	   2400.504	   2396.612	
 06/14-15:01	2399.600	2400.800	2399.600	2400.200	           1334	   2400.017	   2400.871	   2400.494	   2396.628	
 06/14-15:02	2400.400	2401.000	2400.200	2400.600	           1358	   2399.942	   2400.887	   2400.506	   2396.647	
 06/14-15:03	2400.400	2400.400	2398.600	2398.800	           2004	   2399.792	   2400.867	   2400.504	   2396.664	
 06/14-15:04	2398.800	2399.400	2398.600	2399.200	           1092	   2399.683	   2400.850	   2400.508	   2396.685	
 06/14-15:05	2399.200	2399.400	2398.400	2398.600	            955	   2399.550	   2400.800	   2400.510	   2396.699	
 06/14-15:06	2398.600	2399.000	2398.000	2398.000	           1250	   2399.442	   2400.754	   2400.498	   2396.717	
 06/14-15:07	2398.000	2398.400	2395.800	2396.800	           3153	   2399.275	   2400.683	   2400.471	   2396.728	
 06/14-15:08	2397.000	2397.400	2396.600	2397.200	            806	   2399.142	   2400.617	   2400.448	   2396.738	
 06/14-15:09	2397.000	2397.400	2396.000	2396.000	           1388	   2399.017	   2400.525	   2400.410	   2396.749	
 06/14-15:10	2396.000	2397.400	2395.400	2397.200	           1686	   2398.967	   2400.454	   2400.377	   2396.769	
 06/14-15:11	2396.800	2397.400	2396.200	2396.400	            631	   2398.883	   2400.383	   2400.340	   2396.779	
 06/14-15:12	2396.200	2397.800	2396.200	2397.600	           1271	   2398.858	   2400.325	   2400.327	   2396.796	
 06/14-15:13	2397.800	2398.400	2397.200	2398.200	           1554	   2398.842	   2400.279	   2400.323	   2396.833	
 06/14-15:14	2398.200	2398.200	2396.200	2397.000	           1432	   2398.783	   2400.192	   2400.304	   2396.866	
 06/14-15:15	2396.600	2397.000	2395.200	2395.600	           2692	   2398.692	   2400.092	   2400.269	   2396.890	