 04/01-09:16	2148.400	2149.400	2145.000	2146.400	           6758	   2143.020	   2139.227	      1.000	      1.000	      0.000	
 04/01-09:17	2146.400	2146.600	2144.400	2146.400	           2329	   2143.154	   2139.444	      0.000	      0.000	      0.000	
 04/01-09:18	2146.400	2147.000	2145.200	2145.200	           1569	   2143.240	   2139.590	      0.000	      0.000	      0.000	
 04/01-09:19	2145.000	2145.400	2144.000	2145.000	           1167	   2143.333	   2139.713	      0.000	      0.000	      0.000	
 04/01-09:20	2145.200	2145.800	2144.800	2145.000	            698	   2143.380	   2139.880	      0.000	      0.000	      0.000	
 04/01-09:21	2145.000	2145.000	2143.600	2144.600	           1202	   2143.513	   2140.063	      0.000	      0.000	      0.000	
 04/01-09:22	2145.000	2146.400	2144.800	2146.000	            988	   2143.667	   2140.293	      0.000	      0.000	      0.000	
 04/01-09:23	2146.000	2146.000	2144.400	2144.400	            727	   2143.714	   2140.533	      0.000	      0.000	      0.000	
 04/01-09:24	2144.400	2144.600	2143.400	2143.600	           1342	   2143.700	   2140.737	      0.000	      0.000	      0.000	
 04/01-09:25	2144.200	2144.400	2143.200	2144.000	            788	   2143.714	   2140.953	      0.000	      0.000	      0.000	
 04/01-09:26	2144.200	2144.800	2141.400	2141.800	           2327	   2143.647	   2141.124	      0.000	      0.000	      0.000	
 04/01-09:27	2141.800	2142.800	2141.600	2142.400	           1117	   2143.594	   2141.304	      0.000	      0.000	      0.000	
 04/01-09:28	2142.400	2145.200	2142.200	2144.000	           1740	   2143.621	   2141.480	      0.000	      0.000	      0.000	
 04/01-09:29	2144.000	2144.600	2143.000	2143.000	            832	   2143.600	   2141.634	      0.000	      0.000	      0.000	
 04/01-09:30	2143.200	2144.600	2143.000	2143.000	            800	   2143.560	   2141.830	      0.000	      0.000	      0.000	
 04/01-09:31	2142.800	2143.400	2140.000	2143.200	           3132	   2143.553	   2141.997	      0.000	      0.000	      0.000	
 04/01-09:32	2143.600	2144.200	2139.800	2140.600	           2700	   2143.493	   2142.123	      0.000	      0.000	      0.000	
 04/01-09:33	2140.400	2141.400	2139.200	2140.800	           2639	   2143.427	   2142.267	     -1.000	      0.000	      1.000	
 04/01-09:34	2141.200	2142.600	2140.600	2140.600	           1676	   2143.353	   2142.387	      0.000	      0.000	      0.000	
 04/01-09:35	2140.800	2145.800	2139.600	2143.600	           4020	   2143.373	   2142.553	      0.000	      0.000	      0.000	
 04/01-09:36	2143.800	2147.600	2143.800	2147.000	           5512	   2143.500	   2142.783	      1.000	      1.000	      0.000	
 04/01-09:37	2147.200	2148.400	2146.000	2147.400	           3416	   2143.647	   2143.013	      0.000	      0.000	      0.000	
 04/01-09:38	2147.600	2148.200	2146.800	2147.200	           2147	   2143.786	   2143.233	      0.000	      0.000	      0.000	
 04/01-09:39	2147.200	2147.400	2145.200	2145.400	           2653	   2143.847	   2143.356	      0.000	      0.000	      0.000	
 04/01-09:40	2145.400	2146.600	2143.600	2145.200	           3102	   2143.933	   2143.420	      0.000	      0.000	      0.000	
 04/01-09:41	2145.200	2146.000	2144.400	2144.600	           1659	   2144.020	   2143.470	      1.000	      1.000	      0.000	
 04/01-09:42	2144.800	2145.400	2142.400	2143.600	           3188	   2144.040	   2143.500	      0.000	      0.000	      0.000	
 04/01-09:43	2143.400	2144.400	2142.200	2143.200	           2319	   2144.067	   2143.493	      0.000	      0.000	      0.000	
 04/01-09:44	2143.000	2144.800	2142.000	2142.400	           2061	   2144.100	   2143.477	      0.000	      0.000	      0.000	
 04/01-09:45	2142.600	2143.000	2141.200	2141.800	           2666	   2144.047	   2143.464	     -1.000	      0.000	      1.000	
 04/01-09:46	2141.200	2142.600	2141.000	2141.800	           2031	   2143.893	   2143.457	      0.000	      0.000	      0.000	
 04/01-09:47	2142.000	2143.400	2140.400	2140.400	           2504	   2143.693	   2143.423	      0.000	      0.000	      0.000	
 04/01-09:48	2140.200	2141.400	2140.200	2140.800	           2102	   2143.547	   2143.393	      0.000	      0.000	      0.000	
 04/01-09:49	2140.800	2142.600	2140.600	2141.200	           1505	   2143.420	   2143.376	      0.000	      0.000	      0.000	
 04/01-09:50	2141.600	2145.400	2141.400	2145.400	           3114	   2143.433	   2143.407	      0.000	      0.000	      0.000	
 04/01-09:51	2145.200	2145.400	2142.200	2143.000	           2808	   2143.380	   2143.447	      0.000	      0.000	      0.000	
 04/01-09:52	2142.600	2143.800	2142.200	2142.600	           1335	   2143.267	   2143.467	      0.000	      0.000	      0.000	
 04/01-09:53	2142.800	2143.200	2141.400	2143.200	           1560	   2143.227	   2143.470	     -1.000	      0.000	      1.000	
 04/01-09:54	2143.200	2144.600	2143.000	2144.000	           2109	   2143.241	   2143.470	      0.000	      0.000	      0.000	
 04/01-09:55	2144.000	2145.000	2143.200	2144.800	           2043	   2143.267	   2143.490	      0.000	      0.000	      0.000	
 04/01-09:56	2145.000	2145.000	2143.800	2144.800	           1304	   2143.367	   2143.507	      1.000	      1.000	      0.000	
 04/01-09:57	2144.800	2145.400	2143.600	2145.400	           1623	   2143.467	   2143.530	      0.000	      0.000	      0.000	
 04/01-09:58	2145.400	2146.800	2144.000	2144.800	           2980	   2143.493	   2143.557	      0.000	      0.000	      0.000	
 04/01-09:59	2144.800	2146.200	2144.600	2145.800	           1948	   2143.586	   2143.593	      0.000	      0.000	      0.000	
 04/01-10:00	2146.200	2147.400	2145.600	2146.600	           2585	   2143.706	   2143.633	      0.000	      0.000	      0.000	
 04/01-10:01	2147.000	2147.800	2146.000	2147.800	           1651	   2143.860	   2143.707	      0.000	      0.000	      0.000	
 04/01-10:02	2148.000	2154.200	2147.800	2153.000	          11489	   2144.274	   2143.883	      0.000	      0.000	      0.000	
 04/01-10:03	2152.800	2153.000	2150.800	2152.000	           4770	   2144.647	   2144.037	      0.000	      0.000	      0.000	
 04/01-10:04	2152.000	2152.800	2150.800	2152.600	           2945	   2145.047	   2144.200	      0.000	      0.000	      0.000	
 04/01-10:05	2152.800	2154.800	2152.600	2153.600	           4950	   2145.380	   2144.376	      0.000	      0.000	      0.000	
 04/01-10:06	2154.000	2154.600	2151.000	2151.200	           3780	   2145.520	   2144.510	      0.000	      0.000	      0.000	
 04/01-10:07	2151.000	2151.600	2149.600	2150.000	           3324	   2145.606	   2144.626	      0.000	      0.000	      0.000	
 04/01-10:08	2149.800	2150.600	2149.200	2150.000	           2272	   2145.700	   2144.743	      0.000	      0.000	      0.000	
 04/01-10:09	2150.000	2150.800	2149.800	2150.600	           1516	   2145.874	   2144.860	      0.000	      0.000	      0.000	
 04/01-10:10	2150.600	2150.800	2148.000	2148.600	           3511	   2145.987	   2144.960	      0.000	      0.000	      0.000	
 04/01-10:11	2148.800	2148.800	2146.400	2147.400	           3665	   2146.080	   2145.050	      0.000	      0.000	      0.000	
 04/01-10:12	2147.600	2148.200	2145.600	2146.000	           3069	   2146.160	   2145.100	      0.000	      0.000	      0.000	
 04/01-10:13	2146.000	2146.400	2145.000	2145.800	           3092	   2146.247	   2145.157	      0.000	      0.000	      0.000	
 04/01-10:14	2145.400	2146.800	2145.400	2146.600	           1645	   2146.386	   2145.243	      0.000	      0.000	      0.000	
 04/01-10:15	2146.400	2146.800	2145.600	2145.800	           1942	   2146.520	   2145.283	      0.000	      0.000	      0.000	
 04/01-10:16	2145.800	2148.800	2145.800	2147.000	           3403	   2146.694	   2145.293	      0.000	      0.000	      0.000	
 04/01-10:17	2147.000	2147.400	2146.400	2147.200	           1483	   2146.920	   2145.306	      0.000	      0.000	      0.000	
 04/01-10:18	2147.200	2147.600	2146.600	2147.400	           1193	   2147.140	   2145.343	      0.000	      0.000	      0.000	
 04/01-10:19	2147.400	2147.400	2146.600	2147.000	           1130	   2147.333	   2145.376	      0.000	      0.000	      0.000	
 04/01-10:20	2147.000	2147.200	2145.200	2146.000	           2970	   2147.353	   2145.393	      0.000	      0.000	      0.000	
 04/01-10:21	2146.000	2147.200	2144.600	2145.400	           2729	   2147.433	   2145.407	      0.000	      0.000	      0.000	
 04/01-10:22	2145.400	2146.200	2143.400	2144.000	           3294	   2147.480	   2145.374	      0.000	      0.000	      0.000	
 04/01-10:23	2144.200	2145.000	2142.800	2144.000	           3124	   2147.506	   2145.367	     -1.000	      0.000	      1.000	
 04/01-10:24	2144.000	2144.600	2143.200	2143.800	           1731	   2147.500	   2145.370	      0.000	      0.000	      0.000	
 04/01-10:25	2144.000	2144.600	2143.200	2143.600	           1535	   2147.460	   2145.364	      0.000	      0.000	      0.000	
 04/01-10:26	2143.600	2144.000	2143.400	2143.400	           1158	   2147.414	   2145.390	      0.000	      0.000	      0.000	
 04/01-10:27	2143.400	2145.000	2143.400	2143.400	           1676	   2147.346	   2145.406	      0.000	      0.000	      0.000	
 04/01-10:28	2143.800	2145.400	2143.400	2144.400	           1557	   2147.333	   2145.413	      0.000	      0.000	      0.000	
 04/01-10:29	2144.400	2145.400	2144.000	2145.200	           1574	   2147.313	   2145.450	      0.000	      0.000	      0.000	
 04/01-10:30	2145.600	2145.600	2144.400	2144.800	           1187	   2147.253	   2145.480	      0.000	      0.000	      0.000	
 04/01-10:31	2145.000	2145.000	2143.600	2143.600	           1941	   2147.113	   2145.487	     -1.000	      0.000	      1.000	
 04/01-10:32	2144.000	2145.200	2143.600	2145.200	           1372	   2146.853	   2145.563	      0.000	      0.000	      0.000	
 04/01-10:33	2145.200	2147.000	2145.200	2146.200	           3561	   2146.659	   2145.653	      0.000	      0.000	      0.000	
 04/01-10:34	2146.400	2146.400	2145.000	2145.400	           2092	   2146.420	   2145.733	      0.000	      0.000	      0.000	
 04/01-10:35	2145.400	2146.200	2145.200	2145.800	           1327	   2146.160	   2145.770	      0.000	      0.000	      0.000	
 04/01-10:36	2146.000	2146.800	2144.000	2144.400	           1995	   2145.933	   2145.727	      0.000	      0.000	      0.000	
 04/01-10:37	2144.400	2147.600	2144.400	2147.000	           2967	   2145.833	   2145.720	      0.000	      0.000	      0.000	
 04/01-10:38	2147.000	2147.200	2145.600	2145.800	           1271	   2145.694	   2145.697	      0.000	      0.000	      0.000	
 04/01-10:39	2146.000	2148.800	2145.200	2148.800	           2753	   2145.633	   2145.754	      0.000	      0.000	      0.000	
 04/01-10:40	2148.800	2149.200	2147.800	2149.000	           2958	   2145.647	   2145.817	      1.000	      1.000	      0.000	
 04/01-10:41	2148.400	2149.800	2148.400	2149.600	           3807	   2145.720	   2145.900	      0.000	      0.000	      0.000	
 04/01-10:42	2149.400	2149.400	2148.400	2148.800	           1810	   2145.813	   2145.987	      0.000	      0.000	      0.000	
 04/01-10:43	2148.800	2149.400	2147.800	2149.400	           2016	   2145.933	   2146.090	      0.000	      0.000	      0.000	
 04/01-10:44	2149.400	2149.400	2148.200	2148.200	           1599	   2145.988	   2146.187	      0.000	      0.000	      0.000	
 04/01-10:45	2148.400	2149.200	2147.400	2148.000	           2264	   2146.060	   2146.290	      0.000	      0.000	      0.000	
 04/01-10:46	2148.200	2149.600	2148.200	2149.400	           1768	   2146.140	   2146.417	      0.000	      0.000	      0.000	
 04/01-10:47	2149.400	2151.400	2147.600	2148.200	           4917	   2146.174	   2146.547	      0.000	      0.000	      0.000	
 04/01-10:48	2148.200	2148.400	2145.600	2145.600	           4760	   2146.114	   2146.626	      0.000	      0.000	      0.000	
 04/01-10:49	2145.800	2146.400	2145.200	2145.800	           2283	   2146.074	   2146.704	      0.000	      0.000	      0.000	
 04/01-10:50	2146.000	2149.200	2145.600	2149.200	           3478	   2146.180	   2146.767	      0.000	      0.000	      0.000	
 04/01-10:51	2149.600	2151.800	2149.600	2151.600	           5348	   2146.387	   2146.910	      1.000	      1.000	      0.000	
 04/01-10:52	2152.000	2152.000	2150.200	2151.800	           2865	   2146.646	   2147.063	      0.000	      0.000	      0.000	
 04/01-10:53	2152.000	2153.600	2151.200	2152.600	           4583	   2146.933	   2147.220	      0.000	      0.000	      0.000	
 04/01-10:54	2152.800	2153.200	2152.000	2153.200	           2625	   2147.246	   2147.373	      0.000	      0.000	      0.000	
 04/01-10:55	2153.400	2157.800	2153.400	2157.000	           9897	   2147.693	   2147.577	      0.000	      0.000	      0.000	
 04/01-10:56	2157.000	2157.000	2154.400	2154.800	           4167	   2148.073	   2147.743	      0.000	      0.000	      0.000	
 04/01-10:57	2154.800	2155.600	2154.000	2155.600	           3030	   2148.481	   2147.914	      0.000	      0.000	      0.000	
 04/01-10:58	2155.800	2155.800	2153.200	2154.000	           2864	   2148.801	   2148.067	      0.000	      0.000	      0.000	
 04/01-10:59	2153.800	2154.200	2152.800	2153.200	           2641	   2149.067	   2148.190	      0.000	      0.000	      0.000	
 04/01-11:00	2153.000	2153.200	2151.600	2152.000	           3916	   2149.307	   2148.280	      0.000	      0.000	      0.000	
 04/01-11:01	2151.600	2152.200	2150.800	2151.600	           2432	   2149.573	   2148.343	      0.000	      0.000	      0.000	
 04/01-11:02	2151.800	2152.400	2151.600	2152.000	           1743	   2149.799	   2148.326	      0.000	      0.000	      0.000	
 04/01-11:03	2152.000	2153.200	2152.000	2152.800	           2207	   2150.020	   2148.340	      0.000	      0.000	      0.000	
 04/01-11:04	2152.600	2153.800	2151.800	2152.600	           2336	   2150.260	   2148.340	      0.000	      0.000	      0.000	
 04/01-11:05	2152.400	2154.200	2152.200	2153.800	           2283	   2150.527	   2148.344	      0.000	      0.000	      0.000	
 04/01-11:06	2153.600	2156.800	2153.000	2155.800	           3892	   2150.906	   2148.420	      0.000	      0.000	      0.000	
 04/01-11:07	2156.000	2158.000	2152.200	2152.600	           7088	   2151.094	   2148.464	      0.000	      0.000	      0.000	
 04/01-11:08	2152.800	2156.000	2151.600	2154.400	           5062	   2151.379	   2148.536	      0.000	      0.000	      0.000	
 04/01-11:09	2154.200	2158.600	2154.000	2157.400	           6628	   2151.667	   2148.650	      0.000	      0.000	      0.000	
 04/01-11:10	2157.400	2158.000	2154.600	2155.400	           3621	   2151.879	   2148.763	      0.000	      0.000	      0.000	
 04/01-11:11	2155.400	2156.400	2154.600	2154.800	           1874	   2152.053	   2148.886	      0.000	      0.000	      0.000	
 04/01-11:12	2155.000	2155.000	2150.400	2151.200	           6198	   2152.133	   2148.973	      0.000	      0.000	      0.000	
 04/01-11:13	2151.400	2152.800	2150.600	2152.400	           3447	   2152.234	   2149.084	      0.000	      0.000	      0.000	
 04/01-11:14	2152.400	2154.000	2152.200	2153.400	           3050	   2152.406	   2149.197	      0.000	      0.000	      0.000	
 04/01-11:15	2153.400	2156.000	2153.400	2155.600	           3732	   2152.660	   2149.360	      1.000	      1.000	      0.000	
 04/01-11:16	2155.400	2155.400	2152.800	2152.800	           2916	   2152.773	   2149.456	      0.000	      0.000	      0.000	
 04/01-11:17	2152.800	2154.600	2152.800	2153.400	           1570	   2152.947	   2149.560	      0.000	      0.000	      0.000	
 04/01-11:18	2153.400	2159.000	2153.200	2156.800	           7609	   2153.321	   2149.717	      0.000	      0.000	      0.000	
 04/01-11:19	2156.600	2158.000	2156.000	2157.400	           2977	   2153.706	   2149.890	      1.000	      1.000	      0.000	
 04/01-11:20	2157.600	2158.000	2156.200	2156.800	           1992	   2153.960	   2150.070	      0.000	      0.000	      0.000	
 04/01-11:21	2156.800	2157.800	2156.000	2157.800	           2065	   2154.167	   2150.277	      0.000	      0.000	      0.000	
 04/01-11:22	2158.000	2158.000	2155.600	2155.600	           1903	   2154.294	   2150.470	      0.000	      0.000	      0.000	
 04/01-11:23	2155.400	2155.800	2154.400	2155.800	           2609	   2154.400	   2150.667	      0.000	      0.000	      0.000	
 04/01-11:24	2156.000	2158.400	2156.000	2157.400	           3387	   2154.540	   2150.893	      1.000	      1.000	      0.000	
 04/01-11:25	2157.400	2157.600	2155.800	2156.800	           1620	   2154.533	   2151.113	      0.000	      0.000	      0.000	
 04/01-11:26	2156.800	2161.800	2156.600	2161.000	           7323	   2154.740	   2151.406	      0.000	      0.000	      0.000	
 04/01-11:27	2160.800	2161.600	2159.400	2161.400	           3537	   2154.933	   2151.707	      0.000	      0.000	      0.000	
 04/01-11:28	2161.200	2165.400	2160.600	2165.200	           8623	   2155.306	   2152.054	      0.000	      0.000	      0.000	
 04/01-11:29	2165.600	2170.400	2165.200	2168.200	           9328	   2155.806	   2152.437	      0.000	      0.000	      0.000	
 04/01-11:30	2167.800	2167.800	2166.000	2166.000	           5832	   2156.273	   2152.790	      0.000	      0.000	      0.000	
 04/01-13:01	2166.600	2169.400	2165.400	2169.200	           5185	   2156.860	   2153.217	      0.000	      0.000	      0.000	
 04/01-13:02	2169.200	2175.400	2168.400	2173.800	           9369	   2157.587	   2153.693	      0.000	      0.000	      0.000	
 04/01-13:03	2173.600	2174.800	2170.400	2172.800	           4765	   2158.254	   2154.137	      0.000	      0.000	      0.000	
 04/01-13:04	2172.800	2173.400	2171.000	2171.400	           2807	   2158.879	   2154.570	      0.000	      0.000	      0.000	
 04/01-13:05	2171.400	2171.600	2168.200	2169.400	           4394	   2159.400	   2154.964	      0.000	      0.000	      0.000	
 04/01-13:06	2169.400	2170.400	2167.400	2168.800	           3552	   2159.833	   2155.370	      0.000	      0.000	      0.000	
 04/01-13:07	2168.800	2170.400	2168.600	2169.200	           1892	   2160.387	   2155.741	      0.000	      0.000	      0.000	
 04/01-13:08	2169.000	2170.400	2167.800	2170.000	           2580	   2160.908	   2156.144	      0.000	      0.000	      0.000	
 04/01-13:09	2170.200	2170.400	2168.400	2168.600	           2119	   2161.279	   2156.473	      0.000	      0.000	      0.000	
 04/01-13:10	2168.600	2169.600	2168.000	2168.200	           1911	   2161.706	   2156.793	      0.000	      0.000	      0.000	
 04/01-13:11	2168.000	2168.400	2165.000	2165.400	           5054	   2162.060	   2157.057	      0.000	      0.000	      0.000	
 04/01-13:12	2165.600	2165.800	2163.600	2165.000	           4977	   2162.521	   2157.327	      0.000	      0.000	      0.000	
 04/01-13:13	2164.800	2168.000	2164.400	2166.600	           3787	   2162.992	   2157.613	      0.000	      0.000	      0.000	
 04/01-13:14	2166.600	2168.800	2166.600	2167.000	           2301	   2163.446	   2157.926	      0.000	      0.000	      0.000	
 04/01-13:15	2167.000	2167.000	2165.000	2166.600	           3273	   2163.813	   2158.237	      0.000	      0.000	      0.000	
 04/01-13:16	2166.600	2168.000	2165.200	2165.200	           2681	   2164.227	   2158.500	      0.000	      0.000	      0.000	
 04/01-13:17	2165.000	2167.000	2164.400	2166.000	           2752	   2164.646	   2158.796	      0.000	      0.000	      0.000	
 04/01-13:18	2166.000	2166.200	2164.600	2165.400	           1583	   2164.933	   2159.127	      0.000	      0.000	      0.000	
 04/01-13:19	2165.400	2165.400	2162.200	2163.000	           5330	   2165.121	   2159.414	      0.000	      0.000	      0.000	
 04/01-13:20	2162.800	2164.400	2162.200	2163.600	           2722	   2165.346	   2159.653	      0.000	      0.000	      0.000	
 04/01-13:21	2163.400	2164.800	2162.800	2162.800	           2133	   2165.512	   2159.840	      0.000	      0.000	      0.000	
 04/01-13:22	2162.600	2165.400	2162.600	2165.000	           2334	   2165.827	   2160.060	      0.000	      0.000	      0.000	
 04/01-13:23	2165.000	2167.200	2164.400	2166.600	           3334	   2166.188	   2160.294	      0.000	      0.000	      0.000	
 04/01-13:24	2167.000	2167.000	2165.200	2165.800	           1574	   2166.467	   2160.503	      0.000	      0.000	      0.000	
 04/01-13:25	2165.800	2167.200	2165.800	2166.000	           1875	   2166.773	   2160.653	      0.000	      0.000	      0.000	
 04/01-13:26	2165.800	2168.000	2165.800	2167.000	           2434	   2166.973	   2160.856	      0.000	      0.000	      0.000	
 04/01-13:27	2166.800	2167.600	2165.600	2167.600	           1856	   2167.179	   2161.056	      0.000	      0.000	      0.000	
 04/01-13:28	2167.400	2167.600	2164.000	2164.800	           3172	   2167.167	   2161.237	      0.000	      0.000	      0.000	
 04/01-13:29	2164.800	2165.600	2163.600	2165.200	           2535	   2167.067	   2161.437	      0.000	      0.000	      0.000	
 04/01-13:30	2165.200	2166.600	2163.000	2163.000	           2686	   2166.967	   2161.620	      0.000	      0.000	      0.000	
 04/01-13:31	2163.200	2163.800	2157.000	2158.000	          10822	   2166.594	   2161.727	      0.000	      0.000	      0.000	
 04/01-13:32	2158.200	2158.400	2156.000	2156.600	           5966	   2166.021	   2161.804	     -1.000	      0.000	      1.000	
 04/01-13:33	2156.400	2157.600	2156.000	2156.000	           2868	   2165.460	   2161.857	      0.000	      0.000	      0.000	
 04/01-13:34	2156.000	2157.400	2156.000	2157.200	           2447	   2164.988	   2161.933	      0.000	      0.000	      0.000	
 04/01-13:35	2157.000	2157.400	2156.000	2156.200	           2596	   2164.546	   2161.973	      0.000	      0.000	      0.000	
 04/01-13:36	2156.200	2157.400	2155.800	2156.600	           2555	   2164.142	   2161.988	      0.000	      0.000	      0.000	
 04/01-13:37	2156.600	2157.000	2155.200	2155.200	           2954	   2163.673	   2162.030	      0.000	      0.000	      0.000	
 04/01-13:38	2155.200	2156.600	2155.000	2155.400	           2592	   2163.185	   2162.047	      0.000	      0.000	      0.000	
 04/01-13:39	2155.200	2156.200	2153.600	2154.600	           4040	   2162.721	   2162.000	      0.000	      0.000	      0.000	
 04/01-13:40	2154.600	2157.000	2154.600	2155.400	           3466	   2162.294	   2162.000	      0.000	      0.000	      0.000	
 04/01-13:41	2155.600	2156.600	2155.000	2155.400	           1887	   2161.960	   2162.010	      0.000	      0.000	      0.000	
 04/01-13:42	2155.600	2156.200	2153.400	2153.400	           3129	   2161.573	   2162.047	      0.000	      0.000	      0.000	
 04/01-13:43	2153.200	2153.600	2151.400	2151.800	           5204	   2161.081	   2162.036	      0.000	      0.000	      0.000	
 04/01-13:44	2151.800	2153.600	2151.600	2152.600	           3261	   2160.600	   2162.023	      0.000	      0.000	      0.000	
 04/01-13:45	2152.800	2153.400	2152.400	2152.800	           2213	   2160.140	   2161.976	      0.000	      0.000	      0.000	
 04/01-13:46	2152.600	2153.400	2152.400	2153.000	           1595	   2159.733	   2161.980	      0.000	      0.000	      0.000	
 04/01-13:47	2153.000	2155.200	2152.800	2155.000	           3407	   2159.367	   2162.006	      0.000	      0.000	      0.000	
 04/01-13:48	2154.600	2155.800	2154.200	2155.400	           2537	   2159.033	   2161.983	      0.000	      0.000	      0.000	
 04/01-13:49	2155.400	2156.600	2155.400	2156.200	           3072	   2158.806	   2161.964	      0.000	      0.000	      0.000	
 04/01-13:50	2156.000	2156.600	2155.200	2156.400	           1681	   2158.567	   2161.956	      0.000	      0.000	      0.000	
 04/01-13:51	2156.600	2156.800	2155.200	2155.400	           1528	   2158.321	   2161.917	      0.000	      0.000	      0.000	
 04/01-13:52	2155.200	2155.800	2154.600	2155.800	           1849	   2158.012	   2161.920	      0.000	      0.000	      0.000	
 04/01-13:53	2156.000	2156.600	2155.600	2156.200	           1443	   2157.667	   2161.927	      0.000	      0.000	      0.000	
 04/01-13:54	2156.200	2156.600	2152.600	2152.600	           3271	   2157.227	   2161.847	      0.000	      0.000	      0.000	
 04/01-13:55	2153.000	2155.400	2152.000	2154.600	           4079	   2156.848	   2161.810	      0.000	      0.000	      0.000	
 04/01-13:56	2154.400	2155.200	2153.400	2154.000	           1529	   2156.415	   2161.694	      0.000	      0.000	      0.000	
 04/01-13:57	2154.000	2154.600	2153.400	2153.600	           1165	   2155.946	   2161.563	      0.000	      0.000	      0.000	
 04/01-13:58	2153.400	2155.400	2152.600	2154.600	           2075	   2155.606	   2161.386	      0.000	      0.000	      0.000	
 04/01-13:59	2154.600	2156.200	2154.600	2155.600	           1970	   2155.288	   2161.177	      0.000	      0.000	      0.000	
 04/01-14:00	2155.400	2156.000	2154.800	2155.600	           1295	   2155.040	   2161.003	      0.000	      0.000	      0.000	
 04/01-14:01	2155.800	2159.800	2155.600	2159.000	           7274	   2155.073	   2160.833	      0.000	      0.000	      0.000	
 04/01-14:02	2159.200	2159.800	2157.800	2159.000	           3351	   2155.152	   2160.586	      0.000	      0.000	      0.000	
 04/01-14:03	2158.800	2159.200	2158.200	2159.200	           1498	   2155.258	   2160.359	      0.000	      0.000	      0.000	
 04/01-14:04	2159.200	2159.200	2157.800	2158.400	           1599	   2155.300	   2160.144	      0.000	      0.000	      0.000	
 04/01-14:05	2158.200	2159.800	2158.200	2159.400	           2117	   2155.406	   2159.976	      0.000	      0.000	      0.000	
 04/01-14:06	2159.200	2159.600	2157.000	2157.800	           2875	   2155.446	   2159.794	      0.000	      0.000	      0.000	
 04/01-14:07	2157.800	2159.200	2157.800	2158.000	           1430	   2155.540	   2159.606	      0.000	      0.000	      0.000	
 04/01-14:08	2158.200	2158.400	2157.400	2158.000	           1641	   2155.627	   2159.406	      0.000	      0.000	      0.000	
 04/01-14:09	2158.000	2158.200	2154.000	2155.000	           5066	   2155.640	   2159.180	      0.000	      0.000	      0.000	
 04/01-14:10	2155.000	2155.400	2154.200	2155.400	           1667	   2155.640	   2158.967	     -1.000	      0.000	      1.000	
 04/01-14:11	2155.200	2158.000	2154.800	2156.200	           2695	   2155.667	   2158.813	      0.000	      0.000	      0.000	
 04/01-14:12	2156.200	2156.400	2154.000	2155.000	           2429	   2155.721	   2158.647	      0.000	      0.000	      0.000	
 04/01-14:13	2155.000	2156.200	2153.800	2153.800	           2092	   2155.785	   2158.433	      0.000	      0.000	      0.000	
 04/01-14:14	2154.000	2155.600	2154.000	2154.200	           1626	   2155.842	   2158.221	     -1.000	      0.000	      1.000	
 04/01-14:15	2154.200	2157.600	2154.000	2157.400	           2011	   2155.994	   2158.067	      0.000	      0.000	      0.000	
 04/01-14:16	2156.800	2157.000	2155.000	2156.200	           1573	   2156.100	   2157.917	      0.000	      0.000	      0.000	
 04/01-14:17	2156.000	2157.000	2154.800	2156.800	           1449	   2156.160	   2157.763	      0.000	      0.000	      0.000	
 04/01-14:18	2156.600	2156.600	2155.200	2155.600	            945	   2156.167	   2157.600	      0.000	      0.000	      0.000	
 04/01-14:19	2155.600	2159.400	2155.600	2156.800	           4554	   2156.185	   2157.496	      0.000	      0.000	      0.000	
 04/01-14:20	2156.600	2156.800	2155.400	2156.400	           1521	   2156.188	   2157.377	      0.000	      0.000	      0.000	
 04/01-14:21	2156.400	2158.200	2155.400	2156.600	           2771	   2156.225	   2157.273	      0.000	      0.000	      0.000	
 04/01-14:22	2156.400	2158.200	2155.600	2157.400	           2251	   2156.281	   2157.147	      0.000	      0.000	      0.000	
 04/01-14:23	2157.400	2162.000	2156.600	2160.400	           6570	   2156.419	   2157.043	      0.000	      0.000	      0.000	
 04/01-14:24	2160.400	2162.000	2160.200	2161.600	           4669	   2156.721	   2156.974	      1.000	      1.000	      0.000	
 04/01-14:25	2161.600	2161.800	2160.600	2160.600	           2431	   2156.919	   2156.883	      0.000	      0.000	      0.000	
 04/01-14:26	2160.600	2161.000	2158.800	2159.400	           3168	   2157.100	   2156.757	      0.000	      0.000	      0.000	
 04/01-14:27	2159.400	2160.600	2158.600	2159.800	           2116	   2157.308	   2156.627	      0.000	      0.000	      0.000	
 04/01-14:28	2159.600	2159.600	2158.600	2159.200	           1353	   2157.460	   2156.533	      0.000	      0.000	      0.000	
 04/01-14:29	2158.800	2159.800	2158.000	2159.000	           2134	   2157.573	   2156.430	      0.000	      0.000	      0.000	
 04/01-14:30	2159.200	2161.000	2159.000	2160.000	           2292	   2157.721	   2156.380	      0.000	      0.000	      0.000	
 04/01-14:31	2159.600	2161.000	2159.200	2161.000	           1756	   2157.788	   2156.430	      0.000	      0.000	      0.000	
 04/01-14:32	2160.800	2161.000	2159.600	2160.400	           1800	   2157.833	   2156.493	      0.000	      0.000	      0.000	
 04/01-14:33	2160.600	2161.200	2159.800	2159.800	           1716	   2157.854	   2156.556	      0.000	      0.000	      0.000	
 04/01-14:34	2159.800	2161.200	2159.400	2161.000	           1791	   2157.940	   2156.620	      0.000	      0.000	      0.000	
 04/01-14:35	2161.000	2161.800	2160.200	2160.800	           1836	   2157.988	   2156.697	      0.000	      0.000	      0.000	
 04/01-14:36	2161.000	2161.600	2160.000	2161.600	           1592	   2158.113	   2156.779	      0.000	      0.000	      0.000	
 04/01-14:37	2161.400	2161.600	2160.200	2161.000	           1550	   2158.212	   2156.876	      0.000	      0.000	      0.000	
 04/01-14:38	2161.000	2161.000	2159.600	2159.600	           2363	   2158.267	   2156.947	      0.000	      0.000	      0.000	
 04/01-14:39	2159.800	2160.200	2157.000	2157.400	           4128	   2158.346	   2156.993	      0.000	      0.000	      0.000	
 04/01-14:40	2157.600	2157.600	2155.200	2155.600	           5355	   2158.354	   2156.997	      0.000	      0.000	      0.000	
 04/01-14:41	2155.600	2156.600	2155.400	2156.400	           1711	   2158.358	   2157.012	     -1.000	      0.000	      1.000	
 04/01-14:42	2156.200	2156.400	2155.200	2155.400	           1991	   2158.373	   2157.047	      0.000	      0.000	      0.000	
 04/01-14:43	2155.400	2156.600	2154.000	2155.000	           3450	   2158.415	   2157.100	      0.000	      0.000	      0.000	
 04/01-14:44	2155.000	2155.400	2153.600	2154.600	           2641	   2158.425	   2157.133	      0.000	      0.000	      0.000	
 04/01-14:45	2154.800	2154.800	2152.600	2152.600	           4037	   2158.267	   2157.130	      0.000	      0.000	      0.000	
 04/01-14:46	2153.000	2154.400	2152.800	2154.000	           3385	   2158.194	   2157.147	      0.000	      0.000	      0.000	
 04/01-14:47	2153.800	2155.400	2153.800	2155.400	           1966	   2158.146	   2157.153	      0.000	      0.000	      0.000	
 04/01-14:48	2155.400	2155.400	2153.800	2154.600	           1536	   2158.113	   2157.140	      0.000	      0.000	      0.000	
 04/01-14:49	2154.400	2155.200	2154.200	2155.000	           1197	   2158.054	   2157.120	      0.000	      0.000	      0.000	
 04/01-14:50	2155.400	2156.200	2155.000	2156.000	           2270	   2158.040	   2157.114	      0.000	      0.000	      0.000	
 04/01-14:51	2155.600	2156.400	2155.000	2155.600	           1884	   2158.008	   2157.117	      0.000	      0.000	      0.000	
 04/01-14:52	2156.000	2156.200	2155.400	2155.400	           1034	   2157.940	   2157.110	      0.000	      0.000	      0.000	
 04/01-14:53	2155.600	2155.600	2154.800	2155.600	           1088	   2157.781	   2157.100	      0.000	      0.000	      0.000	
 04/01-14:54	2155.400	2156.400	2155.400	2156.400	           1275	   2157.606	   2157.164	      0.000	      0.000	      0.000	
 04/01-14:55	2156.400	2156.400	2155.600	2156.000	            835	   2157.454	   2157.187	      0.000	      0.000	      0.000	
 04/01-14:56	2156.000	2156.000	2154.800	2155.000	           1461	   2157.306	   2157.203	      0.000	      0.000	      0.000	
 04/01-14:57	2155.000	2155.800	2155.000	2155.800	            803	   2157.173	   2157.241	      0.000	      0.000	      0.000	
 04/01-14:58	2155.600	2156.000	2155.400	2155.800	            717	   2157.060	   2157.260	      0.000	      0.000	      0.000	
 04/01-14:59	2155.800	2156.000	2155.400	2156.000	           1236	   2156.960	   2157.267	      0.000	      0.000	      0.000	
 04/01-15:00	2156.000	2156.200	2155.600	2156.000	           1264	   2156.827	   2157.274	      0.000	      0.000	      0.000	
 04/01-15:01	2156.000	2156.200	2154.800	2155.200	           1825	   2156.633	   2157.210	      0.000	      0.000	      0.000	
 04/01-15:02	2155.000	2155.600	2155.000	2155.600	            824	   2156.473	   2157.153	      0.000	      0.000	      0.000	
 04/01-15:03	2155.600	2156.000	2155.400	2156.000	           1642	   2156.346	   2157.100	      0.000	      0.000	      0.000	
 04/01-15:04	2156.200	2157.600	2156.000	2157.200	           2868	   2156.221	   2157.080	      0.000	      0.000	      0.000	
 04/01-15:05	2157.000	2157.400	2156.600	2156.800	           1225	   2156.085	   2157.036	      0.000	      0.000	      0.000	
 04/01-15:06	2157.000	2157.400	2156.400	2157.000	           1149	   2155.933	   2157.023	      0.000	      0.000	      0.000	
 04/01-15:07	2157.200	2157.200	2156.200	2156.400	            956	   2155.781	   2156.997	      0.000	      0.000	      0.000	
 04/01-15:08	2156.400	2156.600	2155.800	2155.800	           1447	   2155.654	   2156.960	      0.000	      0.000	      0.000	
 04/01-15:09	2155.800	2156.400	2155.400	2156.400	           1169	   2155.621	   2156.983	      0.000	      0.000	      0.000	
 04/01-15:10	2156.000	2156.400	2155.800	2156.000	            806	   2155.633	   2156.994	      0.000	      0.000	      0.000	
 04/01-15:11	2156.200	2157.000	2156.000	2156.000	           1086	   2155.621	   2156.990	      0.000	      0.000	      0.000	
 04/01-15:12	2156.200	2156.600	2156.000	2156.400	            897	   2155.652	   2157.012	      0.000	      0.000	      0.000	
 04/01-15:13	2156.200	2156.600	2156.000	2156.000	           1109	   2155.685	   2157.050	      0.000	      0.000	      0.000	
 04/01-15:14	2156.200	2157.800	2156.000	2157.200	           2755	   2155.775	   2157.100	      0.000	      0.000	      0.000	
 04/01-15:15	2157.000	2158.800	2157.000	2158.400	           3368	   2155.967	   2157.117	      0.000	      0.000	      0.000	