 03/12-09:16	2073.800	2073.800	2068.000	2069.000	          10054	
 03/12-09:17	2069.000	2069.000	2064.000	2065.200	           5221	
 03/12-09:18	2065.400	2071.000	2065.400	2070.600	           4054	
 03/12-09:19	2071.000	2073.800	2070.000	2073.200	           3386	
 03/12-09:20	2073.400	2079.000	2073.400	2078.000	           6472	
 03/12-09:21	2077.600	2081.400	2076.800	2077.800	           3952	
 03/12-09:22	2077.800	2078.200	2076.600	2077.600	           2579	
 03/12-09:23	2077.400	2079.400	2076.000	2078.600	           2447	
 03/12-09:24	2078.400	2078.800	2077.000	2077.000	           1011	
 03/12-09:25	2077.000	2077.600	2074.400	2074.400	           3172	
 03/12-09:26	2074.800	2078.400	2074.800	2077.600	           1593	
 03/12-09:27	2077.600	2080.000	2074.400	2079.600	           2750	
 03/12-09:28	2078.600	2083.000	2078.400	2082.600	           4542	
 03/12-09:29	2082.600	2082.600	2081.200	2081.400	           1035	
 03/12-09:30	2081.000	2082.600	2079.000	2079.600	           2613	
 03/12-09:31	2079.400	2083.800	2079.200	2080.400	           4166	
 03/12-09:32	2079.600	2082.400	2078.600	2080.000	           3149	
 03/12-09:33	2079.600	2079.800	2076.200	2079.200	           2467	
 03/12-09:34	2078.800	2081.200	2078.200	2081.200	           1778	
 03/12-09:35	2081.000	2082.400	2080.600	2082.000	           1800	
 03/12-09:36	2082.000	2086.800	2082.000	2085.800	           8506	
 03/12-09:37	2085.400	2087.400	2083.400	2083.400	           3583	
 03/12-09:38	2083.400	2083.400	2079.200	2080.200	           4689	
 03/12-09:39	2080.200	2082.000	2077.400	2078.200	           3847	
 03/12-09:40	2077.600	2078.800	2073.600	2074.800	           6592	
 03/12-09:41	2074.800	2075.200	2073.000	2074.200	           4022	
 03/12-09:42	2074.200	2074.800	2071.600	2073.000	           3622	
 03/12-09:43	2072.600	2074.000	2071.800	2072.400	           2330	
 03/12-09:44	2072.600	2074.800	2072.000	2073.400	           2388	
 03/12-09:45	2073.600	2074.600	2073.400	2073.400	           1540	
 03/12-09:46	2073.600	2076.400	2072.000	2075.600	           4832	
 03/12-09:47	2075.800	2077.800	2074.400	2077.400	           2593	
 03/12-09:48	2077.400	2078.000	2074.200	2074.200	           2735	
 03/12-09:49	2074.400	2076.600	2073.600	2074.800	           2602	
 03/12-09:50	2074.600	2076.200	2073.800	2073.800	           2221	
 03/12-09:51	2073.600	2073.800	2071.200	2071.400	           3853	
 03/12-09:52	2071.600	2073.000	2071.600	2073.000	           2480	
 03/12-09:53	2073.000	2076.000	2072.200	2075.200	           2245	
 03/12-09:54	2075.000	2077.400	2073.000	2075.400	           3367	
 03/12-09:55	2075.600	2083.200	2075.200	2082.400	           5005	
 03/12-09:56	2082.000	2083.800	2080.400	2083.200	           5668	
 03/12-09:57	2083.000	2084.400	2081.400	2084.400	           4056	
 03/12-09:58	2084.600	2088.600	2084.600	2086.800	           7791	
 03/12-09:59	2087.000	2087.800	2085.200	2087.200	           3950	
 03/12-10:00	2087.400	2092.200	2087.400	2088.200	           7810	
 03/12-10:01	2088.000	2090.000	2086.200	2087.000	           3979	
 03/12-10:02	2087.200	2090.000	2086.600	2089.200	           4494	
 03/12-10:03	2089.200	2091.400	2088.600	2091.400	           3372	
 03/12-10:04	2091.600	2092.600	2088.200	2089.000	           3756	
 03/12-10:05	2089.000	2089.000	2086.600	2087.600	           3453	
 03/12-10:06	2087.400	2088.800	2086.200	2086.400	           3230	
 03/12-10:07	2086.400	2091.600	2086.000	2091.400	           4106	
 03/12-10:08	2091.400	2092.800	2087.000	2087.000	           4646	
 03/12-10:09	2086.800	2088.000	2083.200	2084.200	           4879	
 03/12-10:10	2084.400	2087.800	2084.000	2086.000	           3065	
 03/12-10:11	2086.000	2089.800	2085.600	2088.800	           3686	
 03/12-10:12	2088.800	2091.600	2087.600	2090.800	           3429	
 03/12-10:13	2091.000	2092.000	2088.600	2090.200	           2657	
 03/12-10:14	2090.200	2091.600	2088.600	2091.200	           1892	
 03/12-10:15	2091.600	2094.200	2091.600	2092.800	           4628	
 03/12-10:16	2092.800	2094.800	2091.200	2092.800	           6260	
 03/12-10:17	2092.800	2093.800	2091.200	2091.200	           2244	
 03/12-10:18	2091.400	2092.800	2091.000	2091.800	           2727	
 03/12-10:19	2091.800	2094.200	2091.800	2094.000	           2226	
 03/12-10:20	2094.400	2095.600	2092.000	2092.200	           5266	
 03/12-10:21	2092.200	2092.200	2089.400	2090.800	           4761	
 03/12-10:22	2090.600	2090.800	2088.000	2088.600	           3476	
 03/12-10:23	2088.600	2090.200	2088.400	2089.400	           1936	
 03/12-10:24	2089.400	2091.600	2088.800	2091.000	           2261	
 03/12-10:25	2091.000	2091.000	2089.400	2089.600	           1577	
 03/12-10:26	2089.400	2089.600	2085.600	2086.000	           3768	
 03/12-10:27	2086.000	2086.800	2085.000	2086.000	           3556	
 03/12-10:28	2086.000	2088.000	2085.800	2087.800	           2206	
 03/12-10:29	2087.800	2090.600	2086.800	2089.600	           2723	
 03/12-10:30	2089.600	2090.400	2088.600	2089.400	           2271	
 03/12-10:31	2089.200	2091.800	2089.000	2091.800	           3318	
 03/12-10:32	2092.000	2095.000	2092.000	2094.800	           4404	
 03/12-10:33	2095.000	2095.000	2091.600	2093.400	           3471	
 03/12-10:34	2093.400	2093.400	2091.200	2091.800	           1555	
 03/12-10:35	2092.200	2094.600	2091.600	2092.400	           3599	
 03/12-10:36	2092.400	2093.400	2091.400	2092.800	           1793	
 03/12-10:37	2093.200	2095.800	2092.600	2093.800	           5546	
 03/12-10:38	2094.000	2096.800	2094.000	2096.000	           3890	
 03/12-10:39	2096.000	2097.000	2091.600	2092.200	           6153	
 03/12-10:40	2092.000	2092.600	2090.400	2092.400	           3538	
 03/12-10:41	2092.400	2096.400	2092.400	2095.200	           5251	
 03/12-10:42	2095.200	2097.200	2093.400	2093.400	           5286	
 03/12-10:43	2093.200	2094.200	2091.600	2091.600	           3658	
 03/12-10:44	2092.000	2098.000	2091.600	2097.000	           5076	
 03/12-10:45	2097.000	2097.800	2095.000	2096.400	           2602	
 03/12-10:46	2096.200	2098.000	2095.000	2097.000	           3406	
 03/12-10:47	2097.000	2098.400	2093.200	2094.200	           4278	
 03/12-10:48	2093.600	2095.200	2092.000	2092.400	           3812	
 03/12-10:49	2092.800	2092.800	2089.000	2090.400	           4644	
 03/12-10:50	2090.800	2091.600	2089.000	2091.000	           2885	
 03/12-10:51	2091.000	2091.600	2090.000	2091.200	           2022	
 03/12-10:52	2091.000	2094.000	2090.600	2093.400	           3452	
 03/12-10:53	2093.200	2093.200	2090.600	2091.400	           1999	
 03/12-10:54	2091.400	2093.000	2088.600	2089.200	           2882	
 03/12-10:55	2089.000	2092.600	2089.000	2091.000	           1766	
 03/12-10:56	2091.000	2091.800	2089.400	2090.000	           2296	
 03/12-10:57	2089.800	2092.000	2089.000	2090.400	           3134	
 03/12-10:58	2090.200	2091.800	2086.600	2086.600	           3706	
 03/12-10:59	2086.600	2088.600	2086.600	2087.200	           3133	
 03/12-11:00	2087.000	2089.000	2086.200	2089.000	           2427	
 03/12-11:01	2089.200	2089.800	2087.600	2088.800	           2606	
 03/12-11:02	2089.000	2091.200	2088.600	2090.800	           2502	
 03/12-11:03	2090.800	2091.800	2089.800	2091.800	           1421	
 03/12-11:04	2091.800	2093.400	2090.800	2090.800	           2640	
 03/12-11:05	2090.800	2091.600	2089.000	2089.400	           1976	
 03/12-11:06	2089.200	2089.600	2086.000	2086.400	           4988	
 03/12-11:07	2086.400	2087.400	2082.400	2082.600	           6658	
 03/12-11:08	2082.400	2083.000	2081.400	2082.800	           2976	
 03/12-11:09	2082.600	2082.600	2079.800	2080.000	           5451	
 03/12-11:10	2080.000	2081.000	2079.800	2081.000	           2750	
 03/12-11:11	2081.400	2081.400	2076.400	2078.000	           5787	
 03/12-11:12	2078.200	2079.800	2078.000	2079.600	           2561	
 03/12-11:13	2079.600	2080.600	2079.200	2079.800	           2445	
 03/12-11:14	2080.000	2081.000	2080.000	2080.200	           1747	
 03/12-11:15	2080.200	2081.000	2079.800	2080.800	           1172	
 03/12-11:16	2080.600	2081.400	2079.000	2079.200	           2797	
 03/12-11:17	2079.400	2080.000	2077.600	2079.800	           3598	
 03/12-11:18	2079.800	2080.000	2073.600	2075.400	           7069	
 03/12-11:19	2075.200	2076.000	2073.600	2075.800	           2528	
 03/12-11:20	2076.000	2078.600	2075.800	2077.200	           2185	
 03/12-11:21	2077.400	2078.200	2074.600	2075.200	           3022	
 03/12-11:22	2075.800	2077.400	2074.800	2077.400	           2227	
 03/12-11:23	2077.400	2078.200	2075.200	2075.800	           2139	
 03/12-11:24	2075.800	2076.200	2073.800	2074.200	           2613	
 03/12-11:25	2074.200	2075.800	2073.600	2074.200	           2087	
 03/12-11:26	2074.200	2074.200	2070.200	2071.000	           5514	
 03/12-11:27	2071.000	2072.600	2070.800	2071.200	           2673	
 03/12-11:28	2071.400	2073.600	2070.800	2072.400	           2135	
 03/12-11:29	2072.400	2073.600	2072.000	2072.000	           1650	
 03/12-11:30	2071.600	2075.200	2071.600	2074.000	           3414	
 03/12-13:01	2074.000	2075.200	2072.200	2073.400	           2340	
 03/12-13:02	2073.400	2075.600	2073.200	2074.400	           1579	
 03/12-13:03	2074.400	2076.000	2074.000	2075.200	           2126	
 03/12-13:04	2075.400	2075.400	2074.000	2074.000	           1290	
 03/12-13:05	2074.000	2075.800	2074.000	2075.200	           1444	
 03/12-13:06	2075.000	2075.000	2073.000	2073.200	           1761	
 03/12-13:07	2073.400	2074.600	2072.200	2074.600	           1804	
 03/12-13:08	2074.800	2076.800	2074.600	2075.600	           2732	
 03/12-13:09	2075.600	2076.400	2074.800	2075.000	           1363	
 03/12-13:10	2074.800	2076.000	2074.400	2075.400	           1066	
 03/12-13:11	2075.600	2076.200	2074.000	2074.000	           1539	
 03/12-13:12	2074.200	2074.800	2073.000	2074.400	           2000	
 03/12-13:13	2074.200	2076.000	2073.400	2074.400	           1638	
 03/12-13:14	2074.400	2074.400	2072.600	2073.200	           1646	
 03/12-13:15	2073.200	2074.000	2072.000	2072.800	           2275	
 03/12-13:16	2073.000	2075.200	2072.600	2075.200	           2292	
 03/12-13:17	2074.800	2077.400	2074.800	2075.800	           5203	
 03/12-13:18	2075.800	2076.800	2071.000	2071.400	           4963	
 03/12-13:19	2071.400	2073.000	2070.800	2070.800	           3534	
 03/12-13:20	2070.800	2072.800	2070.600	2072.400	           2970	
 03/12-13:21	2072.400	2078.800	2072.400	2076.800	           7820	
 03/12-13:22	2076.800	2077.600	2076.200	2076.200	           2397	
 03/12-13:23	2076.400	2077.400	2075.200	2076.000	           2573	
 03/12-13:24	2076.200	2077.000	2075.600	2077.000	           1663	
 03/12-13:25	2077.000	2080.600	2076.800	2079.000	           5957	
 03/12-13:26	2079.000	2080.000	2078.200	2079.400	           3019	
 03/12-13:27	2079.400	2080.200	2078.600	2079.800	           2195	
 03/12-13:28	2079.800	2079.800	2078.600	2078.600	           1586	
 03/12-13:29	2078.600	2079.600	2078.000	2078.800	           1751	
 03/12-13:30	2079.000	2079.200	2078.200	2079.000	           1419	
 03/12-13:31	2079.000	2079.000	2076.400	2076.800	           2474	
 03/12-13:32	2076.800	2077.200	2075.400	2076.000	           2099	
 03/12-13:33	2075.800	2076.800	2075.200	2075.400	           1850	
 03/12-13:34	2075.400	2076.400	2074.200	2074.200	           2021	
 03/12-13:35	2074.400	2074.600	2072.600	2073.600	           3492	
 03/12-13:36	2073.600	2074.000	2072.200	2072.600	           2075	
 03/12-13:37	2072.600	2072.800	2068.200	2070.000	           6696	
 03/12-13:38	2070.000	2070.600	2069.000	2069.000	           2199	
 03/12-13:39	2069.000	2075.600	2069.000	2074.000	           6658	
 03/12-13:40	2074.400	2074.800	2072.000	2072.000	           2687	
 03/12-13:41	2072.000	2074.200	2071.800	2074.200	           2776	
 03/12-13:42	2074.600	2075.600	2073.600	2075.200	           3225	
 03/12-13:43	2075.400	2077.400	2074.600	2077.000	           3184	
 03/12-13:44	2077.200	2078.600	2076.200	2078.000	           2793	
 03/12-13:45	2078.000	2079.400	2077.600	2079.400	           1975	
 03/12-13:46	2079.600	2082.600	2079.600	2081.200	          10615	
 03/12-13:47	2081.200	2081.800	2080.600	2081.400	           2873	
 03/12-13:48	2081.600	2083.800	2081.400	2082.600	           5420	
 03/12-13:49	2082.600	2083.600	2081.600	2082.200	           2217	
 03/12-13:50	2082.200	2083.000	2081.400	2082.400	           2681	
 03/12-13:51	2082.400	2083.600	2081.600	2083.600	           2364	
 03/12-13:52	2083.600	2083.600	2081.800	2082.000	           2005	
 03/12-13:53	2082.000	2082.000	2081.000	2082.000	           2181	
 03/12-13:54	2082.000	2083.200	2081.000	2081.600	           2123	
 03/12-13:55	2081.800	2087.200	2081.600	2087.000	           5061	
 03/12-13:56	2087.400	2089.800	2086.800	2089.000	           7234	
 03/12-13:57	2088.800	2089.000	2086.400	2088.400	           4914	
 03/12-13:58	2088.600	2092.400	2088.600	2090.200	           7897	
 03/12-13:59	2090.600	2090.800	2089.600	2090.800	           3527	
 03/12-14:00	2091.000	2091.000	2088.600	2089.200	           3562	
 03/12-14:01	2089.400	2090.000	2088.200	2088.800	           2470	
 03/12-14:02	2088.800	2090.000	2088.200	2088.400	           1973	
 03/12-14:03	2088.400	2088.800	2087.600	2088.400	           1757	
 03/12-14:04	2088.400	2089.600	2087.000	2087.800	           2879	
 03/12-14:05	2087.600	2088.600	2086.000	2086.000	           1926	
 03/12-14:06	2086.000	2087.400	2085.000	2086.400	           3974	
 03/12-14:07	2086.600	2087.400	2085.400	2086.400	           1906	
 03/12-14:08	2086.600	2087.000	2084.800	2087.000	           4754	
 03/12-14:09	2087.000	2088.600	2085.600	2085.800	           2245	
 03/12-14:10	2085.800	2087.400	2084.400	2086.600	           3149	
 03/12-14:11	2086.600	2088.400	2086.400	2088.000	           2360	
 03/12-14:12	2088.000	2090.400	2087.000	2089.000	           4172	
 03/12-14:13	2089.000	2089.400	2086.000	2086.600	           3018	
 03/12-14:14	2086.800	2086.800	2085.000	2085.400	           2738	
 03/12-14:15	2085.400	2088.400	2085.200	2087.800	           1998	
 03/12-14:16	2087.800	2088.000	2086.800	2088.000	           1189	
 03/12-14:17	2088.000	2089.200	2086.200	2087.000	           3523	
 03/12-14:18	2087.000	2087.800	2085.800	2087.600	           2212	
 03/12-14:19	2087.400	2089.200	2086.400	2086.600	           2793	
 03/12-14:20	2086.600	2086.800	2084.600	2084.600	           3023	
 03/12-14:21	2084.600	2085.400	2080.200	2081.000	           6786	
 03/12-14:22	2081.200	2081.600	2079.800	2079.800	           3605	
 03/12-14:23	2080.000	2081.600	2080.000	2081.000	           2194	
 03/12-14:24	2080.800	2082.000	2080.600	2080.600	           2056	
 03/12-14:25	2080.800	2082.800	2080.800	2082.000	           2704	
 03/12-14:26	2082.200	2087.200	2081.400	2086.400	           3808	
 03/12-14:27	2085.800	2086.800	2084.800	2085.200	           2779	
 03/12-14:28	2084.600	2085.600	2082.400	2082.400	           2047	
 03/12-14:29	2082.800	2085.200	2082.200	2085.200	           2779	
 03/12-14:30	2085.200	2087.800	2085.200	2087.400	           3502	
 03/12-14:31	2087.400	2088.600	2086.200	2088.200	           3755	
 03/12-14:32	2088.200	2089.000	2087.400	2089.000	           2278	
 03/12-14:33	2089.000	2089.200	2088.000	2089.000	           1650	
 03/12-14:34	2088.600	2089.800	2088.200	2089.000	           2806	
 03/12-14:35	2089.000	2089.600	2088.000	2088.400	           2851	
 03/12-14:36	2088.000	2088.800	2087.800	2087.800	           1271	
 03/12-14:37	2087.800	2088.400	2087.400	2088.000	           2209	
 03/12-14:38	2088.000	2088.200	2084.800	2086.600	           3361	
 03/12-14:39	2086.600	2088.600	2085.600	2088.600	           2464	
 03/12-14:40	2088.800	2089.600	2087.600	2089.600	           2895	
 03/12-14:41	2089.400	2091.600	2088.600	2091.000	           4182	
 03/12-14:42	2091.000	2091.600	2089.600	2091.000	           2287	
 03/12-14:43	2090.800	2090.800	2089.600	2090.000	           1599	
 03/12-14:44	2090.200	2090.400	2089.200	2089.800	           1069	
 03/12-14:45	2090.000	2090.000	2088.200	2088.200	           1300	
 03/12-14:46	2088.400	2089.000	2087.800	2089.000	           1566	
 03/12-14:47	2089.000	2089.800	2088.000	2088.200	           4487	
 03/12-14:48	2088.200	2088.600	2086.400	2086.600	           2673	
 03/12-14:49	2086.600	2086.600	2084.200	2085.000	           3897	
 03/12-14:50	2084.800	2086.800	2084.800	2086.000	           2176	
 03/12-14:51	2086.000	2086.600	2085.000	2085.600	           1869	
 03/12-14:52	2085.400	2086.200	2085.200	2085.600	           1194	
 03/12-14:53	2085.800	2088.400	2085.400	2087.600	           2777	
 03/12-14:54	2087.400	2088.200	2084.400	2085.200	           2943	
 03/12-14:55	2085.000	2086.400	2084.800	2085.600	           1615	
 03/12-14:56	2085.600	2086.800	2085.200	2085.400	           1414	
 03/12-14:57	2085.600	2087.600	2085.000	2087.200	           1388	
 03/12-14:58	2087.200	2087.200	2085.400	2085.800	           1276	
 03/12-14:59	2085.600	2086.000	2085.200	2085.400	           1640	
 03/12-15:00	2085.200	2085.800	2084.400	2085.000	           1792	
 03/12-15:01	2085.400	2086.600	2084.800	2086.000	           1819	
 03/12-15:02	2086.000	2086.400	2085.200	2086.200	           1366	
 03/12-15:03	2086.200	2088.600	2086.200	2088.200	           2647	
 03/12-15:04	2088.400	2088.400	2087.600	2088.000	           1555	
 03/12-15:05	2088.000	2089.400	2087.800	2087.800	           2124	
 03/12-15:06	2088.000	2088.600	2087.800	2088.000	           1120	
 03/12-15:07	2088.000	2088.400	2087.200	2087.400	           1151	
 03/12-15:08	2087.400	2088.400	2087.400	2088.200	            876	
 03/12-15:09	2088.000	2088.400	2087.600	2088.000	            560	
 03/12-15:10	2088.200	2088.200	2087.000	2087.600	            914	
 03/12-15:11	2087.600	2088.000	2087.200	2088.000	            864	
 03/12-15:12	2087.800	2088.200	2087.400	2087.800	            745	
 03/12-15:13	2088.000	2088.200	2085.400	2085.800	           2435	
 03/12-15:14	2085.800	2086.400	2084.400	2084.400	           2721	
 03/12-15:15	2084.200	2086.000	2084.200	2085.800	           2905	