 07/12-09:16	2318.000	2321.000	2315.200	2318.400	           5865	      1.000	   2313.667	   2316.180	   2320.328	           	           	      0.000	      0.000	      0.000	      0.000	      0.000	      0.000	      0.000	      0.000	      0.000	
 07/12-09:17	2318.000	2318.000	2316.200	2317.000	           2021	      2.000	   2313.880	   2315.950	   2320.433	           	           	      0.000	      0.000	      0.000	      0.000	      0.000	      0.000	      0.000	      0.000	      0.000	
 07/12-09:18	2317.000	2319.800	2316.600	2318.400	           1735	      3.000	   2314.093	   2315.870	   2320.572	           	           	      0.000	      0.000	      0.000	      0.000	      0.000	      0.000	      0.000	      0.000	      0.000	
 07/12-09:19	2317.800	2319.800	2317.400	2319.600	           1383	      4.000	   2314.394	   2315.737	   2320.733	           	           	      0.000	      0.000	      0.000	      0.000	      0.000	      0.000	      0.000	      0.000	      0.000	
 07/12-09:20	2319.200	2319.400	2316.600	2317.600	           1850	      5.000	   2314.633	   2315.723	   2320.847	           	           	      0.000	      0.000	      0.000	      0.000	      0.000	      0.000	      0.000	      0.000	      0.000	
 07/12-09:21	2317.400	2317.600	2315.200	2317.400	           2069	      6.000	   2314.780	   2315.837	   2320.969	           	           	      0.000	      0.000	      0.000	      0.000	      0.000	      0.000	      0.000	      0.000	      0.000	
 07/12-09:22	2317.400	2318.200	2315.800	2318.000	           1101	      7.000	   2314.967	   2315.887	   2321.085	           	           	      0.000	      0.000	      0.000	      0.000	      0.000	      0.000	      0.000	      0.000	      0.000	
 07/12-09:23	2318.000	2318.400	2316.200	2316.400	            694	      8.000	   2315.079	   2315.860	   2321.181	           	           	      0.000	      0.000	      0.000	      0.000	      0.000	      0.000	      0.000	      0.000	      0.000	
 07/12-09:24	2316.400	2317.600	2316.400	2317.600	            561	      9.000	   2315.167	   2315.833	   2321.290	           	           	      0.000	      0.000	      0.000	      0.000	      0.000	      0.000	      0.000	      0.000	      0.000	
 07/12-09:25	2317.400	2318.000	2315.200	2315.200	           1399	     10.000	   2315.140	   2315.737	   2321.408	           	           	      0.000	      0.000	      0.000	      0.000	      0.000	      0.000	      0.000	      0.000	      0.000	
 07/12-09:26	2315.400	2316.400	2314.400	2315.400	           1951	     11.000	   2315.094	   2315.673	   2321.500	           	           	      0.000	      0.000	      0.000	      0.000	      0.000	      0.000	      0.000	      0.000	      0.000	
 07/12-09:27	2315.200	2316.400	2314.800	2315.200	           1176	     12.000	   2315.067	   2315.550	   2321.580	           	           	      0.000	      0.000	      0.000	      0.000	      0.000	      0.000	      0.000	      0.000	      0.000	
 07/12-09:28	2315.400	2317.200	2315.200	2316.200	           1319	     13.000	   2315.021	   2315.394	   2321.655	           	           	      0.000	      0.000	      0.000	      0.000	      0.000	      0.000	      0.000	      0.000	      0.000	
 07/12-09:29	2316.400	2316.800	2315.000	2315.000	           1103	     14.000	   2315.021	   2315.273	   2321.740	           	           	      0.000	      0.000	      0.000	      0.000	      0.000	      0.000	      0.000	      0.000	      0.000	
 07/12-09:30	2315.000	2315.200	2312.400	2313.000	           2430	     15.000	   2315.013	   2315.167	   2321.787	           	           	      0.000	      0.000	      0.000	      0.000	      0.000	      0.000	      0.000	      0.000	      0.000	
 07/12-09:31	2313.000	2316.200	2311.800	2316.200	           3145	     16.000	   2315.127	   2315.143	   2321.822	           	           	      0.000	      0.000	      0.000	      0.000	      0.000	      0.000	      0.000	      0.000	      0.000	
 07/12-09:32	2316.200	2318.800	2316.200	2317.600	           4300	     17.000	   2315.300	   2315.130	   2321.850	           	           	      0.000	      0.000	      0.000	      0.000	      0.000	      0.000	      0.000	      0.000	      0.000	
 07/12-09:33	2317.600	2321.200	2317.600	2318.200	           4436	     18.000	   2315.494	   2315.100	   2321.880	           	           	      0.000	      0.000	      0.000	      0.000	      0.000	      0.000	      0.000	      0.000	      0.000	
 07/12-09:34	2318.400	2319.800	2317.400	2318.000	           2013	     19.000	   2315.694	   2315.070	   2321.842	           	           	      0.000	      0.000	      0.000	      0.000	      0.000	      0.000	      0.000	      0.000	      0.000	
 07/12-09:35	2318.200	2318.200	2316.000	2317.600	           2235	     20.000	   2315.953	   2315.147	   2321.850	           	           	      0.000	      0.000	      0.000	      0.000	      0.000	      0.000	      0.000	      0.000	      0.000	
 07/12-09:36	2317.200	2320.000	2316.600	2319.200	           2032	     21.000	   2316.353	   2315.190	   2321.893	           	           	      0.000	      0.000	      0.000	      0.000	      0.000	      0.000	      0.000	      0.000	      0.000	
 07/12-09:37	2319.400	2320.000	2315.600	2315.600	           2660	     22.000	   2316.579	   2315.227	   2321.892	           	           	      0.000	      0.000	      0.000	      0.000	      0.000	      0.000	      0.000	      0.000	      0.000	
 07/12-09:38	2315.400	2315.800	2313.400	2314.000	           3343	     23.000	   2316.646	   2315.180	   2321.868	           	           	      0.000	      0.000	      0.000	      0.000	      0.000	      0.000	      0.000	      0.000	      0.000	
 07/12-09:39	2314.200	2314.800	2311.200	2311.200	           2829	     24.000	   2316.633	   2315.130	   2321.840	           	           	      0.000	      0.000	      0.000	      0.000	      0.000	      0.000	      0.000	      0.000	      0.000	
 07/12-09:40	2311.200	2313.400	2308.600	2308.800	           4309	     25.000	   2316.473	   2315.010	   2321.780	           	           	      0.000	      0.000	      0.000	      0.000	      0.000	      0.000	      0.000	      0.000	      0.000	
 07/12-09:41	2309.400	2312.200	2309.200	2309.200	           4045	     26.000	   2316.353	   2314.857	   2321.730	           	           	      0.000	      0.000	      0.000	      0.000	      0.000	      0.000	      0.000	      0.000	      0.000	
 07/12-09:42	2309.200	2314.800	2309.000	2314.000	           3623	     27.000	   2316.300	   2314.747	   2321.712	           	           	      0.000	      0.000	      0.000	      0.000	      0.000	      0.000	      0.000	      0.000	      0.000	
 07/12-09:43	2314.000	2314.400	2312.400	2314.000	           1868	     28.000	   2316.141	   2314.657	   2321.695	           	           	      0.000	      0.000	      0.000	      0.000	      0.000	      0.000	      0.000	      0.000	      0.000	
 07/12-09:44	2313.600	2316.200	2312.600	2314.800	           3059	     29.000	   2315.993	   2314.623	   2321.653	           	           	      0.000	      0.000	      0.000	      0.000	      0.000	      0.000	      0.000	      0.000	      0.000	
 07/12-09:45	2315.200	2316.800	2314.600	2314.600	           2077	     30.000	   2315.780	   2314.630	   2321.605	           	           	      0.000	      0.000	      0.000	      0.000	      0.000	      0.000	      0.000	      0.000	      0.000	
 07/12-09:46	2314.600	2316.600	2314.400	2316.000	           2002	     31.000	   2315.700	   2314.683	   2321.582	           	           	      0.000	      0.000	      0.000	      0.000	      0.000	      0.000	      0.000	      0.000	      0.000	
 07/12-09:47	2316.400	2317.200	2313.000	2314.400	           2737	     32.000	   2315.613	   2314.746	   2321.545	           	           	      0.000	      0.000	      0.000	      0.000	      0.000	      0.000	      0.000	      0.000	      0.000	
 07/12-09:48	2314.400	2315.600	2311.400	2313.200	           2764	     33.000	   2315.441	   2314.767	   2321.502	           	           	      0.000	      0.000	      0.000	      0.000	      0.000	      0.000	      0.000	      0.000	      0.000	
 07/12-09:49	2313.000	2313.400	2311.400	2312.600	           1466	     34.000	   2315.206	   2314.800	   2321.413	           	           	      0.000	      0.000	      0.000	      0.000	      0.000	      0.000	      0.000	      0.000	      0.000	
 07/12-09:50	2312.600	2312.800	2311.600	2312.000	           1846	     35.000	   2315.020	   2314.827	   2321.298	           	           	      0.000	      0.000	      0.000	      0.000	      0.000	      0.000	      0.000	      0.000	      0.000	
 07/12-09:51	2312.000	2314.200	2311.000	2313.800	           2143	     36.000	   2314.900	   2314.840	   2321.165	           	           	      0.000	      0.000	      0.000	      0.000	      0.000	      0.000	      0.000	      0.000	      0.000	
 07/12-09:52	2314.400	2315.600	2310.600	2311.000	           3045	     37.000	   2314.667	   2314.817	   2321.017	           	           	      0.000	      0.000	      0.000	      0.000	      0.000	      0.000	      0.000	      0.000	      0.000	
 07/12-09:53	2310.800	2313.800	2310.800	2313.200	           2004	     38.000	   2314.560	   2314.820	   2320.868	           	           	      0.000	      0.000	      0.000	      0.000	      0.000	      0.000	      0.000	      0.000	      0.000	
 07/12-09:54	2313.000	2314.600	2311.800	2312.600	           1997	     39.000	   2314.393	   2314.780	   2320.688	           	           	      0.000	      0.000	      0.000	      0.000	      0.000	      0.000	      0.000	      0.000	      0.000	
 07/12-09:55	2312.200	2313.400	2311.000	2311.600	           1513	     40.000	   2314.273	   2314.706	   2320.452	           	           	      0.000	      0.000	      0.000	      0.000	      0.000	      0.000	      0.000	      0.000	      0.000	
 07/12-09:56	2311.800	2312.200	2309.400	2309.800	           2549	     41.000	   2314.086	   2314.590	   2320.133	           	           	      0.000	      0.000	      0.000	      0.000	      0.000	      0.000	      0.000	      0.000	      0.000	
 07/12-09:57	2310.200	2314.200	2310.000	2313.600	           2762	     42.000	   2314.033	   2314.550	   2319.772	           	           	      0.000	      0.000	      0.000	      0.000	      0.000	      0.000	      0.000	      0.000	      0.000	
 07/12-09:58	2313.600	2315.800	2313.200	2315.400	           3340	     43.000	   2314.006	   2314.513	   2319.495	           	           	      0.000	      0.000	      0.000	      0.000	      0.000	      0.000	      0.000	      0.000	      0.000	
 07/12-09:59	2315.200	2316.600	2314.200	2315.000	           2799	     44.000	   2314.006	   2314.513	   2319.230	           	           	      0.000	      0.000	      0.000	      0.000	      0.000	      0.000	      0.000	      0.000	      0.000	
 07/12-10:00	2314.400	2316.800	2314.400	2315.600	           2042	     45.000	   2314.093	   2314.553	   2318.960	           	           	      0.000	      0.000	      0.000	      0.000	      0.000	      0.000	      0.000	      0.000	      0.000	
 07/12-10:01	2315.600	2318.000	2315.000	2316.400	           2772	     46.000	   2314.100	   2314.614	   2318.738	           	           	      0.000	      0.000	      0.000	      0.000	      0.000	      0.000	      0.000	      0.000	      0.000	
 07/12-10:02	2316.600	2318.000	2314.600	2314.600	           2311	     47.000	   2314.000	   2314.650	   2318.497	           	           	      0.000	      0.000	      0.000	      0.000	      0.000	      0.000	      0.000	      0.000	      0.000	
 07/12-10:03	2314.800	2316.400	2314.800	2315.000	           1782	     48.000	   2313.893	   2314.693	   2318.257	           	           	      0.000	      0.000	      0.000	      0.000	      0.000	      0.000	      0.000	      0.000	      0.000	
 07/12-10:04	2315.000	2316.000	2313.600	2313.800	           2073	     49.000	   2313.753	   2314.723	   2317.999	           	           	      0.000	      0.000	      0.000	      0.000	      0.000	      0.000	      0.000	      0.000	      0.000	
 07/12-10:05	2313.800	2315.200	2313.000	2313.800	           1666	     50.000	   2313.626	   2314.790	   2317.761	           	           	      0.000	      0.000	      0.000	      0.000	      0.000	      0.000	      0.000	      0.000	      0.000	
 07/12-10:06	2314.000	2315.800	2313.800	2314.800	           1486	     51.000	   2313.480	   2314.917	   2317.512	           	           	      0.000	      0.000	      0.000	      0.000	      0.000	      0.000	      0.000	      0.000	      0.000	
 07/12-10:07	2314.400	2315.800	2314.200	2315.000	           1173	     52.000	   2313.460	   2315.020	   2317.232	           	           	      0.000	      0.000	      0.000	      0.000	      0.000	      0.000	      0.000	      0.000	      0.000	
 07/12-10:08	2314.800	2317.400	2314.800	2316.800	           2573	     53.000	   2313.554	   2315.100	   2316.978	           	           	      0.000	      0.000	      0.000	      0.000	      0.000	      0.000	      0.000	      0.000	      0.000	
 07/12-10:09	2316.800	2317.200	2315.800	2316.600	           1547	     54.000	   2313.733	   2315.183	   2316.747	           	           	      0.000	      0.000	      0.000	      0.000	      0.000	      0.000	      0.000	      0.000	      0.000	
 07/12-10:10	2317.200	2318.200	2316.800	2317.200	           2483	     55.000	   2314.013	   2315.243	   2316.642	           	           	      0.000	      0.000	      0.000	      0.000	      0.000	      0.000	      0.000	      0.000	      0.000	
 07/12-10:11	2317.200	2319.600	2316.000	2319.200	           3236	     56.000	   2314.347	   2315.350	   2316.489	           	           	      0.000	      0.000	      0.000	      0.000	      0.000	      0.000	      0.000	      0.000	      0.000	
 07/12-10:12	2319.000	2324.200	2318.400	2323.000	           6033	     57.000	   2314.647	   2315.473	   2316.370	           	           	      0.000	      0.000	      0.000	      0.000	      0.000	      0.000	      0.000	      0.000	      0.000	
 07/12-10:13	2322.400	2325.000	2321.000	2323.800	           5378	     58.000	   2314.974	   2315.557	   2316.289	           	           	      0.000	      0.000	      0.000	      0.000	      0.000	      0.000	      0.000	      0.000	      0.000	
 07/12-10:14	2323.200	2325.400	2322.400	2323.000	           3779	     59.000	   2315.248	   2315.620	   2316.177	           	           	      0.000	      0.000	      0.000	      0.000	      0.000	      0.000	      0.000	      0.000	      0.000	
 07/12-10:15	2323.200	2324.600	2321.000	2321.000	           3845	     60.000	   2315.460	   2315.620	   2316.034	           	           	      0.000	      0.000	      0.000	      0.000	      0.000	      0.000	      0.000	      0.000	      0.000	
 07/12-10:16	2321.400	2322.200	2320.200	2321.400	           3415	     61.000	   2315.640	   2315.670	   2315.925	           	           	      0.000	      0.000	      0.000	      0.000	      0.000	      0.000	      0.000	      0.000	      0.000	
 07/12-10:17	2321.200	2321.600	2316.800	2317.400	           5081	     62.000	   2315.740	   2315.676	   2315.813	           	           	      0.000	      0.000	      0.000	      0.000	      0.000	      0.000	      0.000	      0.000	      0.000	
 07/12-10:18	2317.600	2318.000	2315.200	2316.800	           4334	     63.000	   2315.859	   2315.650	   2315.760	           	           	      0.000	      0.000	      0.000	      0.000	      0.000	      0.000	      0.000	      0.000	      0.000	
 07/12-10:19	2316.800	2317.200	2315.000	2315.800	           2997	     64.000	   2315.967	   2315.586	   2315.662	           	           	      0.000	      0.000	      0.000	      0.000	      0.000	      0.000	      0.000	      0.000	      0.000	
 07/12-10:20	2315.800	2316.000	2314.400	2315.600	           1690	     65.000	   2316.087	   2315.554	   2315.638	           	           	      0.000	      0.000	      0.000	      0.000	      0.000	      0.000	      0.000	      0.000	      0.000	
 07/12-10:21	2315.400	2315.800	2313.600	2313.800	           2448	     66.000	   2316.085	   2315.493	   2315.665	           	           	      0.000	      0.000	      0.000	      0.000	      0.000	      0.000	      0.000	      0.000	      0.000	
 07/12-10:22	2314.000	2314.800	2313.000	2313.400	           2178	     67.000	   2316.167	   2315.417	   2315.652	           	           	      0.000	      0.000	      0.000	      0.000	      0.000	      0.000	      0.000	      0.000	      0.000	
 07/12-10:23	2313.600	2314.600	2313.600	2314.000	           1333	     68.000	   2316.194	   2315.377	   2315.618	           	           	      0.000	      0.000	      0.000	      0.000	      0.000	      0.000	      0.000	      0.000	      0.000	
 07/12-10:24	2314.200	2315.000	2312.000	2312.000	           2506	     69.000	   2316.174	   2315.283	   2315.558	           	           	      0.000	      0.000	      0.000	      0.000	      0.000	      0.000	      0.000	      0.000	      0.000	
 07/12-10:25	2312.400	2314.800	2312.200	2314.000	           2259	     70.000	   2316.254	   2315.263	   2315.500	           	           	      0.000	      0.000	      0.000	      0.000	      0.000	      0.000	      0.000	      0.000	      0.000	
 07/12-10:26	2314.000	2315.000	2313.600	2314.000	           1406	     71.000	   2316.394	   2315.240	   2315.457	           	           	      0.000	      0.000	      0.000	      0.000	      0.000	      0.000	      0.000	      0.000	      0.000	
 07/12-10:27	2314.000	2314.800	2313.000	2313.200	           1245	     72.000	   2316.380	   2315.207	   2315.378	           	           	      0.000	      0.000	      0.000	      0.000	      0.000	      0.000	      0.000	      0.000	      0.000	
 07/12-10:28	2313.000	2314.000	2312.600	2313.600	           1599	     73.000	   2316.321	   2315.164	   2315.279	           	           	      0.000	      0.000	      0.000	      0.000	      0.000	      0.000	      0.000	      0.000	      0.000	
 07/12-10:29	2313.000	2315.400	2313.000	2314.000	           1629	     74.000	   2316.288	   2315.147	   2315.210	           	           	      0.000	      0.000	      0.000	      0.000	      0.000	      0.000	      0.000	      0.000	      0.000	
 07/12-10:30	2313.800	2314.000	2310.800	2311.000	           2953	     75.000	   2316.134	   2315.114	   2315.140	           	           	      0.000	      0.000	      0.000	      0.000	      0.000	      0.000	      0.000	      0.000	      0.000	
 07/12-10:31	2311.000	2312.000	2310.200	2311.000	           2626	     76.000	   2315.954	   2315.027	   2315.085	           	           	      0.000	      0.000	      0.000	      0.000	      0.000	      0.000	      0.000	      0.000	      0.000	
 07/12-10:32	2311.000	2311.000	2307.600	2309.000	           5555	     77.000	   2315.768	   2314.884	   2315.007	           	           	      0.000	      0.000	      0.000	      0.000	      0.000	      0.000	      0.000	      0.000	      0.000	
 07/12-10:33	2309.000	2312.000	2309.000	2311.800	           3462	     78.000	   2315.659	   2314.776	   2314.938	   2308.770	           	      0.000	      0.000	      0.000	      0.000	      0.000	      0.000	      0.000	      0.000	      0.000	
 07/12-10:34	2312.200	2313.200	2312.000	2312.000	           2300	     79.000	   2315.599	   2314.676	   2314.873	   2309.006	           	      0.000	      0.000	      0.000	      0.000	      0.000	      0.000	      0.000	      0.000	      0.000	
 07/12-10:35	2312.000	2313.000	2311.600	2312.000	           1439	     80.000	   2315.540	   2314.583	   2314.865	   2309.240	           	      0.000	      0.000	      0.000	      0.000	      0.000	      0.000	      0.000	      0.000	      0.000	
 07/12-10:36	2312.400	2314.200	2312.000	2313.200	           2100	     81.000	   2315.488	   2314.484	   2314.837	   2309.487	           	      0.000	      0.000	      0.000	      0.000	      0.000	      0.000	      0.000	      0.000	      0.000	
 07/12-10:37	2313.600	2314.600	2313.000	2313.200	           1605	     82.000	   2315.427	   2314.444	   2314.835	   2309.730	           	      1.000	      0.000	      0.000	      0.000	      0.000	      0.000	      0.000	      0.000	      0.000	
 07/12-10:38	2313.400	2314.000	2312.000	2312.600	           1321	     83.000	   2315.285	   2314.420	   2314.800	   2309.969	           	      1.000	      0.000	      0.000	      0.000	      0.000	      0.000	      0.000	      0.000	      0.000	
 07/12-10:39	2312.600	2314.000	2312.400	2312.400	           1070	     84.000	   2315.147	   2314.440	   2314.785	   2310.200	           	      1.000	      0.000	      0.000	      0.000	      0.000	      0.000	      0.000	      0.000	      0.000	
 07/12-10:40	2312.600	2312.600	2309.800	2310.200	           2621	     85.000	   2314.914	   2314.464	   2314.737	   2310.418	           	      1.000	      0.000	      0.000	      0.000	      0.000	      0.000	      0.000	      0.000	      0.000	
 07/12-10:41	2310.200	2311.400	2308.800	2310.400	           2396	     86.000	   2314.619	   2314.483	   2314.670	   2310.628	           	      1.000	      0.000	      0.000	      0.000	      0.000	      0.000	      0.000	      0.000	      0.000	
 07/12-10:42	2310.200	2312.600	2310.000	2312.200	           1854	     87.000	   2314.260	   2314.454	   2314.600	   2310.802	           	      1.000	      0.000	      0.000	      0.000	      0.000	      0.000	      0.000	      0.000	      0.000	
 07/12-10:43	2312.200	2313.400	2309.400	2309.600	           2268	     88.000	   2313.785	   2314.380	   2314.518	   2311.001	           	      1.000	      0.000	      0.000	      0.000	      0.000	      0.000	      0.000	      0.000	      0.000	
 07/12-10:44	2309.600	2311.200	2306.000	2309.400	           4632	     89.000	   2313.333	   2314.291	   2314.457	   2311.219	           	      1.000	      0.000	      0.000	      0.000	      0.000	      0.000	      0.000	      0.000	      0.000	
 07/12-10:45	2309.600	2309.600	2305.400	2306.600	           3176	     90.000	   2312.852	   2314.156	   2314.393	   2311.432	           	      1.000	      0.000	      0.000	      0.000	      0.000	      0.000	      0.000	      0.000	      0.000	
 07/12-10:46	2306.800	2308.600	2305.400	2308.000	           3866	     91.000	   2312.406	   2314.023	   2314.353	   2311.645	           	      1.000	      0.000	      0.000	      0.000	      0.000	      0.000	      0.000	      0.000	      0.000	
 07/12-10:47	2308.000	2310.400	2308.000	2309.600	           2935	     92.000	   2312.148	   2313.944	   2314.345	   2311.851	           	      1.000	      0.000	      0.000	      0.000	      0.000	      0.000	      0.000	      0.000	      0.000	
 07/12-10:48	2309.400	2310.200	2309.000	2309.800	           1508	     93.000	   2311.915	   2313.887	   2314.327	   2312.053	           	      1.000	      0.000	      0.000	      0.000	      0.000	      0.000	      0.000	      0.000	      0.000	
 07/12-10:49	2309.600	2312.000	2308.200	2311.200	           2778	     94.000	   2311.760	   2313.864	   2314.332	   2312.266	           	      1.000	      0.000	      0.000	      0.000	      0.000	      0.000	      0.000	      0.000	      0.000	
 07/12-10:50	2311.400	2312.600	2310.400	2311.000	           2385	     95.000	   2311.606	   2313.847	   2314.337	   2312.461	           	      1.000	      0.000	      0.000	      0.000	      0.000	      0.000	      0.000	      0.000	      0.000	
 07/12-10:51	2311.000	2312.600	2310.600	2312.200	           1838	     96.000	   2311.554	   2313.820	   2314.330	   2312.661	           	      1.000	      0.000	      0.000	      0.000	      0.000	      0.000	      0.000	      0.000	      0.000	
 07/12-10:52	2312.200	2313.600	2311.800	2313.200	           2104	     97.000	   2311.546	   2313.856	   2314.336	   2312.862	           	      1.000	      0.000	      0.000	      0.000	      0.000	      0.000	      0.000	      0.000	      0.000	
 07/12-10:53	2313.400	2313.400	2311.400	2311.400	           1510	     98.000	   2311.460	   2313.827	   2314.323	   2313.064	           	      1.000	      0.000	      0.000	      0.000	      0.000	      0.000	      0.000	      0.000	      0.000	
 07/12-10:54	2311.800	2312.600	2310.600	2311.800	           1845	     99.000	   2311.452	   2313.813	   2314.296	   2313.257	           	      1.000	      0.000	      0.000	      0.000	      0.000	      0.000	      0.000	      0.000	      0.000	
 07/12-10:55	2311.200	2312.000	2310.600	2311.000	           1325	    100.000	   2311.352	   2313.803	   2314.255	   2313.434	           	      1.000	      0.000	      0.000	      0.000	      0.000	      0.000	      0.000	      0.000	      0.000	
 07/12-10:56	2311.200	2313.000	2311.000	2312.600	           1552	    101.000	   2311.306	   2313.850	   2314.220	   2313.610	           	      1.000	      0.000	      0.000	      0.000	      0.000	      0.000	      0.000	      0.000	      0.000	
 07/12-10:57	2312.400	2313.200	2311.800	2313.200	           1411	    102.000	   2311.306	   2313.843	   2314.197	   2313.786	           	      1.000	      0.000	      0.000	      0.000	      0.000	      0.000	      0.000	      0.000	      0.000	
 07/12-10:58	2313.200	2317.000	2313.200	2316.000	           5797	    103.000	   2311.385	   2313.853	   2314.183	   2313.994	           	      1.000	      0.000	      0.000	      0.000	      0.000	      0.000	      0.000	      0.000	      0.000	
 07/12-10:59	2315.800	2316.600	2315.400	2316.200	           2187	    104.000	   2311.458	   2313.873	   2314.193	   2314.186	           	      1.000	      0.000	      0.000	      0.000	      0.000	      0.000	      0.000	      0.000	      0.000	
 07/12-11:00	2316.000	2316.200	2315.000	2315.400	           1669	    105.000	   2311.606	   2313.870	   2314.212	   2314.383	           	      1.000	      0.000	      0.000	      0.000	      0.000	      0.000	      0.000	      0.000	      0.000	
 07/12-11:01	2315.600	2315.600	2312.600	2313.600	           2723	    106.000	   2311.692	   2313.823	   2314.218	   2314.570	           	      1.000	      0.000	      0.000	      0.000	      0.000	      0.000	      0.000	      0.000	      0.000	
 07/12-11:02	2313.800	2315.400	2313.800	2314.200	           1615	    107.000	   2311.867	   2313.817	   2314.234	   2314.746	           	      1.000	      0.000	      0.000	      0.000	      0.000	      0.000	      0.000	      0.000	      0.000	
 07/12-11:03	2314.000	2315.600	2313.600	2315.000	           1393	    108.000	   2311.975	   2313.817	   2314.255	   2314.911	           	      1.000	      0.000	      0.000	      0.000	      0.000	      0.000	      0.000	      0.000	      0.000	
 07/12-11:04	2315.000	2315.400	2313.000	2314.000	           1508	    109.000	   2312.042	   2313.820	   2314.272	   2315.074	           	      1.000	      0.000	      0.000	      0.000	      0.000	      0.000	      0.000	      0.000	      0.000	
 07/12-11:05	2313.800	2315.400	2313.600	2314.600	           1282	    110.000	   2312.127	   2313.833	   2314.312	   2315.218	           	      1.000	      0.000	      0.000	      0.000	      0.000	      0.000	      0.000	      0.000	      0.000	
 07/12-11:06	2314.400	2315.200	2312.400	2312.600	           1634	    111.000	   2312.106	   2313.797	   2314.357	   2315.361	           	      1.000	      0.000	      0.000	      0.000	      0.000	      0.000	      0.000	      0.000	      0.000	
 07/12-11:07	2312.200	2312.400	2310.600	2311.200	           2898	    112.000	   2312.040	   2313.733	   2314.376	   2315.494	           	      1.000	      0.000	      0.000	      0.000	      0.000	      0.000	      0.000	      0.000	      0.000	
 07/12-11:08	2311.400	2313.200	2311.000	2311.000	           1828	    113.000	   2311.988	   2313.636	   2314.368	   2315.608	           	      1.000	      0.000	      0.000	      0.000	      0.000	      0.000	      0.000	      0.000	      0.000	
 07/12-11:09	2311.200	2313.000	2311.200	2312.400	           1158	    114.000	   2311.985	   2313.566	   2314.375	   2315.738	           	      1.000	      0.000	      0.000	      0.000	      0.000	      0.000	      0.000	      0.000	      0.000	
 07/12-11:10	2312.400	2316.200	2312.400	2315.400	           3813	    115.000	   2312.160	   2313.537	   2314.390	   2315.863	           	      1.000	      0.000	      0.000	      0.000	      0.000	      0.000	      0.000	      0.000	      0.000	
 07/12-11:11	2315.600	2315.600	2314.000	2315.000	           1496	    116.000	   2312.315	   2313.467	   2314.408	   2315.977	           	      1.000	      0.000	      0.000	      0.000	      0.000	      0.000	      0.000	      0.000	      0.000	
 07/12-11:12	2314.800	2315.400	2312.600	2313.000	           1687	    117.000	   2312.340	   2313.300	   2314.387	   2316.077	           	      1.000	      0.000	      0.000	      0.000	      0.000	      0.000	      0.000	      0.000	      0.000	
 07/12-11:13	2313.000	2313.600	2311.400	2312.800	           2896	    118.000	   2312.448	   2313.117	   2314.337	   2316.183	           	      1.000	      0.000	      0.000	      0.000	      0.000	      0.000	      0.000	      0.000	      0.000	
 07/12-11:14	2312.800	2313.000	2311.200	2311.800	           1467	    119.000	   2312.525	   2312.929	   2314.275	   2316.284	           	      1.000	      0.000	      0.000	      0.000	      0.000	      0.000	      0.000	      0.000	      0.000	
 07/12-11:15	2312.000	2314.400	2311.600	2313.000	           2256	    120.000	   2312.740	   2312.796	   2314.208	   2316.387	           	      1.000	      0.000	      0.000	      0.000	      0.000	      0.000	      0.000	      0.000	      0.000	
 07/12-11:16	2313.400	2314.000	2310.600	2311.000	           2132	    121.000	   2312.840	   2312.623	   2314.146	   2316.473	           	      1.000	      0.000	      0.000	      0.000	      0.000	      0.000	      0.000	      0.000	      0.000	
 07/12-11:17	2311.000	2311.400	2309.200	2309.800	           3001	    122.000	   2312.846	   2312.497	   2314.086	   2316.563	           	      1.000	      0.000	      0.000	      0.000	      0.000	      0.000	      0.000	      0.000	      0.000	
 07/12-11:18	2309.800	2311.200	2309.200	2310.400	           2158	    123.000	   2312.867	   2312.391	   2314.020	   2316.643	           	      1.000	      0.000	      0.000	      0.000	      0.000	      0.000	      0.000	      0.000	      0.000	
 07/12-11:19	2310.800	2312.400	2310.000	2310.400	           2011	    124.000	   2312.840	   2312.300	   2313.943	   2316.711	           	      1.000	      0.000	      0.000	      0.000	      0.000	      0.000	      0.000	      0.000	      0.000	
 07/12-11:20	2310.400	2311.600	2309.200	2310.200	           1498	    125.000	   2312.813	   2312.209	   2313.882	   2316.761	           	      1.000	      0.000	      0.000	      0.000	      0.000	      0.000	      0.000	      0.000	      0.000	
 07/12-11:21	2310.400	2312.200	2309.800	2312.200	           1423	    126.000	   2312.813	   2312.183	   2313.838	   2316.818	           	      1.000	      0.000	      0.000	      0.000	      0.000	      0.000	      0.000	      0.000	      0.000	
 07/12-11:22	2312.600	2313.400	2311.600	2313.200	           2531	    127.000	   2312.815	   2312.180	   2313.798	   2316.873	           	      1.000	      0.000	      0.000	      0.000	      0.000	      0.000	      0.000	      0.000	      0.000	
 07/12-11:23	2313.000	2317.800	2312.800	2316.600	           5051	    128.000	   2312.985	   2312.223	   2313.800	   2316.922	           	      1.000	      0.000	      0.000	      0.000	      0.000	      0.000	      0.000	      0.000	      0.000	
 07/12-11:24	2316.400	2316.600	2314.400	2314.400	           2834	    129.000	   2313.075	   2312.263	   2313.773	   2316.958	           	      1.000	      0.000	      0.000	      0.000	      0.000	      0.000	      0.000	      0.000	      0.000	
 07/12-11:25	2314.600	2315.000	2313.200	2313.200	           2137	    130.000	   2313.148	   2312.250	   2313.757	   2316.992	           	      1.000	      0.000	      0.000	      0.000	      0.000	      0.000	      0.000	      0.000	      0.000	
 07/12-11:26	2313.000	2313.000	2311.200	2312.200	           2771	    131.000	   2313.133	   2312.220	   2313.730	   2317.038	           	      1.000	      0.000	      0.000	      0.000	      0.000	      0.000	      0.000	      0.000	      0.000	
 07/12-11:27	2312.000	2312.400	2311.200	2312.000	           1824	    132.000	   2313.094	   2312.200	   2313.703	   2317.069	           	      0.000	      0.000	      1.000	      0.000	      0.000	      0.000	      0.000	      0.000	      0.000	
 07/12-11:28	2312.000	2312.400	2310.000	2311.400	           1898	    133.000	   2312.940	   2312.163	   2313.663	   2317.107	           	      0.000	      0.000	      1.000	      0.000	      0.000	      0.000	      0.000	      0.000	      0.000	
 07/12-11:29	2311.000	2312.000	2310.800	2311.000	           1287	    134.000	   2312.767	   2312.113	   2313.630	   2317.150	           	      1.000	      0.000	      0.000	      0.000	      0.000	      0.000	      0.000	      0.000	      0.000	
 07/12-11:30	2311.000	2311.200	2309.600	2310.000	           2688	    135.000	   2312.585	   2312.096	   2313.605	   2317.174	           	      0.000	      0.000	      1.000	      0.000	      0.000	      0.000	      0.000	      0.000	      0.000	
 07/12-13:01	2310.400	2310.400	2309.000	2309.200	           1894	    136.000	   2312.442	   2312.067	   2313.547	   2317.200	           	      0.000	      0.000	      1.000	      0.000	      0.000	      0.000	      0.000	      0.000	      0.000	
 07/12-13:02	2309.200	2311.000	2309.000	2310.800	           1368	    137.000	   2312.325	   2312.096	   2313.490	   2317.227	           	      0.000	      0.000	      1.000	      0.000	      0.000	      0.000	      0.000	      0.000	      0.000	
 07/12-13:03	2310.600	2312.000	2309.200	2309.200	           1592	    138.000	   2312.133	   2312.054	   2313.415	   2317.245	           	      0.000	      0.000	      1.000	      0.000	      0.000	      0.000	      0.000	      0.000	      0.000	
 07/12-13:04	2309.400	2311.200	2309.400	2310.800	            904	    139.000	   2312.025	   2312.033	   2313.355	   2317.270	           	      0.000	      0.000	      1.000	      0.000	      0.000	      0.000	      0.000	      0.000	      0.000	
 07/12-13:05	2311.000	2312.000	2310.000	2310.200	           1308	    140.000	   2311.881	   2312.004	   2313.293	   2317.306	           	      0.000	      0.000	      1.000	      0.000	      0.000	      0.000	      0.000	      0.000	      0.000	
 07/12-13:06	2310.400	2311.000	2309.000	2309.600	           1418	    141.000	   2311.779	   2311.943	   2313.213	   2317.327	           	      0.000	      0.000	      1.000	      0.000	      0.000	      0.000	      0.000	      0.000	      0.000	
 07/12-13:07	2309.400	2310.000	2308.800	2309.800	           1285	    142.000	   2311.733	   2311.886	   2313.165	   2317.344	           	      0.000	      0.000	      1.000	      0.000	      0.000	      0.000	      0.000	      0.000	      0.000	
 07/12-13:08	2310.200	2310.200	2308.000	2309.400	           1643	    143.000	   2311.679	   2311.833	   2313.126	   2317.353	           	      0.000	      0.000	      1.000	      0.000	      0.000	      0.000	      0.000	      0.000	      0.000	
 07/12-13:09	2309.400	2310.600	2309.200	2309.800	           1154	    144.000	   2311.594	   2311.790	   2313.115	   2317.373	           	      0.000	      0.000	      1.000	      0.000	      0.000	      0.000	      0.000	      0.000	      0.000	
 07/12-13:10	2310.000	2312.400	2309.600	2312.400	           2280	    145.000	   2311.494	   2311.827	   2313.145	   2317.393	           	      0.000	      0.000	      1.000	      0.000	      0.000	      0.000	      0.000	      0.000	      0.000	
 07/12-13:11	2312.400	2312.600	2311.200	2311.600	           1293	    146.000	   2311.379	   2311.847	   2313.165	   2317.391	           	      0.000	      0.000	      1.000	      0.000	      0.000	      0.000	      0.000	      0.000	      0.000	
 07/12-13:12	2311.600	2311.800	2310.600	2311.200	            839	    147.000	   2311.319	   2311.829	   2313.141	   2317.379	           	      0.000	      0.000	      1.000	      0.000	      0.000	      0.000	      0.000	      0.000	      0.000	
 07/12-13:13	2311.200	2312.000	2310.800	2312.000	            844	    148.000	   2311.292	   2311.870	   2313.125	   2317.369	           	      0.000	      0.000	      1.000	      0.000	      0.000	      0.000	      0.000	      0.000	      0.000	
 07/12-13:14	2312.200	2312.200	2309.400	2310.200	           1589	    149.000	   2311.242	   2311.883	   2313.087	   2317.319	           	      0.000	      0.000	      1.000	      0.000	      0.000	      0.000	      0.000	      0.000	      0.000	
 07/12-13:15	2310.200	2312.000	2310.200	2311.400	            881	    150.000	   2311.188	   2311.964	   2313.060	   2317.298	           	      0.000	      0.000	      1.000	      0.000	      0.000	      0.000	      0.000	      0.000	      0.000	
 07/12-13:16	2311.600	2313.000	2311.600	2312.400	           1735	    151.000	   2311.233	   2312.036	   2313.030	   2317.292	           	      0.000	      0.000	      1.000	      0.000	      0.000	      0.000	      0.000	      0.000	      0.000	
 07/12-13:17	2312.600	2312.800	2311.800	2312.200	            904	    152.000	   2311.315	   2312.080	   2313.012	   2317.278	           	      0.000	      0.000	      1.000	      0.000	      0.000	      0.000	      0.000	      0.000	      0.000	
 07/12-13:18	2312.200	2313.400	2312.200	2313.000	           1544	    153.000	   2311.400	   2312.133	   2313.010	   2317.262	           	      0.000	      0.000	      1.000	      0.000	      0.000	      0.000	      0.000	      0.000	      0.000	
 07/12-13:19	2312.800	2313.600	2312.600	2313.600	           1066	    154.000	   2311.506	   2312.173	   2313.018	   2317.258	           	      0.000	      0.000	      1.000	      0.000	      0.000	      0.000	      0.000	      0.000	      0.000	
 07/12-13:20	2313.600	2314.000	2312.800	2313.000	           1748	    155.000	   2311.600	   2312.206	   2313.027	   2317.246	           	      0.000	      0.000	      1.000	      0.000	      0.000	      0.000	      0.000	      0.000	      0.000	
 07/12-13:21	2312.800	2313.800	2312.200	2312.600	           1359	    156.000	   2311.615	   2312.214	   2313.017	   2317.236	           	      0.000	      0.000	      1.000	      0.000	      0.000	      0.000	      0.000	      0.000	      0.000	
 07/12-13:22	2312.600	2314.200	2312.600	2313.600	           1290	    157.000	   2311.625	   2312.220	   2313.038	   2317.226	           	      0.000	      0.000	      1.000	      0.000	      0.000	      0.000	      0.000	      0.000	      0.000	
 07/12-13:23	2313.600	2315.000	2313.400	2315.000	           2670	    158.000	   2311.573	   2312.279	   2313.053	   2317.221	           	      0.000	      0.000	      1.000	      0.000	      0.000	      0.000	      0.000	      0.000	      0.000	
 07/12-13:24	2315.000	2315.000	2314.000	2314.800	           1518	    159.000	   2311.585	   2312.330	   2313.072	   2317.202	           	      0.000	      0.000	      1.000	      0.000	      0.000	      0.000	      0.000	      0.000	      0.000	
 07/12-13:25	2315.000	2315.000	2312.800	2313.200	           1909	    160.000	   2311.585	   2312.367	   2313.085	   2317.173	           	      0.000	      0.000	      1.000	      0.000	      0.000	      0.000	      0.000	      0.000	      0.000	
 07/12-13:26	2313.000	2314.600	2313.000	2314.000	           1450	    161.000	   2311.646	   2312.390	   2313.120	   2317.154	           	      0.000	      0.000	      1.000	      0.000	      0.000	      0.000	      0.000	      0.000	      0.000	
 07/12-13:27	2314.000	2314.600	2313.400	2314.400	            869	    162.000	   2311.727	   2312.410	   2313.127	   2317.136	           	      0.000	      0.000	      1.000	      0.000	      0.000	      0.000	      0.000	      0.000	      0.000	
 07/12-13:28	2314.400	2314.400	2313.600	2313.600	            811	    163.000	   2311.800	   2312.370	   2313.112	   2317.117	           	      0.000	      0.000	      1.000	      0.000	      0.000	      0.000	      0.000	      0.000	      0.000	
 07/12-13:29	2313.600	2313.800	2312.400	2312.800	           2018	    164.000	   2311.860	   2312.313	   2313.093	   2317.075	           	      0.000	      0.000	      1.000	      0.000	      0.000	      0.000	      0.000	      0.000	      0.000	
 07/12-13:30	2312.800	2315.800	2312.600	2315.400	           2744	    165.000	   2312.042	   2312.313	   2313.092	   2317.034	           	      0.000	      0.000	      1.000	      0.000	      0.000	      0.000	      0.000	      0.000	      0.000	
 07/12-13:31	2315.400	2316.000	2314.400	2314.600	           2143	    166.000	   2312.219	   2312.330	   2313.077	   2316.973	           	      0.000	      1.000	      0.000	      0.000	      0.000	      0.000	      0.000	      0.000	      0.000	
 07/12-13:32	2314.600	2314.600	2313.400	2314.000	           1177	    167.000	   2312.327	   2312.326	   2313.072	   2316.914	           	      0.000	      1.000	      0.000	      0.000	      0.000	      0.000	      0.000	      0.000	      0.000	
 07/12-13:33	2314.000	2314.000	2312.800	2313.800	           1323	    168.000	   2312.479	   2312.306	   2313.062	   2316.845	           	      0.000	      1.000	      0.000	      0.000	      0.000	      0.000	      0.000	      0.000	      0.000	
 07/12-13:34	2313.800	2314.600	2312.800	2313.600	           1073	    169.000	   2312.575	   2312.300	   2313.060	   2316.762	           	      0.000	      1.000	      0.000	      0.000	      0.000	      0.000	      0.000	      0.000	      0.000	
 07/12-13:35	2313.600	2314.400	2313.200	2313.200	           1037	    170.000	   2312.673	   2312.277	   2313.055	   2316.655	           	      0.000	      1.000	      0.000	      0.000	      0.000	      0.000	      0.000	      0.000	      0.000	
 07/12-13:36	2313.600	2314.200	2312.800	2313.000	            999	    171.000	   2312.788	   2312.283	   2313.040	   2316.515	           	      0.000	      1.000	      0.000	      0.000	      0.000	      0.000	      0.000	      0.000	      0.000	
 07/12-13:37	2313.000	2313.800	2312.600	2312.800	           1039	    172.000	   2312.887	   2312.310	   2313.022	   2316.338	           	      0.000	      1.000	      0.000	      0.000	      0.000	      0.000	      0.000	      0.000	      0.000	
 07/12-13:38	2313.200	2313.400	2310.600	2311.000	           3057	    173.000	   2312.942	   2312.310	   2312.973	   2316.188	           	      0.000	      1.000	      0.000	      0.000	      0.000	      0.000	      0.000	      0.000	      0.000	
 07/12-13:39	2311.000	2311.400	2310.200	2311.200	           1756	    174.000	   2312.988	   2312.291	   2312.928	   2316.046	           	      0.000	      1.000	      0.000	      0.000	      0.000	      0.000	      0.000	      0.000	      0.000	
 07/12-13:40	2311.200	2311.200	2309.400	2309.800	           2582	    175.000	   2312.900	   2312.197	   2312.867	   2315.893	           	      0.000	      1.000	      0.000	      0.000	      0.000	      0.000	      0.000	      0.000	      0.000	
 07/12-13:41	2309.600	2310.600	2309.000	2309.600	           2889	    176.000	   2312.833	   2312.106	   2312.786	   2315.759	           	      0.000	      1.000	      0.000	      0.000	      0.000	      0.000	      0.000	      0.000	      0.000	
 07/12-13:42	2309.600	2310.000	2307.600	2308.000	           3637	    177.000	   2312.727	   2312.023	   2312.661	   2315.617	           	      0.000	      1.000	      0.000	      0.000	      0.000	      0.000	      0.000	      0.000	      0.000	
 07/12-13:43	2308.000	2308.800	2307.000	2308.400	           2169	    178.000	   2312.608	   2311.950	   2312.533	   2315.475	           	      0.000	      1.000	      0.000	      0.000	      0.000	      0.000	      0.000	      0.000	      0.000	
 07/12-13:44	2308.400	2309.400	2307.000	2309.000	           2701	    179.000	   2312.567	   2311.904	   2312.417	   2315.332	           	      0.000	      1.000	      0.000	      0.000	      0.000	      0.000	      0.000	      0.000	      0.000	
 07/12-13:45	2309.200	2309.600	2306.600	2306.600	           2983	    180.000	   2312.406	   2311.797	   2312.296	   2315.189	           	      0.000	      1.000	      0.000	      0.000	      0.000	      0.000	      0.000	      0.000	      0.000	
 07/12-13:46	2306.400	2307.600	2306.000	2306.600	           2803	    181.000	   2312.215	   2311.724	   2312.173	   2315.037	           	      0.000	      1.000	      0.000	      0.000	      0.000	      0.000	      0.000	      0.000	      0.000	
 07/12-13:47	2306.600	2308.200	2305.400	2308.200	           3358	    182.000	   2312.079	   2311.697	   2312.097	   2314.875	           	      0.000	      1.000	      0.000	      0.000	      0.000	      0.000	      0.000	      0.000	      0.000	
 07/12-13:48	2308.200	2309.400	2308.200	2308.800	           2663	    183.000	   2311.940	   2311.670	   2312.030	   2314.722	           	      0.000	      1.000	      0.000	      0.000	      0.000	      0.000	      0.000	      0.000	      0.000	
 07/12-13:49	2308.600	2309.600	2308.000	2308.200	           1634	    184.000	   2311.760	   2311.633	   2311.967	   2314.577	           	      0.000	      1.000	      0.000	      0.000	      0.000	      0.000	      0.000	      0.000	      0.000	
 07/12-13:50	2308.200	2309.000	2306.800	2307.800	           1863	    185.000	   2311.587	   2311.594	   2311.902	   2314.489	           	      0.000	      1.000	      0.000	      0.000	      0.000	      0.000	      0.000	      0.000	      0.000	
 07/12-13:51	2307.600	2308.000	2298.600	2300.000	           9185	    186.000	   2311.167	   2311.391	   2311.787	   2314.338	           	      0.000	      1.000	      0.000	      0.000	      0.000	      0.000	      0.000	      0.000	      1.000	
 07/12-13:52	2299.800	2303.400	2299.800	2301.800	           5098	    187.000	   2310.775	   2311.200	   2311.690	   2314.197	           	      0.000	      1.000	      0.000	      0.000	      0.000	      0.000	      0.000	      0.000	      0.000	
 07/12-13:53	2301.600	2301.800	2291.600	2294.600	          10111	    188.000	   2310.094	   2310.833	   2311.528	   2314.041	           	      0.000	      1.000	      0.000	      0.000	      0.000	      0.000	      0.000	      0.000	      0.000	
 07/12-13:54	2294.400	2295.000	2284.000	2287.600	          11537	    189.000	   2309.188	   2310.386	   2311.325	   2313.846	           	      0.000	      1.000	      0.000	      0.000	      0.000	      0.000	      0.000	      0.000	      0.000	
 07/12-13:55	2287.600	2287.600	2279.400	2283.800	          10603	    190.000	   2308.208	   2309.897	   2311.073	   2313.628	           	      0.000	      1.000	      0.000	      0.000	      0.000	      0.000	      0.000	      0.000	      1.000	
 07/12-13:56	2283.800	2288.000	2283.800	2286.800	           6643	    191.000	   2307.300	   2309.473	   2310.846	   2313.438	           	      0.000	      1.000	      0.000	      0.000	      0.000	      0.000	      0.000	      0.000	      0.000	
 07/12-13:57	2286.800	2289.000	2286.000	2287.400	           4654	    192.000	   2306.400	   2309.063	   2310.632	   2313.264	           	      0.000	      1.000	      0.000	      0.000	      0.000	      0.000	      0.000	      0.000	      0.000	
 07/12-13:58	2287.400	2291.200	2286.400	2289.600	           4511	    193.000	   2305.600	   2308.700	   2310.431	   2313.129	           	      0.000	      1.000	      0.000	      0.000	      0.000	      0.000	      0.000	      0.000	      0.000	
 07/12-13:59	2289.400	2292.400	2288.400	2290.200	           4146	    194.000	   2304.848	   2308.354	   2310.233	   2312.980	           	      0.000	      1.000	      0.000	      0.000	      0.000	      0.000	      0.000	      0.000	      0.000	
 07/12-14:00	2290.000	2291.200	2287.200	2287.600	           3949	    195.000	   2303.919	   2307.980	   2310.038	   2312.857	           	      0.000	      1.000	      0.000	      0.000	      0.000	      0.000	      0.000	      0.000	      0.000	
 07/12-14:01	2287.400	2287.800	2285.200	2285.800	           3743	    196.000	   2302.960	   2307.590	   2309.828	   2312.758	           	      0.000	      1.000	      0.000	      0.000	      0.000	      0.000	      0.000	      0.000	      0.000	
 07/12-14:02	2285.800	2288.800	2285.600	2287.200	           3094	    197.000	   2302.067	   2307.197	   2309.646	   2312.646	           	      0.000	      1.000	      0.000	      0.000	      0.000	      0.000	      0.000	      0.000	      0.000	
 07/12-14:03	2287.200	2287.200	2276.600	2278.400	           9503	    198.000	   2300.887	   2306.683	   2309.369	   2312.488	           	      0.000	      1.000	      0.000	      0.000	      0.000	      0.000	      0.000	      0.000	      1.000	
 07/12-14:04	2278.400	2283.000	2278.400	2279.800	           5296	    199.000	   2299.758	   2306.167	   2309.100	   2312.330	           	      0.000	      1.000	      0.000	      0.000	      0.000	      0.000	      0.000	      0.000	      0.000	
 07/12-14:05	2280.000	2280.000	2267.000	2269.800	          13598	    200.000	   2298.313	   2305.493	   2308.749	   2312.125	           	      0.000	      1.000	      0.000	      0.000	      0.000	      0.000	      0.000	      0.000	      0.000	
 07/12-14:06	2270.200	2273.200	2260.000	2264.000	          12606	    201.000	   2296.679	   2304.733	   2308.338	   2311.905	           	      0.000	      1.000	      0.000	      0.000	      0.000	      0.000	      0.000	      0.000	      1.000	
 07/12-14:07	2264.400	2270.000	2264.000	2269.800	           6462	    202.000	   2295.246	   2304.067	   2307.977	   2311.694	           	      0.000	      1.000	      0.000	      0.000	      0.000	      0.000	      0.000	      0.000	      0.000	
 07/12-14:08	2270.000	2271.600	2268.200	2269.800	           4333	    203.000	   2293.873	   2303.407	   2307.620	   2311.470	           	      0.000	      1.000	      0.000	      0.000	      0.000	      0.000	      0.000	      0.000	      0.000	
 07/12-14:09	2270.000	2271.000	2267.200	2270.400	           4097	    204.000	   2292.512	   2302.750	   2307.270	   2311.263	           	      0.000	      1.000	      0.000	      0.000	      0.000	      0.000	      0.000	      0.000	      0.000	
 07/12-14:10	2271.000	2273.000	2270.000	2270.000	           4880	    205.000	   2291.185	   2302.043	   2306.935	   2311.065	           	      0.000	      1.000	      0.000	      0.000	      0.000	      0.000	      0.000	      0.000	      0.000	
 07/12-14:11	2269.400	2272.000	2266.800	2271.600	           3999	    206.000	   2289.921	   2301.377	   2306.612	   2310.882	           	      0.000	      1.000	      0.000	      0.000	      0.000	      0.000	      0.000	      0.000	      0.000	
 07/12-14:12	2271.400	2272.200	2265.000	2265.400	           5302	    207.000	   2288.500	   2300.614	   2306.221	   2310.669	           	      0.000	      1.000	      0.000	      0.000	      0.000	      0.000	      0.000	      0.000	      0.000	
 07/12-14:13	2265.200	2270.000	2263.000	2267.800	           4656	    208.000	   2287.146	   2299.877	   2305.874	   2310.461	           	      0.000	      1.000	      0.000	      0.000	      0.000	      0.000	      0.000	      0.000	      0.000	
 07/12-14:14	2267.400	2275.000	2267.000	2272.800	           6675	    209.000	   2285.940	   2299.253	   2305.568	   2310.273	           	      0.000	      1.000	      0.000	      0.000	      0.000	      0.000	      0.000	      0.000	      0.000	
 07/12-14:15	2272.200	2273.000	2270.400	2272.200	           3104	    210.000	   2284.794	   2298.600	   2305.282	   2310.110	           	      0.000	      1.000	      0.000	      0.000	      0.000	      0.000	      0.000	      0.000	      0.000	
 07/12-14:16	2272.200	2273.800	2270.000	2273.000	           3752	    211.000	   2283.673	   2297.944	   2304.990	   2309.935	           	      0.000	      1.000	      0.000	      0.000	      0.000	      0.000	      0.000	      0.000	      0.000	
 07/12-14:17	2272.800	2277.600	2271.400	2276.400	           5740	    212.000	   2282.613	   2297.346	   2304.713	   2309.787	           	      0.000	      1.000	      0.000	      0.000	      0.000	      0.000	      0.000	      0.000	      0.000	
 07/12-14:18	2276.200	2285.600	2276.000	2284.400	          11367	    213.000	   2281.800	   2296.870	   2304.501	   2309.658	           	      0.000	      1.000	      0.000	      0.000	      0.000	      0.000	      0.000	      0.000	      0.000	
 07/12-14:19	2284.000	2284.400	2280.200	2281.400	           4796	    214.000	   2280.906	   2296.333	   2304.253	   2309.526	           	      0.000	      1.000	      0.000	      0.000	      0.000	      0.000	      0.000	      0.000	      0.000	
 07/12-14:20	2281.200	2284.400	2281.000	2282.800	           3846	    215.000	   2280.073	   2295.830	   2304.018	   2309.394	           	      0.000	      1.000	      0.000	      0.000	      0.000	      0.000	      0.000	      0.000	      0.000	
 07/12-14:21	2282.600	2282.600	2279.200	2279.200	           4365	    216.000	   2279.379	   2295.273	   2303.743	   2309.237	           	      0.000	      1.000	      0.000	      0.000	      0.000	      0.000	      0.000	      0.000	      0.000	
 07/12-14:22	2279.000	2281.200	2278.200	2279.200	           2954	    217.000	   2278.625	   2294.700	   2303.460	   2309.071	           	      0.000	      1.000	      0.000	      0.000	      0.000	      0.000	      0.000	      0.000	      0.000	
 07/12-14:23	2279.200	2280.000	2277.800	2278.400	           1882	    218.000	   2278.087	   2294.091	   2303.185	   2308.907	           	      0.000	      1.000	      0.000	      0.000	      0.000	      0.000	      0.000	      0.000	      0.000	
 07/12-14:24	2278.600	2279.000	2273.800	2276.000	           4469	    219.000	   2277.700	   2293.444	   2302.887	   2308.744	           	      0.000	      1.000	      0.000	      0.000	      0.000	      0.000	      0.000	      0.000	      0.000	
 07/12-14:25	2276.200	2277.600	2274.600	2276.600	           2724	    220.000	   2277.458	   2292.833	   2302.600	   2308.594	           	      0.000	      1.000	      0.000	      0.000	      0.000	      0.000	      0.000	      0.000	      0.000	
 07/12-14:26	2277.400	2277.400	2272.800	2274.200	           3433	    221.000	   2277.042	   2292.171	   2302.280	   2308.439	           	      0.000	      1.000	      0.000	      0.000	      0.000	      0.000	      0.000	      0.000	      0.000	
 07/12-14:27	2274.200	2276.400	2271.400	2272.800	           3645	    222.000	   2276.552	   2291.476	   2301.943	   2308.288	           	      0.000	      1.000	      0.000	      0.000	      0.000	      0.000	      0.000	      0.000	      0.000	
 07/12-14:28	2273.400	2275.000	2271.400	2274.400	           2754	    223.000	   2276.048	   2290.824	   2301.597	   2308.138	           	      0.000	      1.000	      0.000	      0.000	      0.000	      0.000	      0.000	      0.000	      0.000	
 07/12-14:29	2274.200	2276.600	2274.200	2276.000	           2687	    224.000	   2275.573	   2290.210	   2301.262	   2307.999	           	      0.000	      1.000	      0.000	      0.000	      0.000	      0.000	      0.000	      0.000	      0.000	
 07/12-14:30	2276.000	2278.200	2274.000	2278.000	           3899	    225.000	   2275.254	   2289.586	   2300.950	   2307.870	           	      0.000	      1.000	      0.000	      0.000	      0.000	      0.000	      0.000	      0.000	      0.000	
 07/12-14:31	2278.200	2280.600	2276.200	2278.400	           4491	    226.000	   2275.006	   2288.983	   2300.657	   2307.731	           	      0.000	      1.000	      0.000	      0.000	      0.000	      0.000	      0.000	      0.000	      0.000	
 07/12-14:32	2278.400	2280.800	2277.200	2277.800	           2905	    227.000	   2274.694	   2288.380	   2300.353	   2307.593	           	      0.000	      1.000	      0.000	      0.000	      0.000	      0.000	      0.000	      0.000	      0.000	
 07/12-14:33	2277.800	2279.000	2277.000	2277.800	           1711	    228.000	   2274.673	   2287.780	   2300.043	   2307.452	           	      0.000	      1.000	      0.000	      0.000	      0.000	      0.000	      0.000	      0.000	      0.000	
 07/12-14:34	2277.800	2279.800	2276.400	2279.200	           2660	    229.000	   2274.654	   2287.206	   2299.753	   2307.309	           	      0.000	      1.000	      0.000	      0.000	      0.000	      0.000	      0.000	      0.000	      0.000	
 07/12-14:35	2279.400	2280.600	2275.200	2275.600	           2676	    230.000	   2274.848	   2286.580	   2299.429	   2307.147	           	      0.000	      1.000	      0.000	      0.000	      0.000	      0.000	      0.000	      0.000	      0.000	
 07/12-14:36	2275.000	2275.200	2267.000	2269.800	           8794	    231.000	   2275.040	   2285.859	   2299.071	   2306.959	           	      0.000	      1.000	      0.000	      0.000	      0.000	      0.000	      0.000	      0.000	      0.000	
 07/12-14:37	2270.200	2270.200	2262.200	2265.200	           7333	    232.000	   2274.887	   2285.067	   2298.688	   2306.756	           	      0.000	      1.000	      0.000	      0.000	      0.000	      0.000	      0.000	      0.000	      0.000	
 07/12-14:38	2264.800	2267.200	2262.000	2265.200	           5036	    233.000	   2274.733	   2284.303	   2298.307	   2306.546	           	      0.000	      1.000	      0.000	      0.000	      0.000	      0.000	      0.000	      0.000	      0.000	
 07/12-14:39	2265.200	2266.400	2259.000	2265.600	           6332	    234.000	   2274.573	   2283.543	   2297.917	   2306.349	           	      0.000	      1.000	      0.000	      0.000	      0.000	      0.000	      0.000	      0.000	      1.000	
 07/12-14:40	2265.800	2267.000	2261.400	2264.000	           4050	    235.000	   2274.373	   2282.779	   2297.488	   2306.152	           	      0.000	      1.000	      0.000	      0.000	      0.000	      0.000	      0.000	      0.000	      0.000	
 07/12-14:41	2263.600	2267.400	2262.600	2266.400	           3278	    236.000	   2274.200	   2282.060	   2297.083	   2305.967	           	      0.000	      1.000	      0.000	      0.000	      0.000	      0.000	      0.000	      0.000	      0.000	
 07/12-14:42	2266.400	2268.400	2264.600	2264.600	           3309	    237.000	   2274.173	   2281.336	   2296.680	   2305.775	           	      0.000	      1.000	      0.000	      0.000	      0.000	      0.000	      0.000	      0.000	      0.000	
 07/12-14:43	2264.600	2267.000	2264.400	2264.600	           1631	    238.000	   2274.067	   2280.606	   2296.278	   2305.584	           	      0.000	      1.000	      0.000	      0.000	      0.000	      0.000	      0.000	      0.000	      0.000	
 07/12-14:44	2264.800	2268.600	2264.800	2268.200	           3269	    239.000	   2273.913	   2279.926	   2295.915	   2305.409	           	      0.000	      1.000	      0.000	      0.000	      0.000	      0.000	      0.000	      0.000	      0.000	
 07/12-14:45	2268.400	2271.600	2268.000	2269.200	           4038	    240.000	   2273.813	   2279.303	   2295.550	   2305.246	           	      0.000	      1.000	      0.000	      0.000	      0.000	      0.000	      0.000	      0.000	      0.000	
 07/12-14:46	2269.200	2269.400	2267.000	2268.400	           2446	    241.000	   2273.660	   2278.667	   2295.195	   2305.091	           	      0.000	      1.000	      0.000	      0.000	      0.000	      0.000	      0.000	      0.000	      0.000	
 07/12-14:47	2268.200	2272.400	2267.600	2270.800	           2753	    242.000	   2273.475	   2278.044	   2294.870	   2304.939	           	      0.000	      1.000	      0.000	      0.000	      0.000	      0.000	      0.000	      0.000	      0.000	
 07/12-14:48	2270.800	2272.200	2269.800	2270.400	           2423	    243.000	   2273.006	   2277.403	   2294.536	   2304.773	           	      0.000	      1.000	      0.000	      0.000	      0.000	      0.000	      0.000	      0.000	      0.000	
 07/12-14:49	2270.800	2271.000	2266.200	2266.400	           3420	    244.000	   2272.506	   2276.706	   2294.170	   2304.592	           	      0.000	      1.000	      0.000	      0.000	      0.000	      0.000	      0.000	      0.000	      0.000	
 07/12-14:50	2266.600	2267.400	2265.400	2267.000	           2546	    245.000	   2271.979	   2276.026	   2293.810	   2304.406	           	      0.000	      1.000	      0.000	      0.000	      0.000	      0.000	      0.000	      0.000	      0.000	
 07/12-14:51	2267.600	2267.800	2265.800	2266.400	           1609	    246.000	   2271.554	   2275.467	   2293.429	   2304.220	           	      0.000	      1.000	      0.000	      0.000	      0.000	      0.000	      0.000	      0.000	      0.000	
 07/12-14:52	2266.400	2268.600	2265.800	2268.000	           1962	    247.000	   2271.181	   2274.903	   2293.052	   2304.030	           	      0.000	      1.000	      0.000	      0.000	      0.000	      0.000	      0.000	      0.000	      0.000	
 07/12-14:53	2268.000	2268.800	2265.200	2267.000	           2702	    248.000	   2270.800	   2274.444	   2292.638	   2303.823	           	      0.000	      1.000	      0.000	      0.000	      0.000	      0.000	      0.000	      0.000	      0.000	
 07/12-14:54	2266.400	2267.200	2264.200	2265.000	           2246	    249.000	   2270.433	   2274.067	   2292.227	   2303.606	           	      0.000	      1.000	      0.000	      0.000	      0.000	      0.000	      0.000	      0.000	      0.000	
 07/12-14:55	2265.000	2266.600	2264.400	2266.200	           1742	    250.000	   2270.087	   2273.773	   2291.835	   2303.386	           	      0.000	      1.000	      0.000	      0.000	      0.000	      0.000	      0.000	      0.000	      0.000	
 07/12-14:56	2265.800	2267.200	2263.800	2265.600	           2392	    251.000	   2269.800	   2273.421	   2291.447	   2303.175	           	      0.000	      1.000	      0.000	      0.000	      0.000	      0.000	      0.000	      0.000	      0.000	
 07/12-14:57	2265.400	2266.000	2264.800	2265.800	           1122	    252.000	   2269.567	   2273.059	   2291.062	   2302.970	           	      0.000	      1.000	      0.000	      0.000	      0.000	      0.000	      0.000	      0.000	      0.000	
 07/12-14:58	2265.800	2266.000	2262.200	2263.600	           2714	    253.000	   2269.206	   2272.627	   2290.664	   2302.751	           	      0.000	      1.000	      0.000	      0.000	      0.000	      0.000	      0.000	      0.000	      0.000	
 07/12-14:59	2263.400	2263.600	2255.800	2257.800	           5480	    254.000	   2268.600	   2272.086	   2290.220	   2302.504	           	      0.000	      1.000	      0.000	      0.000	      0.000	      0.000	      0.000	      0.000	      0.000	
 07/12-15:00	2258.200	2260.000	2255.000	2260.000	           4821	    255.000	   2268.000	   2271.627	   2289.804	   2302.274	           	      0.000	      1.000	      0.000	      0.000	      0.000	      0.000	      0.000	      0.000	      1.000	
 07/12-15:01	2260.000	2261.600	2259.200	2260.800	           2669	    256.000	   2267.415	   2271.210	   2289.400	   2302.047	           	      0.000	      1.000	      0.000	      0.000	      0.000	      0.000	      0.000	      0.000	      0.000	
 07/12-15:02	2260.800	2263.200	2260.600	2262.400	           2722	    257.000	   2266.900	   2270.797	   2288.997	   2301.825	           	      0.000	      1.000	      0.000	      0.000	      0.000	      0.000	      0.000	      0.000	      0.000	
 07/12-15:03	2262.600	2264.000	2261.000	2263.800	           2188	    258.000	   2266.433	   2270.553	   2288.618	   2301.615	           	      0.000	      1.000	      0.000	      0.000	      0.000	      0.000	      0.000	      0.000	      0.000	
 07/12-15:04	2263.800	2264.000	2262.000	2263.000	           1252	    259.000	   2265.894	   2270.274	   2288.220	   2301.396	           	      0.000	      1.000	      0.000	      0.000	      0.000	      0.000	      0.000	      0.000	      0.000	
 07/12-15:05	2263.200	2265.800	2262.600	2265.600	           2103	    260.000	   2265.558	   2270.203	   2287.848	   2301.198	           	      0.000	      1.000	      0.000	      0.000	      0.000	      0.000	      0.000	      0.000	      0.000	
 07/12-15:06	2266.000	2267.200	2265.600	2266.400	           2869	    261.000	   2265.448	   2270.244	   2287.489	   2301.002	           	      0.000	      1.000	      0.000	      0.000	      0.000	      0.000	      0.000	      0.000	      0.000	
 07/12-15:07	2266.600	2271.200	2266.600	2269.200	           4420	    262.000	   2265.579	   2270.233	   2287.150	   2300.818	           	      0.000	      1.000	      0.000	      0.000	      0.000	      0.000	      0.000	      0.000	      0.000	
 07/12-15:08	2269.400	2269.400	2268.200	2269.200	           1652	    263.000	   2265.712	   2270.223	   2286.815	   2300.629	           	      0.000	      1.000	      0.000	      0.000	      0.000	      0.000	      0.000	      0.000	      0.000	
 07/12-15:09	2269.200	2269.400	2267.800	2269.000	           1744	    264.000	   2265.827	   2270.200	   2286.475	   2300.446	           	      0.000	      1.000	      0.000	      0.000	      0.000	      0.000	      0.000	      0.000	      0.000	
 07/12-15:10	2268.800	2271.000	2268.000	2268.600	           2534	    265.000	   2265.981	   2270.177	   2286.110	   2300.268	           	      0.000	      1.000	      0.000	      0.000	      0.000	      0.000	      0.000	      0.000	      0.000	
 07/12-15:11	2269.000	2272.000	2269.000	2271.800	           2339	    266.000	   2266.160	   2270.180	   2285.779	   2300.091	           	      0.000	      1.000	      0.000	      0.000	      0.000	      0.000	      0.000	      0.000	      0.000	
 07/12-15:12	2271.600	2274.800	2271.000	2273.400	           3245	    267.000	   2266.454	   2270.313	   2285.464	   2299.914	           	      0.000	      1.000	      0.000	      0.000	      0.000	      0.000	      0.000	      0.000	      0.000	
 07/12-15:13	2273.600	2276.400	2273.400	2274.600	           2478	    268.000	   2266.788	   2270.427	   2285.152	   2299.739	           	      0.000	      1.000	      0.000	      0.000	      0.000	      0.000	      0.000	      0.000	      0.000	
 07/12-15:14	2274.600	2275.600	2272.800	2273.600	           2577	    269.000	   2266.967	   2270.440	   2284.846	   2299.562	           	      0.000	      1.000	      0.000	      0.000	      0.000	      0.000	      0.000	      0.000	      0.000	
 07/12-15:15	2273.600	2278.000	2273.600	2277.000	           3607	    270.000	   2267.227	   2270.520	   2284.560	   2299.399	           	      0.000	      1.000	      0.000	      0.000	      0.000	      0.000	      0.000	      0.000	      0.000	