 07/11-09:16	2215.000	2219.000	2212.000	2218.000	          11523	      1.000	   2190.893	   2185.073	   2169.958	           	           	      0.000	      0.000	      0.000	      0.000	      0.000	      0.000	      0.000	      0.000	      0.000	
 07/11-09:17	2217.800	2217.800	2213.200	2215.200	           3751	      2.000	   2192.013	   2185.704	   2170.648	           	           	      0.000	      0.000	      0.000	      0.000	      0.000	      0.000	      0.000	      0.000	      0.000	
 07/11-09:18	2215.400	2217.200	2214.600	2217.000	           2225	      3.000	   2193.147	   2186.304	   2171.364	           	           	      0.000	      0.000	      0.000	      0.000	      0.000	      0.000	      0.000	      0.000	      0.000	
 07/11-09:19	2217.200	2221.600	2216.800	2219.000	           5483	      4.000	   2194.321	   2186.954	   2172.097	           	           	      0.000	      0.000	      0.000	      0.000	      0.000	      0.000	      0.000	      0.000	      0.000	
 07/11-09:20	2218.400	2218.400	2216.400	2216.600	           2251	      5.000	   2195.407	   2187.573	   2172.795	           	           	      0.000	      0.000	      0.000	      0.000	      0.000	      0.000	      0.000	      0.000	      0.000	
 07/11-09:21	2217.000	2218.400	2214.000	2216.200	           3638	      6.000	   2196.513	   2188.160	   2173.500	           	           	      0.000	      0.000	      0.000	      0.000	      0.000	      0.000	      0.000	      0.000	      0.000	
 07/11-09:22	2216.000	2217.000	2215.000	2215.800	           1715	      7.000	   2197.607	   2188.727	   2174.203	           	           	      0.000	      0.000	      0.000	      0.000	      0.000	      0.000	      0.000	      0.000	      0.000	
 07/11-09:23	2215.600	2216.600	2214.000	2215.600	           1712	      8.000	   2198.586	   2189.330	   2174.897	           	           	      0.000	      0.000	      0.000	      0.000	      0.000	      0.000	      0.000	      0.000	      0.000	
 07/11-09:24	2215.600	2216.200	2215.200	2216.200	           1107	      9.000	   2199.593	   2189.920	   2175.587	           	           	      0.000	      0.000	      0.000	      0.000	      0.000	      0.000	      0.000	      0.000	      0.000	
 07/11-09:25	2216.200	2218.800	2216.000	2218.800	           2054	     10.000	   2200.760	   2190.510	   2176.312	           	           	      0.000	      0.000	      0.000	      0.000	      0.000	      0.000	      0.000	      0.000	      0.000	
 07/11-09:26	2218.800	2220.600	2214.000	2215.200	           4653	     11.000	   2201.773	   2191.096	   2176.985	           	           	      0.000	      0.000	      0.000	      0.000	      0.000	      0.000	      0.000	      0.000	      0.000	
 07/11-09:27	2215.400	2218.200	2214.200	2218.200	           2127	     12.000	   2202.900	   2191.694	   2177.687	           	           	      0.000	      0.000	      0.000	      0.000	      0.000	      0.000	      0.000	      0.000	      0.000	
 07/11-09:28	2218.600	2224.000	2217.600	2217.600	           5153	     13.000	   2203.953	   2192.257	   2178.387	           	           	      0.000	      0.000	      0.000	      0.000	      0.000	      0.000	      0.000	      0.000	      0.000	
 07/11-09:29	2217.000	2220.000	2216.400	2219.200	           2136	     14.000	   2205.000	   2192.840	   2179.090	           	           	      0.000	      0.000	      0.000	      0.000	      0.000	      0.000	      0.000	      0.000	      0.000	
 07/11-09:30	2219.000	2220.000	2216.400	2216.400	           1812	     15.000	   2205.987	   2193.383	   2179.768	           	           	      0.000	      0.000	      0.000	      0.000	      0.000	      0.000	      0.000	      0.000	      0.000	
 07/11-09:31	2216.000	2221.000	2215.400	2218.800	           2740	     16.000	   2207.100	   2193.970	   2180.480	           	           	      0.000	      0.000	      0.000	      0.000	      0.000	      0.000	      0.000	      0.000	      0.000	
 07/11-09:32	2218.800	2220.400	2216.200	2220.000	           2710	     17.000	   2208.120	   2194.680	   2181.218	           	           	      0.000	      0.000	      0.000	      0.000	      0.000	      0.000	      0.000	      0.000	      0.000	
 07/11-09:33	2219.800	2222.000	2217.200	2217.600	           3168	     18.000	   2208.886	   2195.333	   2181.903	           	           	      0.000	      0.000	      0.000	      0.000	      0.000	      0.000	      0.000	      0.000	      0.000	
 07/11-09:34	2217.600	2217.600	2215.200	2216.200	           3201	     19.000	   2209.613	   2195.930	   2182.565	           	           	      0.000	      0.000	      0.000	      0.000	      0.000	      0.000	      0.000	      0.000	      0.000	
 07/11-09:35	2216.200	2216.400	2211.000	2213.600	           6149	     20.000	   2210.321	   2196.493	   2183.195	           	           	      0.000	      0.000	      0.000	      0.000	      0.000	      0.000	      0.000	      0.000	      0.000	
 07/11-09:36	2213.600	2215.000	2212.800	2213.000	           2669	     21.000	   2210.980	   2197.037	   2183.818	           	           	      0.000	      0.000	      0.000	      0.000	      0.000	      0.000	      0.000	      0.000	      0.000	
 07/11-09:37	2213.200	2218.400	2212.600	2216.800	           3751	     22.000	   2211.753	   2197.670	   2184.462	           	           	      0.000	      0.000	      0.000	      0.000	      0.000	      0.000	      0.000	      0.000	      0.000	
 07/11-09:38	2216.600	2219.800	2216.200	2219.200	           3540	     23.000	   2212.580	   2198.354	   2185.137	           	           	      0.000	      0.000	      0.000	      0.000	      0.000	      0.000	      0.000	      0.000	      0.000	
 07/11-09:39	2219.400	2221.800	2218.600	2219.200	           3809	     24.000	   2213.447	   2199.027	   2185.793	           	           	      0.000	      0.000	      0.000	      0.000	      0.000	      0.000	      0.000	      0.000	      0.000	
 07/11-09:40	2219.200	2228.000	2219.000	2227.200	           8634	     25.000	   2214.567	   2199.890	   2186.498	           	           	      0.000	      0.000	      0.000	      0.000	      0.000	      0.000	      0.000	      0.000	      0.000	
 07/11-09:41	2227.000	2239.200	2226.400	2239.200	          13107	     26.000	   2215.960	   2200.977	   2187.283	           	           	      0.000	      0.000	      0.000	      0.000	      0.000	      0.000	      0.000	      0.000	      0.000	
 07/11-09:42	2238.400	2238.400	2231.000	2231.400	           6184	     27.000	   2217.041	   2201.967	   2187.987	           	           	      0.000	      0.000	      0.000	      0.000	      0.000	      0.000	      0.000	      0.000	      0.000	
 07/11-09:43	2230.800	2231.200	2228.400	2229.400	           5517	     28.000	   2218.026	   2202.890	   2188.678	           	           	      0.000	      0.000	      0.000	      0.000	      0.000	      0.000	      0.000	      0.000	      0.000	
 07/11-09:44	2229.400	2232.800	2229.000	2232.400	           4141	     29.000	   2219.100	   2203.856	   2189.392	           	           	      0.000	      0.000	      0.000	      0.000	      0.000	      0.000	      0.000	      0.000	      0.000	
 07/11-09:45	2231.800	2231.800	2229.200	2230.400	           3386	     30.000	   2219.980	   2204.757	   2190.018	           	           	      0.000	      0.000	      0.000	      0.000	      0.000	      0.000	      0.000	      0.000	      0.000	
 07/11-09:46	2230.400	2233.800	2230.000	2232.200	           2982	     31.000	   2220.453	   2205.673	   2190.672	           	           	      0.000	      0.000	      0.000	      0.000	      0.000	      0.000	      0.000	      0.000	      0.000	
 07/11-09:47	2232.600	2233.400	2229.000	2230.800	           3027	     32.000	   2220.973	   2206.493	   2191.237	           	           	      0.000	      0.000	      0.000	      0.000	      0.000	      0.000	      0.000	      0.000	      0.000	
 07/11-09:48	2230.400	2232.200	2229.000	2229.000	           2601	     33.000	   2221.373	   2207.260	   2191.800	           	           	      0.000	      0.000	      0.000	      0.000	      0.000	      0.000	      0.000	      0.000	      0.000	
 07/11-09:49	2228.800	2231.000	2225.200	2230.000	           7656	     34.000	   2221.740	   2208.030	   2192.385	           	           	      0.000	      0.000	      0.000	      0.000	      0.000	      0.000	      0.000	      0.000	      0.000	
 07/11-09:50	2230.000	2230.400	2227.600	2229.200	           2773	     35.000	   2222.159	   2208.783	   2192.953	           	           	      0.000	      0.000	      0.000	      0.000	      0.000	      0.000	      0.000	      0.000	      0.000	
 07/11-09:51	2228.600	2231.000	2227.600	2228.600	           3024	     36.000	   2222.574	   2209.544	   2193.520	           	           	      0.000	      0.000	      0.000	      0.000	      0.000	      0.000	      0.000	      0.000	      0.000	
 07/11-09:52	2229.000	2230.000	2228.000	2228.400	           1568	     37.000	   2222.993	   2210.300	   2194.072	           	           	      0.000	      0.000	      0.000	      0.000	      0.000	      0.000	      0.000	      0.000	      0.000	
 07/11-09:53	2228.400	2232.400	2226.400	2230.400	           3168	     38.000	   2223.487	   2211.036	   2194.642	           	           	      0.000	      0.000	      0.000	      0.000	      0.000	      0.000	      0.000	      0.000	      0.000	
 07/11-09:54	2230.600	2232.600	2229.800	2230.600	           3046	     39.000	   2223.967	   2211.780	   2195.110	           	           	      0.000	      0.000	      0.000	      0.000	      0.000	      0.000	      0.000	      0.000	      0.000	
 07/11-09:55	2230.800	2232.000	2230.400	2230.800	           1713	     40.000	   2224.367	   2212.563	   2195.550	           	           	      0.000	      0.000	      0.000	      0.000	      0.000	      0.000	      0.000	      0.000	      0.000	
 07/11-09:56	2230.400	2237.400	2229.800	2236.800	           4791	     41.000	   2225.087	   2213.430	   2195.992	           	           	      0.000	      0.000	      0.000	      0.000	      0.000	      0.000	      0.000	      0.000	      0.000	
 07/11-09:57	2236.600	2236.600	2230.000	2231.400	           3934	     42.000	   2225.526	   2214.213	   2196.408	           	           	      0.000	      0.000	      0.000	      0.000	      0.000	      0.000	      0.000	      0.000	      0.000	
 07/11-09:58	2231.600	2232.200	2229.600	2231.000	           2545	     43.000	   2225.973	   2214.963	   2196.855	           	           	      0.000	      0.000	      0.000	      0.000	      0.000	      0.000	      0.000	      0.000	      0.000	
 07/11-09:59	2231.000	2231.000	2229.000	2230.200	           2545	     44.000	   2226.341	   2215.670	   2197.293	           	           	      0.000	      0.000	      0.000	      0.000	      0.000	      0.000	      0.000	      0.000	      0.000	
 07/11-10:00	2230.400	2231.800	2228.600	2231.400	           2419	     45.000	   2226.841	   2216.414	   2197.719	           	           	      0.000	      0.000	      0.000	      0.000	      0.000	      0.000	      0.000	      0.000	      0.000	
 07/11-10:01	2231.000	2233.600	2230.400	2232.400	           2432	     46.000	   2227.293	   2217.196	   2198.200	           	           	      0.000	      0.000	      0.000	      0.000	      0.000	      0.000	      0.000	      0.000	      0.000	
 07/11-10:02	2232.600	2237.200	2232.600	2235.200	           4796	     47.000	   2227.800	   2217.960	   2198.703	           	           	      0.000	      0.000	      0.000	      0.000	      0.000	      0.000	      0.000	      0.000	      0.000	
 07/11-10:03	2235.000	2236.600	2232.800	2235.400	           3889	     48.000	   2228.394	   2218.640	   2199.213	           	           	      0.000	      0.000	      0.000	      0.000	      0.000	      0.000	      0.000	      0.000	      0.000	
 07/11-10:04	2235.600	2248.600	2234.000	2245.600	          11250	     49.000	   2229.374	   2219.493	   2199.780	           	           	      0.000	      0.000	      0.000	      0.000	      0.000	      0.000	      0.000	      0.000	      0.000	
 07/11-10:05	2244.600	2251.400	2244.000	2247.400	          12587	     50.000	   2230.500	   2220.410	   2200.372	           	           	      0.000	      0.000	      0.000	      0.000	      0.000	      0.000	      0.000	      0.000	      0.000	
 07/11-10:06	2247.400	2253.200	2246.000	2252.000	           6763	     51.000	   2231.800	   2221.390	   2200.987	           	           	      0.000	      0.000	      0.000	      0.000	      0.000	      0.000	      0.000	      0.000	      0.000	
 07/11-10:07	2251.600	2252.200	2248.200	2252.000	           6223	     52.000	   2232.974	   2222.364	   2201.667	           	           	      0.000	      0.000	      0.000	      0.000	      0.000	      0.000	      0.000	      0.000	      0.000	
 07/11-10:08	2251.600	2254.200	2250.000	2254.200	           5477	     53.000	   2234.140	   2223.360	   2202.352	           	           	      0.000	      0.000	      0.000	      0.000	      0.000	      0.000	      0.000	      0.000	      0.000	
 07/11-10:09	2254.400	2255.200	2250.000	2250.400	           4676	     54.000	   2235.180	   2224.313	   2203.007	           	           	      0.000	      0.000	      0.000	      0.000	      0.000	      0.000	      0.000	      0.000	      0.000	
 07/11-10:10	2250.200	2251.800	2248.200	2250.600	           5921	     55.000	   2235.960	   2225.263	   2203.667	           	           	      0.000	      0.000	      0.000	      0.000	      0.000	      0.000	      0.000	      0.000	      0.000	
 07/11-10:11	2251.000	2251.400	2248.800	2249.200	           2099	     56.000	   2236.293	   2226.126	   2204.303	           	           	      0.000	      0.000	      0.000	      0.000	      0.000	      0.000	      0.000	      0.000	      0.000	
 07/11-10:12	2249.000	2250.400	2247.800	2249.400	           3062	     57.000	   2236.893	   2226.967	   2204.962	           	           	      0.000	      0.000	      0.000	      0.000	      0.000	      0.000	      0.000	      0.000	      0.000	
 07/11-10:13	2249.400	2250.800	2249.000	2250.200	           1986	     58.000	   2237.587	   2227.807	   2205.624	           	           	      0.000	      0.000	      0.000	      0.000	      0.000	      0.000	      0.000	      0.000	      0.000	
 07/11-10:14	2250.200	2264.600	2249.800	2260.200	          10871	     59.000	   2238.513	   2228.807	   2206.345	           	           	      0.000	      0.000	      0.000	      0.000	      0.000	      0.000	      0.000	      0.000	      0.000	
 07/11-10:15	2260.200	2268.000	2257.000	2267.000	          11346	     60.000	   2239.733	   2229.857	   2207.098	           	           	      0.000	      0.000	      0.000	      0.000	      0.000	      0.000	      0.000	      0.000	      0.000	
 07/11-10:16	2266.600	2266.600	2259.800	2260.000	           6435	     61.000	   2240.660	   2230.557	   2207.815	           	           	      0.000	      0.000	      0.000	      0.000	      0.000	      0.000	      0.000	      0.000	      0.000	
 07/11-10:17	2259.800	2261.600	2259.200	2260.200	           3164	     62.000	   2241.640	   2231.306	   2208.505	           	           	      0.000	      0.000	      0.000	      0.000	      0.000	      0.000	      0.000	      0.000	      0.000	
 07/11-10:18	2260.400	2261.000	2258.400	2259.600	           3390	     63.000	   2242.660	   2232.017	   2209.160	           	           	      0.000	      0.000	      0.000	      0.000	      0.000	      0.000	      0.000	      0.000	      0.000	
 07/11-10:19	2259.600	2260.200	2252.800	2252.800	           6701	     64.000	   2243.420	   2232.580	   2209.767	           	           	      0.000	      0.000	      0.000	      0.000	      0.000	      0.000	      0.000	      0.000	      0.000	
 07/11-10:20	2252.600	2255.400	2252.600	2253.200	           3564	     65.000	   2244.221	   2233.190	   2210.382	           	           	      0.000	      0.000	      0.000	      0.000	      0.000	      0.000	      0.000	      0.000	      0.000	
 07/11-10:21	2253.400	2257.600	2253.000	2254.200	           3597	     66.000	   2245.073	   2233.823	   2210.992	           	           	      0.000	      0.000	      0.000	      0.000	      0.000	      0.000	      0.000	      0.000	      0.000	
 07/11-10:22	2254.400	2254.800	2245.000	2246.600	           8205	     67.000	   2245.680	   2234.336	   2211.532	           	           	      0.000	      0.000	      0.000	      0.000	      0.000	      0.000	      0.000	      0.000	      0.000	
 07/11-10:23	2246.800	2249.600	2246.200	2248.400	           4264	     68.000	   2246.280	   2234.883	   2212.107	           	           	      0.000	      0.000	      0.000	      0.000	      0.000	      0.000	      0.000	      0.000	      0.000	
 07/11-10:24	2249.000	2251.200	2248.400	2249.400	           3096	     69.000	   2246.907	   2235.437	   2212.678	           	           	      0.000	      0.000	      0.000	      0.000	      0.000	      0.000	      0.000	      0.000	      0.000	
 07/11-10:25	2249.200	2250.600	2247.800	2247.800	           2943	     70.000	   2247.473	   2235.920	   2213.215	           	           	      0.000	      0.000	      0.000	      0.000	      0.000	      0.000	      0.000	      0.000	      0.000	
 07/11-10:26	2248.000	2250.600	2247.400	2250.600	           2875	     71.000	   2247.933	   2236.510	   2213.803	           	           	      0.000	      0.000	      0.000	      0.000	      0.000	      0.000	      0.000	      0.000	      0.000	
 07/11-10:27	2250.400	2252.600	2250.400	2251.200	           3306	     72.000	   2248.594	   2237.060	   2214.377	           	           	      0.000	      0.000	      0.000	      0.000	      0.000	      0.000	      0.000	      0.000	      0.000	
 07/11-10:28	2251.200	2251.200	2248.000	2249.400	           2779	     73.000	   2249.207	   2237.590	   2214.923	           	           	      0.000	      0.000	      0.000	      0.000	      0.000	      0.000	      0.000	      0.000	      0.000	
 07/11-10:29	2249.800	2252.800	2249.200	2251.600	           1938	     74.000	   2249.920	   2238.130	   2215.485	           	           	      0.000	      0.000	      0.000	      0.000	      0.000	      0.000	      0.000	      0.000	      0.000	
 07/11-10:30	2251.400	2251.400	2246.800	2247.000	           3284	     75.000	   2250.440	   2238.640	   2216.012	           	           	      0.000	      0.000	      0.000	      0.000	      0.000	      0.000	      0.000	      0.000	      0.000	
 07/11-10:31	2247.200	2253.800	2246.200	2252.000	           5028	     76.000	   2251.094	   2239.193	   2216.582	           	           	      0.000	      0.000	      0.000	      0.000	      0.000	      0.000	      0.000	      0.000	      0.000	
 07/11-10:32	2252.000	2255.800	2251.600	2255.000	           4425	     77.000	   2251.753	   2239.777	   2217.228	           	           	      0.000	      0.000	      0.000	      0.000	      0.000	      0.000	      0.000	      0.000	      0.000	
 07/11-10:33	2254.600	2258.800	2254.000	2255.000	           5521	     78.000	   2252.406	   2240.400	   2217.867	           	           	      0.000	      0.000	      0.000	      0.000	      0.000	      0.000	      0.000	      0.000	      0.000	
 07/11-10:34	2255.000	2257.000	2253.800	2254.800	           3266	     79.000	   2252.714	   2241.044	   2218.487	           	           	      0.000	      0.000	      0.000	      0.000	      0.000	      0.000	      0.000	      0.000	      0.000	
 07/11-10:35	2254.600	2255.400	2253.200	2254.800	           1748	     80.000	   2252.959	   2241.730	   2219.112	           	           	      0.000	      0.000	      0.000	      0.000	      0.000	      0.000	      0.000	      0.000	      0.000	
 07/11-10:36	2254.800	2257.200	2254.200	2254.800	           2844	     81.000	   2253.053	   2242.427	   2219.732	           	           	      0.000	      0.000	      0.000	      0.000	      0.000	      0.000	      0.000	      0.000	      0.000	
 07/11-10:37	2255.000	2255.800	2254.000	2254.600	           1689	     82.000	   2253.140	   2243.057	   2220.363	           	           	      0.000	      0.000	      0.000	      0.000	      0.000	      0.000	      0.000	      0.000	      0.000	
 07/11-10:38	2255.000	2255.000	2253.000	2253.800	           2214	     83.000	   2253.127	   2243.633	   2220.993	           	           	      0.000	      0.000	      0.000	      0.000	      0.000	      0.000	      0.000	      0.000	      0.000	
 07/11-10:39	2253.800	2253.800	2250.400	2252.600	           3451	     84.000	   2253.200	   2244.190	   2221.608	           	           	      0.000	      0.000	      0.000	      0.000	      0.000	      0.000	      0.000	      0.000	      0.000	
 07/11-10:40	2252.800	2256.400	2251.600	2256.000	           2508	     85.000	   2253.380	   2244.670	   2222.280	           	           	      0.000	      0.000	      0.000	      0.000	      0.000	      0.000	      0.000	      0.000	      0.000	
 07/11-10:41	2255.800	2258.800	2255.800	2257.000	           4976	     86.000	   2253.641	   2244.967	   2222.972	           	           	      0.000	      0.000	      0.000	      0.000	      0.000	      0.000	      0.000	      0.000	      0.000	
 07/11-10:42	2257.200	2263.000	2256.000	2262.400	           5460	     87.000	   2254.074	   2245.483	   2223.725	           	           	      0.000	      0.000	      0.000	      0.000	      0.000	      0.000	      0.000	      0.000	      0.000	
 07/11-10:43	2262.000	2275.200	2261.000	2273.400	          16314	     88.000	   2254.846	   2246.217	   2224.553	           	           	      0.000	      0.000	      0.000	      0.000	      0.000	      0.000	      0.000	      0.000	      0.000	
 07/11-10:44	2273.000	2274.800	2270.200	2270.200	           7301	     89.000	   2255.180	   2246.847	   2225.352	           	           	      0.000	      0.000	      0.000	      0.000	      0.000	      0.000	      0.000	      0.000	      0.000	
 07/11-10:45	2270.200	2270.800	2268.600	2269.200	           4811	     90.000	   2255.254	   2247.494	   2226.125	           	           	      0.000	      0.000	      0.000	      0.000	      0.000	      0.000	      0.000	      0.000	      0.000	
 07/11-10:46	2269.200	2269.200	2258.600	2261.400	           9546	     91.000	   2255.300	   2247.980	   2226.827	           	           	      0.000	      0.000	      0.000	      0.000	      0.000	      0.000	      0.000	      0.000	      0.000	
 07/11-10:47	2261.200	2261.600	2258.400	2260.600	           3741	     92.000	   2255.315	   2248.477	   2227.485	           	           	      0.000	      0.000	      0.000	      0.000	      0.000	      0.000	      0.000	      0.000	      0.000	
 07/11-10:48	2260.600	2261.200	2257.400	2257.800	           3214	     93.000	   2255.252	   2248.956	   2228.108	           	           	      0.000	      0.000	      0.000	      0.000	      0.000	      0.000	      0.000	      0.000	      0.000	
 07/11-10:49	2257.600	2260.000	2257.600	2259.600	           3138	     94.000	   2255.480	   2249.450	   2228.740	           	           	      0.000	      0.000	      0.000	      0.000	      0.000	      0.000	      0.000	      0.000	      0.000	
 07/11-10:50	2259.800	2260.600	2256.400	2257.400	           3806	     95.000	   2255.619	   2249.920	   2229.352	           	           	      0.000	      0.000	      0.000	      0.000	      0.000	      0.000	      0.000	      0.000	      0.000	
 07/11-10:51	2257.400	2258.400	2255.600	2258.000	           2503	     96.000	   2255.746	   2250.409	   2229.977	           	           	      0.000	      0.000	      0.000	      0.000	      0.000	      0.000	      0.000	      0.000	      0.000	
 07/11-10:52	2257.600	2260.400	2257.600	2259.600	           2834	     97.000	   2256.180	   2250.930	   2230.615	           	           	      0.000	      0.000	      0.000	      0.000	      0.000	      0.000	      0.000	      0.000	      0.000	
 07/11-10:53	2259.600	2260.400	2258.600	2258.800	           2733	     98.000	   2256.527	   2251.404	   2231.220	           	           	      0.000	      0.000	      0.000	      0.000	      0.000	      0.000	      0.000	      0.000	      0.000	
 07/11-10:54	2258.200	2258.600	2253.000	2253.000	           5615	     99.000	   2256.647	   2251.777	   2231.778	           	           	      0.000	      0.000	      0.000	      0.000	      0.000	      0.000	      0.000	      0.000	      0.000	
 07/11-10:55	2252.400	2254.600	2251.400	2253.400	           4544	    100.000	   2256.833	   2252.153	   2232.358	   2193.653	           	      0.000	      0.000	      0.000	      0.000	      0.000	      0.000	      0.000	      0.000	      0.000	
 07/11-10:56	2253.400	2254.200	2251.200	2251.400	           3654	    101.000	   2256.860	   2252.397	   2232.914	   2194.107	           	      0.000	      0.000	      0.000	      0.000	      0.000	      0.000	      0.000	      0.000	      0.000	
 07/11-10:57	2252.000	2254.600	2252.000	2252.400	           2951	    102.000	   2256.900	   2252.747	   2233.480	   2194.564	           	      0.000	      0.000	      0.000	      0.000	      0.000	      0.000	      0.000	      0.000	      0.000	
 07/11-10:58	2252.400	2254.400	2252.400	2252.800	           1711	    103.000	   2257.013	   2253.110	   2234.037	   2195.026	           	      0.000	      0.000	      0.000	      0.000	      0.000	      0.000	      0.000	      0.000	      0.000	
 07/11-10:59	2253.000	2256.600	2253.000	2254.800	           3162	    104.000	   2257.121	   2253.520	   2234.595	   2195.495	           	      1.000	      0.000	      0.000	      0.000	      0.000	      0.000	      0.000	      0.000	      0.000	
 07/11-11:00	2254.800	2257.400	2254.400	2255.600	           2715	    105.000	   2257.406	   2253.923	   2235.168	   2195.975	           	      1.000	      0.000	      0.000	      0.000	      0.000	      0.000	      0.000	      0.000	      0.000	
 07/11-11:01	2256.000	2258.600	2255.400	2258.000	           2400	    106.000	   2257.606	   2254.350	   2235.773	   2196.464	           	      1.000	      0.000	      0.000	      0.000	      0.000	      0.000	      0.000	      0.000	      0.000	
 07/11-11:02	2258.000	2269.600	2256.800	2268.600	           7976	    107.000	   2258.060	   2254.907	   2236.433	   2196.991	           	      1.000	      0.000	      0.000	      0.000	      0.000	      0.000	      0.000	      0.000	      0.000	
 07/11-11:03	2268.200	2268.400	2260.000	2260.000	           7349	    108.000	   2258.227	   2255.317	   2236.978	   2197.482	           	      1.000	      0.000	      0.000	      0.000	      0.000	      0.000	      0.000	      0.000	      0.000	
 07/11-11:04	2260.000	2262.000	2253.800	2254.800	           5102	    109.000	   2258.227	   2255.470	   2237.482	   2197.948	           	      1.000	      0.000	      0.000	      0.000	      0.000	      0.000	      0.000	      0.000	      0.000	
 07/11-11:05	2254.800	2255.800	2252.200	2253.400	           5527	    110.000	   2258.180	   2255.570	   2237.990	   2198.410	           	      1.000	      0.000	      0.000	      0.000	      0.000	      0.000	      0.000	      0.000	      0.000	
 07/11-11:06	2252.800	2254.800	2252.800	2254.800	           3098	    111.000	   2258.180	   2255.617	   2238.503	   2198.875	           	      1.000	      0.000	      0.000	      0.000	      0.000	      0.000	      0.000	      0.000	      0.000	
 07/11-11:07	2254.600	2259.400	2254.200	2258.000	           3341	    112.000	   2258.294	   2255.717	   2239.040	   2199.354	           	      1.000	      0.000	      0.000	      0.000	      0.000	      0.000	      0.000	      0.000	      0.000	
 07/11-11:08	2257.800	2261.800	2257.800	2259.400	           3683	    113.000	   2258.479	   2255.803	   2239.582	   2199.844	           	      1.000	      0.000	      0.000	      0.000	      0.000	      0.000	      0.000	      0.000	      0.000	
 07/11-11:09	2259.200	2260.000	2256.800	2258.000	           2490	    114.000	   2258.659	   2255.930	   2240.122	   2200.322	           	      1.000	      0.000	      0.000	      0.000	      0.000	      0.000	      0.000	      0.000	      0.000	
 07/11-11:10	2258.000	2262.600	2257.800	2262.200	           3925	    115.000	   2258.866	   2256.123	   2240.693	   2200.814	           	      1.000	      0.000	      0.000	      0.000	      0.000	      0.000	      0.000	      0.000	      0.000	
 07/11-11:11	2262.400	2266.000	2260.200	2262.200	           5500	    116.000	   2259.041	   2256.341	   2241.234	   2201.311	           	      1.000	      0.000	      0.000	      0.000	      0.000	      0.000	      0.000	      0.000	      0.000	
 07/11-11:12	2262.200	2264.200	2261.200	2262.800	           2199	    117.000	   2259.052	   2256.563	   2241.765	   2201.810	           	      1.000	      0.000	      0.000	      0.000	      0.000	      0.000	      0.000	      0.000	      0.000	
 07/11-11:13	2262.600	2262.600	2258.600	2261.000	           3203	    118.000	   2258.640	   2256.743	   2242.275	   2202.314	           	      1.000	      0.000	      0.000	      0.000	      0.000	      0.000	      0.000	      0.000	      0.000	
 07/11-11:14	2261.800	2264.800	2260.800	2263.600	           2897	    119.000	   2258.420	   2256.800	   2242.803	   2202.829	           	      1.000	      0.000	      0.000	      0.000	      0.000	      0.000	      0.000	      0.000	      0.000	
 07/11-11:15	2263.800	2270.800	2263.600	2266.800	           8545	    120.000	   2258.340	   2256.797	   2243.327	   2203.352	           	      1.000	      0.000	      0.000	      0.000	      0.000	      0.000	      0.000	      0.000	      0.000	
 07/11-11:16	2266.600	2272.200	2264.200	2268.600	           6264	    121.000	   2258.579	   2256.940	   2243.748	   2203.880	           	      1.000	      0.000	      0.000	      0.000	      0.000	      0.000	      0.000	      1.000	      0.000	
 07/11-11:17	2269.200	2271.000	2268.600	2269.200	           3262	    122.000	   2258.867	   2257.091	   2244.198	   2204.413	           	      1.000	      0.000	      0.000	      0.000	      0.000	      0.000	      0.000	      0.000	      0.000	
 07/11-11:18	2269.400	2271.000	2263.400	2264.000	           5355	    123.000	   2259.075	   2257.164	   2244.590	   2204.924	           	      1.000	      0.000	      0.000	      0.000	      0.000	      0.000	      0.000	      0.000	      0.000	
 07/11-11:19	2263.000	2277.400	2261.400	2268.000	          11899	    124.000	   2259.354	   2257.417	   2244.999	   2205.458	           	      1.000	      0.000	      0.000	      0.000	      0.000	      0.000	      0.000	      1.000	      0.000	
 07/11-11:20	2269.200	2271.000	2266.400	2266.400	           4509	    125.000	   2259.654	   2257.636	   2245.413	   2205.993	           	      1.000	      0.000	      0.000	      0.000	      0.000	      0.000	      0.000	      0.000	      0.000	
 07/11-11:21	2265.800	2270.400	2262.800	2266.600	           5799	    126.000	   2259.942	   2257.844	   2245.833	   2206.531	           	      1.000	      0.000	      0.000	      0.000	      0.000	      0.000	      0.000	      0.000	      0.000	
 07/11-11:22	2266.200	2270.400	2265.600	2270.400	           3653	    127.000	   2260.300	   2258.240	   2246.288	   2207.084	           	      1.000	      0.000	      0.000	      0.000	      0.000	      0.000	      0.000	      0.000	      0.000	
 07/11-11:23	2270.800	2274.600	2269.400	2273.600	           5869	    128.000	   2260.794	   2258.660	   2246.772	   2207.658	           	      1.000	      0.000	      0.000	      0.000	      0.000	      0.000	      0.000	      0.000	      0.000	
 07/11-11:24	2273.600	2275.200	2270.600	2273.200	           5548	    129.000	   2261.467	   2259.057	   2247.247	   2208.226	           	      1.000	      0.000	      0.000	      0.000	      0.000	      0.000	      0.000	      0.000	      0.000	
 07/11-11:25	2273.200	2279.800	2273.000	2278.800	           7977	    130.000	   2262.315	   2259.574	   2247.747	   2208.820	           	      1.000	      0.000	      0.000	      0.000	      0.000	      0.000	      0.000	      1.000	      0.000	
 07/11-11:26	2278.400	2278.800	2274.800	2276.800	           5118	    131.000	   2263.158	   2260.009	   2248.260	   2209.407	           	      1.000	      0.000	      0.000	      0.000	      0.000	      0.000	      0.000	      0.000	      0.000	
 07/11-11:27	2276.000	2278.600	2275.600	2277.800	           2873	    132.000	   2264.006	   2260.453	   2248.757	   2209.989	           	      1.000	      0.000	      0.000	      0.000	      0.000	      0.000	      0.000	      0.000	      0.000	
 07/11-11:28	2277.600	2283.000	2277.200	2282.600	           6101	    133.000	   2265.000	   2261.007	   2249.298	   2210.594	           	      1.000	      0.000	      0.000	      0.000	      0.000	      0.000	      0.000	      0.000	      0.000	
 07/11-11:29	2283.200	2284.200	2277.800	2279.800	           4610	    134.000	   2265.833	   2261.477	   2249.804	   2211.190	           	      1.000	      0.000	      0.000	      0.000	      0.000	      0.000	      0.000	      0.000	      0.000	
 07/11-11:30	2280.000	2285.000	2277.800	2284.200	           5656	    135.000	   2266.788	   2262.097	   2250.368	   2211.795	           	      1.000	      0.000	      0.000	      0.000	      0.000	      0.000	      0.000	      0.000	      0.000	
 07/11-13:01	2284.200	2288.800	2281.400	2286.600	           6599	    136.000	   2267.740	   2262.673	   2250.933	   2212.415	           	      1.000	      0.000	      0.000	      0.000	      0.000	      0.000	      0.000	      0.000	      0.000	
 07/11-13:02	2286.600	2291.200	2285.600	2288.000	           5568	    137.000	   2268.385	   2263.223	   2251.500	   2213.042	           	      1.000	      0.000	      0.000	      0.000	      0.000	      0.000	      0.000	      1.000	      0.000	
 07/11-13:03	2287.400	2287.600	2284.600	2286.200	           3311	    138.000	   2269.260	   2263.744	   2252.072	   2213.657	           	      1.000	      0.000	      0.000	      0.000	      0.000	      0.000	      0.000	      0.000	      0.000	
 07/11-13:04	2286.200	2288.200	2285.600	2286.600	           2163	    139.000	   2270.319	   2264.273	   2252.658	   2214.270	           	      1.000	      0.000	      0.000	      0.000	      0.000	      0.000	      0.000	      0.000	      0.000	
 07/11-13:05	2286.600	2287.200	2285.000	2287.200	           3136	    140.000	   2271.446	   2264.813	   2253.271	   2214.891	           	      1.000	      0.000	      0.000	      0.000	      0.000	      0.000	      0.000	      0.000	      0.000	
 07/11-13:06	2287.400	2289.400	2285.800	2289.400	           2199	    141.000	   2272.600	   2265.390	   2253.908	   2215.511	           	      1.000	      0.000	      0.000	      0.000	      0.000	      0.000	      0.000	      0.000	      0.000	
 07/11-13:07	2289.600	2292.400	2286.600	2287.400	           4275	    142.000	   2273.579	   2265.937	   2254.497	   2216.125	           	      1.000	      0.000	      0.000	      0.000	      0.000	      0.000	      0.000	      0.000	      0.000	
 07/11-13:08	2287.200	2293.200	2287.200	2290.400	           4538	    143.000	   2274.615	   2266.547	   2255.090	   2216.752	           	      1.000	      0.000	      0.000	      0.000	      0.000	      0.000	      0.000	      0.000	      0.000	
 07/11-13:09	2290.400	2295.600	2290.400	2293.400	           5698	    144.000	   2275.794	   2267.227	   2255.708	   2217.386	           	      1.000	      0.000	      0.000	      0.000	      0.000	      0.000	      0.000	      0.000	      0.000	
 07/11-13:10	2294.200	2299.400	2294.200	2297.600	           7403	    145.000	   2276.975	   2267.920	   2256.295	   2218.037	           	      1.000	      0.000	      0.000	      0.000	      0.000	      0.000	      0.000	      0.000	      0.000	
 07/11-13:11	2297.000	2301.800	2295.200	2298.000	           7968	    146.000	   2278.167	   2268.604	   2256.785	   2218.695	           	      1.000	      0.000	      0.000	      0.000	      0.000	      0.000	      0.000	      0.000	      0.000	
 07/11-13:12	2298.200	2302.000	2296.000	2299.600	           5424	    147.000	   2279.394	   2269.223	   2257.353	   2219.368	           	      1.000	      0.000	      0.000	      0.000	      0.000	      0.000	      0.000	      0.000	      0.000	
 07/11-13:13	2299.600	2307.000	2299.200	2304.200	           6754	    148.000	   2280.833	   2269.737	   2257.977	   2220.043	           	      1.000	      0.000	      0.000	      0.000	      0.000	      0.000	      0.000	      0.000	      0.000	
 07/11-13:14	2304.400	2307.400	2302.800	2305.600	           5438	    149.000	   2282.233	   2270.327	   2258.587	   2220.719	           	      1.000	      0.000	      0.000	      0.000	      0.000	      0.000	      0.000	      0.000	      0.000	
 07/11-13:15	2305.400	2307.600	2304.000	2304.600	           5714	    150.000	   2283.494	   2270.917	   2259.205	   2221.385	           	      1.000	      0.000	      0.000	      0.000	      0.000	      0.000	      0.000	      1.000	      0.000	
 07/11-13:16	2304.600	2304.600	2299.800	2300.600	           6452	    151.000	   2284.560	   2271.570	   2259.775	   2222.034	           	      1.000	      0.000	      0.000	      0.000	      0.000	      0.000	      0.000	      0.000	      0.000	
 07/11-13:17	2300.800	2309.400	2300.600	2304.400	           6455	    152.000	   2285.733	   2272.300	   2260.388	   2222.694	           	      1.000	      0.000	      0.000	      0.000	      0.000	      0.000	      0.000	      1.000	      0.000	
 07/11-13:18	2304.800	2305.800	2299.400	2301.800	           4483	    153.000	   2286.992	   2273.033	   2260.995	   2223.348	           	      1.000	      0.000	      0.000	      0.000	      0.000	      0.000	      0.000	      0.000	      0.000	
 07/11-13:19	2302.000	2305.400	2300.200	2300.200	           2861	    154.000	   2288.067	   2273.710	   2261.580	   2223.987	           	      1.000	      0.000	      0.000	      0.000	      0.000	      0.000	      0.000	      0.000	      0.000	
 07/11-13:20	2300.000	2305.000	2300.000	2304.000	           2893	    155.000	   2289.321	   2274.488	   2262.204	   2224.633	           	      1.000	      0.000	      0.000	      0.000	      0.000	      0.000	      0.000	      0.000	      0.000	
 07/11-13:21	2304.000	2307.800	2302.600	2302.800	           3996	    156.000	   2290.525	   2275.233	   2262.821	   2225.264	           	      1.000	      0.000	      0.000	      0.000	      0.000	      0.000	      0.000	      0.000	      0.000	
 07/11-13:22	2303.400	2306.200	2303.000	2304.000	           2198	    157.000	   2291.646	   2275.973	   2263.452	   2225.892	           	      1.000	      0.000	      0.000	      0.000	      0.000	      0.000	      0.000	      0.000	      0.000	
 07/11-13:23	2304.000	2306.800	2303.200	2304.800	           2954	    158.000	   2292.685	   2276.740	   2264.072	   2226.526	           	      1.000	      0.000	      0.000	      0.000	      0.000	      0.000	      0.000	      0.000	      0.000	
 07/11-13:24	2304.000	2306.200	2302.400	2304.600	           3312	    159.000	   2293.733	   2277.600	   2264.688	   2227.157	           	      1.000	      0.000	      0.000	      0.000	      0.000	      0.000	      0.000	      0.000	      0.000	
 07/11-13:25	2304.800	2304.800	2299.600	2301.000	           4648	    160.000	   2294.473	   2278.394	   2265.273	   2227.740	           	      1.000	      0.000	      0.000	      0.000	      0.000	      0.000	      0.000	      0.000	      0.000	
 07/11-13:26	2301.200	2305.000	2301.200	2304.400	           2966	    161.000	   2295.394	   2279.276	   2265.836	   2228.342	           	      1.000	      0.000	      0.000	      0.000	      0.000	      0.000	      0.000	      0.000	      0.000	
 07/11-13:27	2304.000	2306.800	2303.000	2305.600	           3485	    162.000	   2296.321	   2280.164	   2266.455	   2228.913	           	      1.000	      0.000	      0.000	      0.000	      0.000	      0.000	      0.000	      0.000	      0.000	
 07/11-13:28	2305.400	2307.200	2304.000	2307.200	           2887	    163.000	   2297.140	   2281.070	   2267.090	   2229.496	           	      1.000	      0.000	      0.000	      0.000	      0.000	      0.000	      0.000	      0.000	      0.000	
 07/11-13:29	2307.000	2307.400	2304.400	2304.800	           2416	    164.000	   2297.973	   2281.903	   2267.712	   2230.076	           	      1.000	      0.000	      0.000	      0.000	      0.000	      0.000	      0.000	      0.000	      0.000	
 07/11-13:30	2304.800	2312.600	2304.800	2307.400	           7210	    165.000	   2298.746	   2282.767	   2268.345	   2230.662	           	      1.000	      0.000	      0.000	      0.000	      0.000	      0.000	      0.000	      0.000	      0.000	
 07/11-13:31	2307.800	2313.400	2307.800	2312.000	           5105	    166.000	   2299.594	   2283.667	   2269.008	   2231.267	           	      1.000	      0.000	      0.000	      0.000	      0.000	      0.000	      0.000	      0.000	      0.000	
 07/11-13:32	2311.600	2315.600	2311.200	2314.200	           6022	    167.000	   2300.467	   2284.426	   2269.667	   2231.875	           	      1.000	      0.000	      0.000	      0.000	      0.000	      0.000	      0.000	      0.000	      0.000	
 07/11-13:33	2314.200	2316.400	2313.400	2314.600	           4230	    168.000	   2301.413	   2285.336	   2270.327	   2232.486	           	      1.000	      0.000	      0.000	      0.000	      0.000	      0.000	      0.000	      0.000	      0.000	
 07/11-13:34	2315.000	2327.000	2314.800	2322.600	          10411	    169.000	   2302.615	   2286.467	   2270.969	   2233.079	           	      1.000	      0.000	      0.000	      0.000	      0.000	      0.000	      0.000	      1.000	      0.000	
 07/11-13:35	2322.200	2322.200	2315.000	2316.600	           6862	    170.000	   2303.594	   2287.520	   2271.545	   2233.633	           	      1.000	      0.000	      0.000	      0.000	      0.000	      0.000	      0.000	      0.000	      0.000	
 07/11-13:36	2316.400	2316.800	2312.800	2314.000	           5905	    171.000	   2304.413	   2288.506	   2272.062	   2234.154	           	      1.000	      0.000	      0.000	      0.000	      0.000	      0.000	      0.000	      0.000	      0.000	
 07/11-13:37	2314.400	2317.400	2313.600	2315.800	           3066	    172.000	   2305.360	   2289.470	   2272.593	   2234.691	           	      1.000	      0.000	      0.000	      0.000	      0.000	      0.000	      0.000	      0.000	      0.000	
 07/11-13:38	2315.800	2321.800	2315.600	2316.800	           4218	    173.000	   2306.240	   2290.427	   2273.115	   2235.249	           	      1.000	      0.000	      0.000	      0.000	      0.000	      0.000	      0.000	      0.000	      0.000	
 07/11-13:39	2316.800	2317.400	2313.400	2314.600	           3482	    174.000	   2306.946	   2291.370	   2273.650	   2235.797	           	      1.000	      0.000	      0.000	      0.000	      0.000	      0.000	      0.000	      0.000	      0.000	
 07/11-13:40	2314.800	2316.600	2313.000	2316.000	           2954	    175.000	   2307.558	   2292.267	   2274.195	   2236.339	           	      1.000	      0.000	      0.000	      0.000	      0.000	      0.000	      0.000	      0.000	      0.000	
 07/11-13:41	2315.800	2317.000	2314.200	2315.200	           2534	    176.000	   2308.133	   2293.150	   2274.745	   2236.902	           	      1.000	      0.000	      0.000	      0.000	      0.000	      0.000	      0.000	      0.000	      0.000	
 07/11-13:42	2315.400	2317.400	2314.800	2316.200	           1777	    177.000	   2308.688	   2294.041	   2275.302	   2237.467	           	      1.000	      0.000	      0.000	      0.000	      0.000	      0.000	      0.000	      0.000	      0.000	
 07/11-13:43	2316.200	2319.200	2316.000	2316.000	           2983	    178.000	   2309.081	   2294.957	   2275.850	   2238.034	           	      1.000	      0.000	      0.000	      0.000	      0.000	      0.000	      0.000	      0.000	      0.000	
 07/11-13:44	2316.000	2319.800	2315.800	2319.800	           2398	    179.000	   2309.554	   2295.894	   2276.347	   2238.603	           	      1.000	      0.000	      0.000	      0.000	      0.000	      0.000	      0.000	      0.000	      0.000	
 07/11-13:45	2320.000	2322.600	2320.000	2320.400	           5533	    180.000	   2310.079	   2296.786	   2276.792	   2239.179	           	      1.000	      0.000	      0.000	      0.000	      0.000	      0.000	      0.000	      0.000	      0.000	
 07/11-13:46	2319.800	2320.600	2317.800	2318.800	           2547	    181.000	   2310.688	   2297.624	   2277.282	   2239.742	           	      1.000	      0.000	      0.000	      0.000	      0.000	      0.000	      0.000	      0.000	      0.000	
 07/11-13:47	2319.400	2319.400	2317.800	2318.800	           2129	    182.000	   2311.167	   2298.450	   2277.770	   2240.335	           	      1.000	      0.000	      0.000	      0.000	      0.000	      0.000	      0.000	      0.000	      0.000	
 07/11-13:48	2318.600	2319.200	2316.400	2318.400	           2261	    183.000	   2311.721	   2299.356	   2278.260	   2240.921	           	      1.000	      0.000	      0.000	      0.000	      0.000	      0.000	      0.000	      0.000	      0.000	
 07/11-13:49	2318.400	2325.000	2317.400	2323.200	           6200	    184.000	   2312.485	   2300.276	   2278.847	   2241.526	           	      1.000	      0.000	      0.000	      0.000	      0.000	      0.000	      0.000	      0.000	      0.000	
 07/11-13:50	2323.000	2328.800	2321.600	2325.800	           5650	    185.000	   2313.212	   2301.267	   2279.452	   2242.144	           	      1.000	      0.000	      0.000	      0.000	      0.000	      0.000	      0.000	      0.000	      0.000	
 07/11-13:51	2325.800	2332.200	2325.800	2329.800	           7497	    186.000	   2314.115	   2302.320	   2280.082	   2242.772	           	      1.000	      0.000	      0.000	      0.000	      0.000	      0.000	      0.000	      0.000	      0.000	
 07/11-13:52	2329.600	2333.000	2328.800	2328.800	           4083	    187.000	   2314.942	   2303.294	   2280.767	   2243.406	           	      1.000	      0.000	      0.000	      0.000	      0.000	      0.000	      0.000	      1.000	      0.000	
 07/11-13:53	2328.800	2332.000	2328.600	2331.000	           2966	    188.000	   2315.815	   2304.250	   2281.455	   2244.046	           	      1.000	      0.000	      0.000	      0.000	      0.000	      0.000	      0.000	      0.000	      0.000	
 07/11-13:54	2331.200	2334.400	2330.400	2334.200	           3803	    189.000	   2316.800	   2305.267	   2282.162	   2244.689	           	      1.000	      0.000	      0.000	      0.000	      0.000	      0.000	      0.000	      0.000	      0.000	
 07/11-13:55	2334.600	2343.800	2333.800	2340.000	           8779	    190.000	   2318.100	   2306.286	   2282.930	   2245.343	           	      1.000	      0.000	      0.000	      0.000	      0.000	      0.000	      0.000	      0.000	      0.000	
 07/11-13:56	2340.600	2348.000	2338.600	2348.000	           7488	    191.000	   2319.554	   2307.474	   2283.742	   2246.038	           	      1.000	      0.000	      0.000	      0.000	      0.000	      0.000	      0.000	      0.000	      0.000	
 07/11-13:57	2348.600	2359.400	2346.200	2357.000	          10708	    192.000	   2321.267	   2308.794	   2284.624	   2246.757	           	      1.000	      0.000	      0.000	      0.000	      0.000	      0.000	      0.000	      1.000	      0.000	
 07/11-13:58	2357.600	2357.600	2348.200	2348.600	           7927	    193.000	   2322.646	   2309.893	   2285.450	   2247.427	           	      1.000	      0.000	      0.000	      0.000	      1.000	      0.000	      0.000	      0.000	      0.000	
 07/11-13:59	2349.000	2349.000	2345.200	2346.800	           5019	    194.000	   2324.046	   2311.009	   2286.243	   2248.094	           	      1.000	      0.000	      0.000	      0.000	      0.000	      0.000	      0.000	      0.000	      0.000	
 07/11-14:00	2347.200	2350.600	2346.800	2348.000	           3397	    195.000	   2325.400	   2312.073	   2287.085	   2248.769	           	      1.000	      0.000	      0.000	      0.000	      0.000	      0.000	      0.000	      0.000	      0.000	
 07/11-14:01	2348.000	2348.600	2341.400	2343.000	           6200	    196.000	   2326.433	   2313.013	   2287.843	   2249.417	           	      1.000	      0.000	      0.000	      0.000	      0.000	      0.000	      0.000	      0.000	      0.000	
 07/11-14:02	2342.200	2343.800	2339.600	2343.600	           4532	    197.000	   2327.415	   2313.941	   2288.582	   2250.064	           	      1.000	      0.000	      0.000	      0.000	      0.000	      0.000	      0.000	      0.000	      0.000	
 07/11-14:03	2343.600	2343.800	2340.800	2343.800	           2915	    198.000	   2328.387	   2314.900	   2289.322	   2250.722	           	      1.000	      0.000	      0.000	      0.000	      0.000	      0.000	      0.000	      0.000	      0.000	
 07/11-14:04	2343.600	2346.400	2343.000	2344.800	           3079	    199.000	   2329.125	   2315.870	   2290.071	   2251.377	           	      1.000	      0.000	      0.000	      0.000	      0.000	      0.000	      0.000	      0.000	      0.000	
 07/11-14:05	2345.000	2345.200	2341.800	2342.200	           2099	    200.000	   2329.981	   2316.788	   2290.800	   2252.013	           	      1.000	      0.000	      0.000	      0.000	      0.000	      0.000	      0.000	      0.000	      0.000	
 07/11-14:06	2342.800	2347.800	2342.800	2344.800	           4230	    201.000	   2331.006	   2317.709	   2291.550	   2252.672	           	      1.000	      0.000	      0.000	      0.000	      0.000	      0.000	      0.000	      0.000	      0.000	
 07/11-14:07	2344.800	2348.600	2344.000	2348.600	           3043	    202.000	   2332.100	   2318.730	   2292.333	   2253.337	           	      1.000	      0.000	      0.000	      0.000	      0.000	      0.000	      0.000	      0.000	      0.000	
 07/11-14:08	2348.400	2351.600	2346.400	2347.200	           5005	    203.000	   2333.113	   2319.676	   2293.112	   2253.990	           	      1.000	      0.000	      0.000	      0.000	      0.000	      0.000	      0.000	      0.000	      0.000	
 07/11-14:09	2347.600	2347.800	2344.200	2344.400	           2996	    204.000	   2334.108	   2320.527	   2293.877	   2254.631	           	      1.000	      0.000	      0.000	      0.000	      0.000	      0.000	      0.000	      0.000	      0.000	
 07/11-14:10	2344.800	2344.800	2329.400	2329.800	          11602	    205.000	   2334.567	   2321.063	   2294.491	   2255.215	           	      1.000	      0.000	      0.000	      0.000	      0.000	      0.000	      0.000	      0.000	      0.000	
 07/11-14:11	2330.400	2338.000	2330.400	2337.600	           7303	    206.000	   2335.313	   2321.723	   2295.163	   2255.831	           	      1.000	      0.000	      0.000	      0.000	      0.000	      0.000	      0.000	      0.000	      0.000	
 07/11-14:12	2337.200	2340.800	2336.600	2337.200	           4335	    207.000	   2336.012	   2322.350	   2295.786	   2256.470	           	      1.000	      0.000	      0.000	      0.000	      0.000	      0.000	      0.000	      0.000	      0.000	
 07/11-14:13	2337.000	2338.400	2333.200	2333.600	           3467	    208.000	   2336.600	   2322.841	   2296.289	   2257.091	           	      1.000	      0.000	      0.000	      0.000	      0.000	      0.000	      0.000	      0.000	      0.000	
 07/11-14:14	2333.600	2337.800	2333.600	2336.400	           3026	    209.000	   2337.152	   2323.353	   2296.840	   2257.715	           	      1.000	      0.000	      0.000	      0.000	      0.000	      0.000	      0.000	      0.000	      0.000	
 07/11-14:15	2336.000	2341.200	2335.600	2338.200	           4780	    210.000	   2337.746	   2323.913	   2297.415	   2258.349	           	      1.000	      0.000	      0.000	      0.000	      0.000	      0.000	      0.000	      0.000	      0.000	
 07/11-14:16	2338.000	2338.000	2334.400	2334.400	           2991	    211.000	   2338.267	   2324.477	   2298.023	   2258.965	           	      1.000	      0.000	      0.000	      0.000	      0.000	      0.000	      0.000	      0.000	      0.000	
 07/11-14:17	2334.200	2334.800	2327.200	2330.800	           7388	    212.000	   2338.667	   2324.917	   2298.608	   2259.573	           	      1.000	      0.000	      0.000	      0.000	      0.000	      0.000	      0.000	      0.000	      0.000	
 07/11-14:18	2330.600	2330.800	2322.600	2323.200	           8711	    213.000	   2338.827	   2325.274	   2299.154	   2260.153	           	      1.000	      0.000	      0.000	      0.000	      0.000	      0.000	      0.000	      0.000	      0.000	
 07/11-14:19	2323.800	2328.200	2323.400	2327.600	           4231	    214.000	   2338.973	   2325.729	   2299.720	   2260.748	           	      1.000	      0.000	      0.000	      0.000	      0.000	      0.000	      0.000	      0.000	      0.000	
 07/11-14:20	2327.800	2328.600	2316.200	2318.400	          10409	    215.000	   2338.727	   2325.970	   2300.229	   2261.320	           	      1.000	      0.000	      0.000	      0.000	      0.000	      0.000	      0.000	      0.000	      0.000	
 07/11-14:21	2318.400	2319.800	2307.400	2310.600	          12972	    216.000	   2338.085	   2326.100	   2300.667	   2261.866	           	      1.000	      0.000	      0.000	      0.000	      0.000	      0.000	      0.000	      0.000	      0.000	
 07/11-14:22	2311.000	2317.400	2311.000	2315.000	           5946	    217.000	   2337.625	   2326.283	   2301.128	   2262.438	           	      1.000	      0.000	      0.000	      0.000	      0.000	      0.000	      0.000	      0.000	      0.000	
 07/11-14:23	2315.600	2319.200	2315.400	2318.000	           4665	    218.000	   2337.192	   2326.503	   2301.621	   2263.014	           	      1.000	      0.000	      0.000	      0.000	      0.000	      0.000	      0.000	      0.000	      0.000	
 07/11-14:24	2318.000	2322.800	2317.800	2319.200	           6326	    219.000	   2336.694	   2326.747	   2302.173	   2263.594	           	      1.000	      0.000	      0.000	      0.000	      0.000	      0.000	      0.000	      0.000	      0.000	
 07/11-14:25	2319.600	2321.600	2317.000	2321.000	           3210	    220.000	   2336.060	   2327.080	   2302.737	   2264.172	           	      1.000	      0.000	      0.000	      0.000	      0.000	      0.000	      0.000	      0.000	      0.000	
 07/11-14:26	2321.000	2321.000	2318.000	2319.200	           1929	    221.000	   2335.100	   2327.327	   2303.302	   2264.740	           	      1.000	      0.000	      0.000	      0.000	      0.000	      0.000	      0.000	      0.000	      0.000	
 07/11-14:27	2319.200	2322.800	2318.400	2322.600	           2879	    222.000	   2333.952	   2327.609	   2303.886	   2265.304	           	      1.000	      0.000	      0.000	      0.000	      0.000	      0.000	      0.000	      0.000	      0.000	
 07/11-14:28	2323.200	2327.400	2322.800	2325.600	           5677	    223.000	   2333.188	   2327.917	   2304.493	   2265.874	           	      1.000	      0.000	      0.000	      0.000	      0.000	      0.000	      0.000	      0.000	      0.000	
 07/11-14:29	2325.400	2325.400	2321.800	2322.200	           2742	    224.000	   2332.367	   2328.206	   2305.055	   2266.428	           	      1.000	      0.000	      0.000	      0.000	      0.000	      0.000	      0.000	      0.000	      0.000	
 07/11-14:30	2322.200	2322.600	2319.000	2319.400	           3590	    225.000	   2331.415	   2328.407	   2305.587	   2266.970	           	      1.000	      0.000	      0.000	      0.000	      0.000	      0.000	      0.000	      0.000	      0.000	
 07/11-14:31	2319.000	2320.400	2315.200	2317.600	           4657	    226.000	   2330.567	   2328.500	   2306.083	   2267.508	           	      1.000	      0.000	      0.000	      0.000	      0.000	      0.000	      0.000	      0.000	      0.000	
 07/11-14:32	2318.000	2320.400	2317.600	2318.400	           2405	    227.000	   2329.727	   2328.571	   2306.499	   2268.050	           	      1.000	      0.000	      0.000	      0.000	      0.000	      0.000	      0.000	      0.000	      0.000	
 07/11-14:33	2318.400	2320.800	2318.200	2320.000	           1810	    228.000	   2328.933	   2328.660	   2306.999	   2268.585	           	      1.000	      0.000	      0.000	      0.000	      0.000	      0.000	      0.000	      0.000	      0.000	
 07/11-14:34	2320.000	2323.400	2319.600	2319.800	           3413	    229.000	   2328.100	   2328.613	   2307.540	   2269.120	           	      1.000	      0.000	      0.000	      0.000	      0.000	      0.000	      0.000	      0.000	      0.000	
 07/11-14:35	2319.600	2320.200	2311.200	2313.000	           6703	    230.000	   2327.125	   2328.553	   2308.036	   2269.637	           	      1.000	      0.000	      0.000	      0.000	      0.000	      0.000	      0.000	      0.000	      0.000	
 07/11-14:36	2313.600	2317.800	2313.600	2316.600	           4272	    231.000	   2326.188	   2328.597	   2308.552	   2270.164	           	      1.000	      0.000	      0.000	      0.000	      0.000	      0.000	      0.000	      0.000	      0.000	
 07/11-14:37	2317.200	2320.000	2313.400	2313.400	           3779	    232.000	   2325.012	   2328.556	   2309.013	   2270.680	           	      1.000	      0.000	      0.000	      0.000	      0.000	      0.000	      0.000	      0.000	      0.000	
 07/11-14:38	2314.000	2316.800	2314.000	2316.800	           2514	    233.000	   2324.000	   2328.556	   2309.492	   2271.203	           	      1.000	      0.000	      0.000	      0.000	      0.000	      0.000	      0.000	      0.000	      0.000	
 07/11-14:39	2316.800	2318.000	2314.200	2314.200	           2845	    234.000	   2322.992	   2328.550	   2309.960	   2271.709	           	      1.000	      0.000	      0.000	      0.000	      0.000	      0.000	      0.000	      0.000	      0.000	
 07/11-14:40	2314.200	2317.200	2312.600	2316.000	           3283	    235.000	   2322.533	   2328.550	   2310.408	   2272.226	           	      1.000	      0.000	      0.000	      0.000	      0.000	      0.000	      0.000	      0.000	      0.000	
 07/11-14:41	2316.000	2320.000	2316.000	2318.400	           3363	    236.000	   2321.894	   2328.603	   2310.876	   2272.758	           	      1.000	      0.000	      0.000	      0.000	      0.000	      0.000	      0.000	      0.000	      0.000	
 07/11-14:42	2318.600	2321.600	2318.400	2320.600	           3114	    237.000	   2321.340	   2328.676	   2311.358	   2273.282	           	      1.000	      0.000	      0.000	      0.000	      0.000	      0.000	      0.000	      0.000	      0.000	
 07/11-14:43	2320.400	2321.600	2318.600	2319.400	           2197	    238.000	   2320.867	   2328.733	   2311.845	   2273.782	           	      1.000	      0.000	      0.000	      0.000	      0.000	      0.000	      0.000	      0.000	      0.000	
 07/11-14:44	2319.200	2319.400	2314.200	2316.800	           3520	    239.000	   2320.215	   2328.683	   2312.289	   2274.271	           	      1.000	      0.000	      0.000	      0.000	      0.000	      0.000	      0.000	      0.000	      0.000	
 07/11-14:45	2316.800	2317.200	2313.600	2314.200	           3257	    240.000	   2319.415	   2328.580	   2312.683	   2274.759	           	      1.000	      0.000	      0.000	      0.000	      0.000	      0.000	      0.000	      0.000	      0.000	
 07/11-14:46	2314.200	2314.600	2311.200	2312.800	           4251	    241.000	   2318.694	   2328.480	   2313.052	   2275.237	           	      1.000	      0.000	      0.000	      0.000	      0.000	      0.000	      0.000	      0.000	      0.000	
 07/11-14:47	2312.800	2312.800	2306.200	2310.600	           7305	    242.000	   2318.019	   2328.343	   2313.396	   2275.705	           	      1.000	      0.000	      0.000	      0.000	      0.000	      0.000	      0.000	      0.000	      0.000	
 07/11-14:48	2311.200	2313.000	2310.600	2312.000	           3215	    243.000	   2317.646	   2328.237	   2313.796	   2276.175	           	      1.000	      0.000	      0.000	      0.000	      0.000	      0.000	      0.000	      0.000	      0.000	
 07/11-14:49	2312.000	2313.000	2308.000	2310.600	           2782	    244.000	   2317.081	   2328.027	   2314.152	   2276.645	           	      1.000	      0.000	      0.000	      0.000	      0.000	      0.000	      0.000	      0.000	      0.000	
 07/11-14:50	2310.800	2313.600	2310.000	2310.400	           3021	    245.000	   2316.813	   2327.770	   2314.518	   2277.112	           	      1.000	      0.000	      0.000	      0.000	      0.000	      0.000	      0.000	      0.000	      0.000	
 07/11-14:51	2310.600	2313.600	2310.400	2313.000	           1843	    246.000	   2316.894	   2327.490	   2314.905	   2277.574	           	      1.000	      0.000	      0.000	      0.000	      0.000	      0.000	      0.000	      0.000	      0.000	
 07/11-14:52	2312.800	2314.200	2312.200	2312.400	           2105	    247.000	   2316.808	   2327.217	   2315.255	   2278.028	           	      1.000	      0.000	      0.000	      0.000	      0.000	      0.000	      0.000	      0.000	      0.000	
 07/11-14:53	2312.800	2313.600	2310.800	2313.000	           2047	    248.000	   2316.642	   2326.917	   2315.583	   2278.481	           	      1.000	      0.000	      0.000	      0.000	      0.000	      0.000	      0.000	      0.000	      0.000	
 07/11-14:54	2313.000	2315.600	2312.600	2315.000	           2479	    249.000	   2316.500	   2326.597	   2315.932	   2278.940	           	      1.000	      0.000	      0.000	      0.000	      0.000	      0.000	      0.000	      0.000	      0.000	
 07/11-14:55	2315.000	2317.600	2314.400	2316.000	           3809	    250.000	   2316.333	   2326.197	   2316.242	   2279.388	           	      1.000	      0.000	      0.000	      0.000	      0.000	      0.000	      0.000	      0.000	      0.000	
 07/11-14:56	2316.000	2316.800	2315.000	2316.800	           1904	    251.000	   2316.252	   2325.676	   2316.575	   2279.783	           	      1.000	      0.000	      0.000	      0.000	      0.000	      0.000	      0.000	      0.000	      0.000	
 07/11-14:57	2316.800	2316.800	2315.400	2316.000	           1567	    252.000	   2316.033	   2324.993	   2316.893	   2280.186	           	      1.000	      0.000	      0.000	      0.000	      0.000	      0.000	      0.000	      0.000	      0.000	
 07/11-14:58	2316.000	2318.800	2316.000	2317.600	           2870	    253.000	   2315.767	   2324.477	   2317.185	   2280.589	           	      1.000	      0.000	      0.000	      0.000	      0.000	      0.000	      0.000	      0.000	      0.000	
 07/11-14:59	2317.800	2317.800	2315.000	2315.000	           2271	    254.000	   2315.527	   2323.947	   2317.478	   2280.973	           	      1.000	      0.000	      0.000	      0.000	      0.000	      0.000	      0.000	      0.000	      0.000	
 07/11-15:00	2315.000	2315.400	2312.200	2313.200	           3061	    255.000	   2315.319	   2323.367	   2317.720	   2281.359	           	      1.000	      0.000	      0.000	      0.000	      0.000	      0.000	      0.000	      0.000	      0.000	
 07/11-15:01	2313.000	2314.400	2312.200	2312.800	           2179	    256.000	   2315.160	   2322.864	   2317.938	   2281.746	           	      1.000	      0.000	      0.000	      0.000	      0.000	      0.000	      0.000	      0.000	      0.000	
 07/11-15:02	2313.000	2313.200	2310.600	2312.400	           2767	    257.000	   2314.958	   2322.343	   2318.142	   2282.132	           	      1.000	      0.000	      0.000	      0.000	      0.000	      0.000	      0.000	      0.000	      0.000	
 07/11-15:03	2312.600	2314.400	2311.600	2312.400	           2018	    258.000	   2314.706	   2321.820	   2318.360	   2282.519	           	      1.000	      0.000	      0.000	      0.000	      0.000	      0.000	      0.000	      0.000	      0.000	
 07/11-15:04	2312.600	2313.400	2311.600	2312.000	           1546	    259.000	   2314.448	   2321.274	   2318.572	   2282.903	           	      1.000	      0.000	      0.000	      0.000	      0.000	      0.000	      0.000	      0.000	      0.000	
 07/11-15:05	2312.000	2313.200	2309.000	2309.800	           3758	    260.000	   2314.342	   2320.733	   2318.760	   2283.267	           	      1.000	      0.000	      0.000	      0.000	      0.000	      0.000	      0.000	      0.000	      0.000	
 07/11-15:06	2310.000	2310.800	2306.400	2307.200	           4540	    261.000	   2314.027	   2320.107	   2318.908	   2283.635	           	      1.000	      0.000	      0.000	      0.000	      0.000	      0.000	      0.000	      0.000	      0.000	
 07/11-15:07	2307.200	2309.400	2306.600	2308.800	           2545	    262.000	   2313.875	   2319.444	   2319.087	   2283.997	           	      1.000	      0.000	      0.000	      0.000	      0.000	      0.000	      0.000	      0.000	      0.000	
 07/11-15:08	2308.800	2312.200	2308.800	2312.000	           3231	    263.000	   2313.715	   2318.857	   2319.267	   2284.375	           	      1.000	      0.000	      0.000	      0.000	      0.000	      0.000	      0.000	      0.000	      0.000	
 07/11-15:09	2312.000	2313.600	2311.600	2311.600	           2213	    264.000	   2313.627	   2318.309	   2319.418	   2284.744	           	      1.000	      0.000	      0.000	      0.000	      0.000	      0.000	      0.000	      0.000	      0.000	
 07/11-15:10	2311.600	2314.000	2311.600	2313.600	           2116	    265.000	   2313.548	   2318.041	   2319.552	   2285.133	           	      1.000	      0.000	      0.000	      0.000	      0.000	      0.000	      0.000	      0.000	      0.000	
 07/11-15:11	2314.000	2314.000	2311.800	2312.800	           1388	    266.000	   2313.360	   2317.627	   2319.675	   2285.509	           	      1.000	      0.000	      0.000	      0.000	      0.000	      0.000	      0.000	      0.000	      0.000	
 07/11-15:12	2312.800	2317.000	2312.600	2315.600	           3291	    267.000	   2313.194	   2317.267	   2319.808	   2285.891	           	      1.000	      0.000	      0.000	      0.000	      0.000	      0.000	      0.000	      0.000	      0.000	
 07/11-15:13	2315.600	2319.600	2315.400	2318.800	           3408	    268.000	   2313.173	   2317.020	   2319.930	   2286.296	           	      1.000	      0.000	      0.000	      0.000	      0.000	      0.000	      0.000	      0.000	      0.000	
 07/11-15:14	2318.800	2321.000	2318.600	2319.200	           3308	    269.000	   2313.252	   2316.733	   2320.043	   2286.708	           	      1.000	      0.000	      0.000	      0.000	      0.000	      0.000	      0.000	      0.000	      0.000	
 07/11-15:15	2319.000	2321.200	2319.000	2321.000	           3466	    270.000	   2313.479	   2316.447	   2320.180	   2287.137	           	      1.000	      0.000	      0.000	      0.000	      0.000	      0.000	      0.000	      0.000	      0.000	