 08/27-09:16	2340.000	2340.800	2337.200	2337.600	           5590	      1.000	   2338.967	   2337.447	   2332.448	           	     -0.061	      0.106	     -0.029	      0.000	
 08/27-09:17	2337.800	2338.800	2337.000	2338.000	           1600	      2.000	   2338.980	   2337.530	   2332.433	           	      0.014	      0.083	     -0.030	      0.000	
 08/27-09:18	2337.800	2338.800	2337.800	2338.000	            845	      3.000	   2338.927	   2337.600	   2332.440	           	     -0.053	      0.070	     -0.008	      0.000	
 08/27-09:19	2338.400	2338.400	2336.000	2337.600	           2058	      4.000	   2338.873	   2337.673	   2332.458	           	     -0.054	      0.073	      0.025	      0.000	
 08/27-09:20	2337.600	2338.400	2337.200	2337.600	            941	      5.000	   2338.806	   2337.753	   2332.491	           	     -0.067	      0.080	      0.052	      0.000	
 08/27-09:21	2337.600	2338.000	2336.600	2337.200	           1263	      6.000	   2338.780	   2337.820	   2332.508	           	     -0.026	      0.067	      0.050	      0.000	
 08/27-09:22	2337.000	2337.400	2336.400	2337.000	            837	      7.000	   2338.727	   2337.880	   2332.543	           	     -0.053	      0.060	      0.052	      0.000	
 08/27-09:23	2337.000	2337.200	2336.000	2336.400	            950	      8.000	   2338.621	   2337.917	   2332.590	           	     -0.106	      0.037	      0.082	      0.000	
 08/27-09:24	2336.200	2336.600	2335.200	2336.400	           1617	      9.000	   2338.553	   2337.943	   2332.650	           	     -0.068	      0.026	      0.106	      0.000	
 08/27-09:25	2336.200	2336.600	2335.000	2335.600	           1296	     10.000	   2338.460	   2337.947	   2332.753	           	     -0.093	      0.004	      0.163	      0.000	
 08/27-09:26	2335.400	2336.000	2334.600	2334.600	            974	     11.000	   2338.341	   2337.883	   2332.837	           	     -0.120	     -0.063	      0.187	      0.000	
 08/27-09:27	2334.800	2336.600	2334.600	2336.000	           1493	     12.000	   2338.260	   2337.857	   2332.943	           	     -0.080	     -0.027	      0.190	      0.000	
 08/27-09:28	2336.000	2336.400	2334.200	2335.400	           1340	     13.000	   2338.160	   2337.813	   2333.023	           	     -0.100	     -0.043	      0.187	      0.000	
 08/27-09:29	2335.000	2335.400	2334.400	2335.200	            887	     14.000	   2338.027	   2337.770	   2333.110	           	     -0.133	     -0.043	      0.167	      0.000	
 08/27-09:30	2335.200	2336.400	2335.000	2336.200	           1013	     15.000	   2337.893	   2337.703	   2333.207	           	     -0.134	     -0.067	      0.183	      0.000	
 08/27-09:31	2336.200	2336.800	2335.000	2335.200	           1652	     16.000	   2337.714	   2337.640	   2333.307	           	     -0.179	     -0.063	      0.197	      0.000	
 08/27-09:32	2334.800	2339.200	2334.200	2338.600	           3506	     17.000	   2337.647	   2337.663	   2333.423	           	     -0.067	      0.023	      0.217	      0.000	
 08/27-09:33	2338.600	2339.200	2337.400	2337.400	           2588	     18.000	   2337.600	   2337.687	   2333.520	           	     -0.047	      0.023	      0.213	      0.000	
 08/27-09:34	2337.400	2339.200	2337.000	2339.000	           1984	     19.000	   2337.633	   2337.777	   2333.628	           	      0.033	      0.090	      0.205	      0.000	
 08/27-09:35	2339.000	2339.600	2338.200	2339.000	           2121	     20.000	   2337.694	   2337.890	   2333.728	           	      0.061	      0.113	      0.208	      0.000	
 08/27-09:36	2339.000	2339.600	2338.400	2339.000	           1825	     21.000	   2337.700	   2337.983	   2333.815	           	      0.006	      0.093	      0.187	      0.000	
 08/27-09:37	2339.000	2339.000	2335.000	2335.400	           4300	     22.000	   2337.600	   2337.993	   2333.882	           	     -0.100	      0.010	      0.154	      0.000	
 08/27-09:38	2335.600	2338.200	2335.200	2338.200	           1841	     23.000	   2337.547	   2338.073	   2333.997	           	     -0.053	      0.080	      0.182	      0.000	
 08/27-09:39	2338.400	2340.800	2338.200	2338.400	           3945	     24.000	   2337.460	   2338.150	   2334.112	           	     -0.086	      0.076	      0.230	      0.000	
 08/27-09:40	2338.400	2338.400	2336.200	2337.400	           1895	     25.000	   2337.400	   2338.147	   2334.229	           	     -0.061	     -0.003	      0.232	      0.000	
 08/27-09:41	2337.800	2338.000	2335.200	2336.000	           1997	     26.000	   2337.313	   2338.063	   2334.362	           	     -0.086	     -0.083	      0.250	      0.000	
 08/27-09:42	2336.200	2336.800	2335.000	2336.000	           1861	     27.000	   2337.214	   2337.997	   2334.489	           	     -0.100	     -0.067	      0.260	      0.000	
 08/27-09:43	2336.000	2337.000	2335.000	2335.200	           1550	     28.000	   2337.080	   2337.923	   2334.583	           	     -0.133	     -0.073	      0.221	      0.000	
 08/27-09:44	2335.200	2335.600	2332.200	2333.800	           4583	     29.000	   2336.914	   2337.904	   2334.663	           	     -0.167	     -0.020	      0.175	      0.000	
 08/27-09:45	2333.800	2334.200	2331.000	2331.000	           3488	     30.000	   2336.614	   2337.820	   2334.719	           	     -0.300	     -0.083	      0.135	      0.000	
 08/27-09:46	2331.000	2332.600	2330.200	2331.600	           3543	     31.000	   2336.414	   2337.690	   2334.777	           	     -0.200	     -0.130	      0.113	      0.000	
 08/27-09:47	2331.800	2333.400	2331.800	2333.000	           2062	     32.000	   2336.247	   2337.614	   2334.832	           	     -0.167	     -0.077	      0.113	      0.000	
 08/27-09:48	2333.000	2333.600	2332.000	2333.400	           1976	     33.000	   2336.094	   2337.510	   2334.905	           	     -0.153	     -0.103	      0.128	      0.000	
 08/27-09:49	2333.400	2334.800	2333.000	2334.600	           2143	     34.000	   2335.994	   2337.433	   2334.980	           	     -0.100	     -0.077	      0.148	      0.000	
 08/27-09:50	2334.800	2336.200	2334.200	2336.200	           2208	     35.000	   2335.947	   2337.376	   2335.067	           	     -0.047	     -0.057	      0.162	      0.000	
 08/27-09:51	2336.400	2338.400	2336.400	2338.200	           4225	     36.000	   2335.980	   2337.380	   2335.162	           	      0.033	      0.004	      0.182	      0.000	
 08/27-09:52	2337.600	2338.400	2337.000	2338.400	           2389	     37.000	   2336.026	   2337.376	   2335.253	           	      0.046	     -0.004	      0.187	      0.000	
 08/27-09:53	2338.200	2339.600	2337.600	2339.400	           2948	     38.000	   2336.126	   2337.374	   2335.312	           	      0.100	     -0.003	      0.150	      0.000	
 08/27-09:54	2339.000	2341.000	2338.600	2339.800	           4544	     39.000	   2336.241	   2337.397	   2335.385	           	      0.115	      0.023	      0.132	      0.000	
 08/27-09:55	2339.800	2344.000	2338.600	2343.600	           6154	     40.000	   2336.506	   2337.483	   2335.492	           	      0.266	      0.086	      0.180	      0.000	
 08/27-09:56	2344.600	2344.800	2342.000	2342.600	           6285	     41.000	   2336.773	   2337.557	   2335.598	           	      0.267	      0.073	      0.213	      0.000	
 08/27-09:57	2342.800	2343.000	2340.000	2341.600	           4217	     42.000	   2336.959	   2337.610	   2335.715	           	      0.187	      0.053	      0.223	      0.000	
 08/27-09:58	2341.400	2343.200	2341.000	2342.000	           2477	     43.000	   2337.179	   2337.670	   2335.817	           	      0.220	      0.060	      0.218	      0.000	
 08/27-09:59	2342.200	2342.400	2340.000	2342.000	           3183	     44.000	   2337.406	   2337.717	   2335.912	           	      0.227	      0.047	      0.197	      0.000	
 08/27-10:00	2342.000	2342.800	2340.400	2340.800	           2408	     45.000	   2337.560	   2337.727	   2335.993	           	      0.154	      0.010	      0.177	      0.000	
 08/27-10:01	2341.200	2341.200	2339.400	2340.000	           2871	     46.000	   2337.720	   2337.717	   2336.075	           	      0.159	     -0.010	      0.163	      0.000	
 08/27-10:02	2340.000	2341.600	2339.600	2341.600	           1508	     47.000	   2337.820	   2337.733	   2336.195	           	      0.100	      0.017	      0.201	      0.000	
 08/27-10:03	2341.600	2343.200	2340.400	2342.000	           2736	     48.000	   2337.973	   2337.786	   2336.335	           	      0.153	      0.053	      0.260	      0.000	
 08/27-10:04	2341.800	2345.800	2340.200	2340.400	           6118	     49.000	   2338.020	   2337.827	   2336.465	           	      0.047	      0.040	      0.270	      0.000	
 08/27-10:05	2340.000	2340.600	2338.400	2339.000	           4388	     50.000	   2338.020	   2337.857	   2336.593	           	      0.000	      0.030	      0.258	      0.000	
 08/27-10:06	2338.800	2340.000	2338.200	2338.200	           2393	     51.000	   2337.993	   2337.846	   2336.703	           	     -0.027	     -0.010	      0.238	      0.000	
 08/27-10:07	2338.200	2339.800	2337.200	2339.400	           3399	     52.000	   2338.126	   2337.863	   2336.828	           	      0.133	      0.017	      0.235	      0.000	
 08/27-10:08	2339.400	2341.000	2339.200	2339.200	           1704	     53.000	   2338.160	   2337.854	   2336.952	           	      0.034	     -0.009	      0.249	      0.000	
 08/27-10:09	2339.000	2342.000	2339.000	2341.600	           2265	     54.000	   2338.267	   2337.864	   2337.102	           	      0.106	      0.010	      0.273	      0.000	
 08/27-10:10	2341.400	2344.400	2340.600	2343.000	           3748	     55.000	   2338.453	   2337.927	   2337.249	           	      0.187	      0.063	      0.297	      0.000	
 08/27-10:11	2343.000	2344.000	2341.600	2342.800	           2314	     56.000	   2338.679	   2337.996	   2337.372	           	      0.226	      0.070	      0.270	      0.000	
 08/27-10:12	2343.000	2344.600	2342.200	2343.200	           2448	     57.000	   2338.920	   2338.067	   2337.505	           	      0.240	      0.070	      0.257	      0.000	
 08/27-10:13	2343.400	2344.000	2342.000	2342.600	           1537	     58.000	   2339.167	   2338.124	   2337.595	           	      0.247	      0.057	      0.223	      0.000	
 08/27-10:14	2342.600	2344.000	2341.600	2343.000	           1794	     59.000	   2339.473	   2338.193	   2337.697	           	      0.306	      0.070	      0.191	      0.000	
 08/27-10:15	2343.400	2345.000	2343.000	2345.000	           2469	     60.000	   2339.940	   2338.277	   2337.808	           	      0.467	      0.083	      0.213	      0.000	
 08/27-10:16	2345.000	2346.600	2342.200	2342.400	           5940	     61.000	   2340.300	   2338.357	   2337.902	           	      0.360	      0.080	      0.205	      0.000	
 08/27-10:17	2342.600	2343.000	2340.600	2341.000	           4012	     62.000	   2340.567	   2338.407	   2337.968	           	      0.267	      0.050	      0.160	      0.000	
 08/27-10:18	2341.000	2342.000	2340.400	2341.400	           1930	     63.000	   2340.833	   2338.464	   2338.032	           	      0.267	      0.057	      0.130	      0.000	
 08/27-10:19	2341.400	2342.200	2341.000	2341.200	           1575	     64.000	   2341.053	   2338.523	   2338.098	           	      0.220	      0.060	      0.130	      0.000	
 08/27-10:20	2341.200	2342.200	2340.600	2341.200	           1710	     65.000	   2341.220	   2338.583	   2338.168	           	      0.167	      0.060	      0.136	      0.000	
 08/27-10:21	2341.600	2342.200	2341.000	2341.800	           1143	     66.000	   2341.340	   2338.660	   2338.240	           	      0.120	      0.077	      0.142	      0.000	
 08/27-10:22	2342.000	2343.000	2341.000	2342.000	           2290	     67.000	   2341.460	   2338.743	   2338.312	           	      0.121	      0.083	      0.144	      0.000	
 08/27-10:23	2342.200	2342.800	2340.000	2340.200	           2221	     68.000	   2341.487	   2338.806	   2338.362	           	      0.026	      0.063	      0.122	      0.000	
 08/27-10:24	2340.200	2342.000	2340.200	2340.800	           1798	     69.000	   2341.520	   2338.880	   2338.412	           	      0.033	      0.074	      0.100	      0.000	
 08/27-10:25	2341.000	2341.000	2338.000	2338.600	           3726	     70.000	   2341.353	   2338.930	   2338.438	           	     -0.167	      0.050	      0.077	      0.000	
 08/27-10:26	2338.800	2338.800	2336.400	2337.000	           4153	     71.000	   2341.167	   2338.970	   2338.427	           	     -0.186	      0.040	      0.015	      0.000	
 08/27-10:27	2337.200	2337.400	2334.200	2334.800	           4548	     72.000	   2340.941	   2338.950	   2338.403	           	     -0.226	     -0.020	     -0.035	      0.000	
 08/27-10:28	2335.200	2336.000	2334.600	2335.000	           2826	     73.000	   2340.707	   2338.943	   2338.378	           	     -0.233	     -0.007	     -0.048	      0.000	
 08/27-10:29	2335.200	2335.600	2334.200	2335.000	           2207	     74.000	   2340.474	   2338.940	   2338.355	           	     -0.233	     -0.003	     -0.048	      0.000	
 08/27-10:30	2335.000	2335.800	2334.400	2334.800	           2097	     75.000	   2340.273	   2338.917	   2338.310	           	     -0.201	     -0.023	     -0.069	      0.000	
 08/27-10:31	2334.800	2335.600	2333.400	2335.400	           2527	     76.000	   2340.121	   2338.920	   2338.280	           	     -0.152	      0.004	     -0.075	      0.000	
 08/27-10:32	2335.400	2335.600	2333.800	2334.600	           2781	     77.000	   2339.886	   2338.853	   2338.258	           	     -0.234	     -0.067	     -0.052	      0.000	
 08/27-10:33	2335.200	2335.200	2334.000	2334.600	           1796	     78.000	   2339.641	   2338.807	   2338.247	           	     -0.246	     -0.046	     -0.033	      0.000	
 08/27-10:34	2334.400	2335.600	2334.200	2335.400	           2287	     79.000	   2339.473	   2338.746	   2338.261	           	     -0.168	     -0.061	      0.003	      0.000	
 08/27-10:35	2335.600	2335.800	2334.600	2334.800	           1840	     80.000	   2339.333	   2338.677	   2338.283	           	     -0.140	     -0.070	      0.037	      0.000	
 08/27-10:36	2334.800	2335.200	2334.000	2334.800	           1628	     81.000	   2339.221	   2338.607	   2338.295	           	     -0.112	     -0.070	      0.034	      0.000	
 08/27-10:37	2334.800	2335.000	2331.600	2333.200	           4961	     82.000	   2339.013	   2338.570	   2338.282	           	     -0.208	     -0.037	     -0.002	      0.000	
 08/27-10:38	2333.200	2335.400	2332.400	2334.600	           3311	     83.000	   2338.860	   2338.510	   2338.292	           	     -0.153	     -0.059	     -0.003	      0.000	
 08/27-10:39	2334.800	2336.000	2334.400	2335.400	           2934	     84.000	   2338.653	   2338.460	   2338.305	           	     -0.207	     -0.051	      0.023	      0.000	
 08/27-10:40	2335.400	2335.600	2334.200	2334.200	           1699	     85.000	   2338.359	   2338.406	   2338.277	           	     -0.294	     -0.054	     -0.015	      0.000	
 08/27-10:41	2334.200	2335.200	2331.600	2332.200	           2938	     86.000	   2338.006	   2338.343	   2338.203	           	     -0.353	     -0.063	     -0.102	      0.000	
 08/27-10:42	2332.400	2333.400	2331.200	2331.200	           3141	     87.000	   2337.607	   2338.263	   2338.130	           	     -0.399	     -0.079	     -0.146	      0.000	
 08/27-10:43	2331.200	2331.800	2327.000	2327.800	           8927	     88.000	   2337.113	   2338.140	   2338.031	           	     -0.495	     -0.124	     -0.172	      0.000	
 08/27-10:44	2328.000	2328.400	2325.600	2326.800	           4462	     89.000	   2336.573	   2338.023	   2337.963	           	     -0.540	     -0.117	     -0.167	      0.000	
 08/27-10:45	2326.800	2329.400	2326.600	2326.800	           5222	     90.000	   2335.967	   2337.953	   2337.887	           	     -0.606	     -0.070	     -0.145	      0.000	
 08/27-10:46	2327.600	2329.400	2327.400	2328.000	           2654	     91.000	   2335.487	   2337.893	   2337.792	           	     -0.480	     -0.060	     -0.172	      0.000	
 08/27-10:47	2328.200	2329.600	2327.800	2329.400	           2098	     92.000	   2335.099	   2337.833	   2337.723	           	     -0.388	     -0.061	     -0.164	      0.000	
 08/27-10:48	2329.400	2330.400	2329.000	2330.000	           2966	     93.000	   2334.719	   2337.776	   2337.643	           	     -0.380	     -0.057	     -0.148	      0.000	
 08/27-10:49	2330.000	2332.000	2329.600	2331.200	           3400	     94.000	   2334.387	   2337.720	   2337.577	           	     -0.331	     -0.056	     -0.146	      0.000	
 08/27-10:50	2331.400	2333.800	2331.200	2332.600	           3422	     95.000	   2334.100	   2337.660	   2337.518	           	     -0.287	     -0.060	     -0.125	      0.000	
 08/27-10:51	2332.800	2334.200	2332.400	2334.200	           2541	     96.000	   2333.846	   2337.593	   2337.487	           	     -0.254	     -0.067	     -0.090	      0.000	
 08/27-10:52	2333.800	2334.400	2332.400	2333.000	           2037	     97.000	   2333.546	   2337.503	   2337.440	           	     -0.300	     -0.090	     -0.078	      0.000	
 08/27-10:53	2333.200	2334.800	2333.200	2334.600	           2739	     98.000	   2333.360	   2337.423	   2337.398	           	     -0.186	     -0.080	     -0.088	      0.000	
 08/27-10:54	2334.600	2335.000	2333.200	2333.400	           2354	     99.000	   2333.113	   2337.316	   2337.356	           	     -0.248	     -0.107	     -0.083	      0.000	
 08/27-10:55	2333.400	2334.600	2333.200	2333.800	           1766	    100.000	   2332.953	   2337.153	   2337.318	   2333.957	     -0.159	     -0.163	     -0.080	      0.000	
 08/27-10:56	2334.000	2334.200	2332.400	2333.600	           2408	    101.000	   2332.841	   2337.004	   2337.280	   2333.965	     -0.113	     -0.149	     -0.076	      0.000	
 08/27-10:57	2333.800	2334.800	2333.600	2334.800	           1911	    102.000	   2332.841	   2336.891	   2337.250	   2333.991	      0.000	     -0.113	     -0.068	      0.000	
 08/27-10:58	2334.800	2336.000	2333.800	2335.000	           2971	    103.000	   2332.841	   2336.774	   2337.222	   2334.032	      0.000	     -0.117	     -0.058	      0.000	
 08/27-10:59	2335.200	2335.200	2333.600	2334.800	           1403	    104.000	   2332.832	   2336.653	   2337.185	   2334.072	     -0.008	     -0.121	     -0.065	      0.000	
 08/27-11:00	2334.600	2335.200	2334.200	2334.200	           1228	    105.000	   2332.815	   2336.544	   2337.135	   2334.110	     -0.018	     -0.109	     -0.087	      0.000	
 08/27-11:01	2334.000	2335.000	2332.600	2333.800	           2080	    106.000	   2332.758	   2336.440	   2337.078	   2334.164	     -0.056	     -0.104	     -0.107	      0.000	
 08/27-11:02	2334.000	2334.400	2333.000	2333.400	           1060	    107.000	   2332.721	   2336.304	   2337.019	   2334.213	     -0.037	     -0.136	     -0.117	      0.000	
 08/27-11:03	2333.600	2334.600	2333.400	2334.600	           1022	    108.000	   2332.719	   2336.180	   2336.983	   2334.258	     -0.002	     -0.124	     -0.095	      0.000	
 08/27-11:04	2334.600	2335.600	2333.400	2333.600	           2022	    109.000	   2332.660	   2336.067	   2336.947	   2334.302	     -0.058	     -0.113	     -0.072	      0.000	
 08/27-11:05	2333.600	2333.600	2332.000	2332.200	           2652	    110.000	   2332.573	   2335.953	   2336.905	   2334.338	     -0.087	     -0.114	     -0.078	      0.000	
 08/27-11:06	2332.200	2332.600	2329.600	2331.000	           4480	    111.000	   2332.446	   2335.833	   2336.840	   2334.370	     -0.127	     -0.120	     -0.107	      0.000	
 08/27-11:07	2331.000	2331.600	2329.600	2331.000	           1978	    112.000	   2332.373	   2335.693	   2336.778	   2334.402	     -0.073	     -0.140	     -0.127	      0.000	
 08/27-11:08	2331.400	2332.400	2330.400	2332.400	           1465	    113.000	   2332.300	   2335.580	   2336.717	   2334.445	     -0.073	     -0.113	     -0.123	      0.000	
 08/27-11:09	2332.400	2336.400	2332.200	2335.400	           4748	    114.000	   2332.300	   2335.477	   2336.670	   2334.494	      0.000	     -0.104	     -0.108	      0.000	
 08/27-11:10	2335.200	2336.000	2334.400	2334.600	           2640	    115.000	   2332.315	   2335.337	   2336.632	   2334.504	      0.015	     -0.140	     -0.085	      0.000	
 08/27-11:11	2334.800	2337.000	2334.600	2335.800	           3147	    116.000	   2332.433	   2335.220	   2336.608	   2334.514	      0.119	     -0.117	     -0.062	      0.000	
 08/27-11:12	2336.200	2336.200	2335.200	2335.400	           1401	    117.000	   2332.573	   2335.090	   2336.578	   2334.526	      0.140	     -0.130	     -0.053	      0.000	
 08/27-11:13	2335.400	2337.000	2335.400	2336.600	           1833	    118.000	   2332.867	   2334.990	   2336.556	   2334.550	      0.294	     -0.101	     -0.052	      0.000	
 08/27-11:14	2336.200	2337.800	2335.400	2335.400	           2596	    119.000	   2333.154	   2334.864	   2336.528	   2334.556	      0.287	     -0.126	     -0.050	      0.000	
 08/27-11:15	2335.800	2336.400	2335.000	2336.400	           1491	    120.000	   2333.473	   2334.720	   2336.498	   2334.571	      0.319	     -0.144	     -0.058	      0.000	
 08/27-11:16	2336.400	2336.400	2334.800	2335.000	           1395	    121.000	   2333.706	   2334.596	   2336.477	   2334.577	      0.233	     -0.123	     -0.052	      0.000	
 08/27-11:17	2335.200	2335.800	2332.800	2333.000	           2985	    122.000	   2333.827	   2334.463	   2336.435	   2334.579	      0.121	     -0.133	     -0.063	      0.000	
 08/27-11:18	2333.000	2335.000	2332.400	2334.400	           1689	    123.000	   2333.975	   2334.347	   2336.405	   2334.590	      0.148	     -0.116	     -0.071	      0.000	
 08/27-11:19	2334.600	2335.200	2333.400	2334.600	           1661	    124.000	   2334.085	   2334.237	   2336.380	   2334.597	      0.110	     -0.110	     -0.055	      0.000	
 08/27-11:20	2334.800	2335.000	2332.000	2332.400	           1919	    125.000	   2334.081	   2334.091	   2336.337	   2334.580	     -0.004	     -0.146	     -0.068	      0.000	
 08/27-11:21	2332.400	2333.800	2332.400	2333.200	           1160	    126.000	   2334.048	   2333.947	   2336.303	   2334.560	     -0.033	     -0.144	     -0.076	      0.000	
 08/27-11:22	2333.400	2333.400	2332.600	2332.800	            890	    127.000	   2334.042	   2333.794	   2336.269	   2334.534	     -0.006	     -0.153	     -0.068	      0.000	
 08/27-11:23	2332.600	2333.200	2328.200	2329.000	           5039	    128.000	   2333.854	   2333.607	   2336.207	   2334.494	     -0.188	     -0.187	     -0.097	      0.000	
 08/27-11:24	2329.000	2329.400	2322.200	2322.200	           8318	    129.000	   2333.481	   2333.297	   2336.089	   2334.415	     -0.373	     -0.310	     -0.180	      0.000	
 08/27-11:25	2322.000	2325.000	2321.200	2325.000	           7246	    130.000	   2333.188	   2333.070	   2336.000	   2334.348	     -0.294	     -0.227	     -0.207	      0.000	
 08/27-11:26	2325.400	2326.600	2325.200	2325.200	           3914	    131.000	   2332.906	   2332.874	   2335.922	   2334.291	     -0.281	     -0.197	     -0.167	      0.000	
 08/27-11:27	2325.600	2327.600	2325.000	2326.600	           2274	    132.000	   2332.633	   2332.737	   2335.844	   2334.239	     -0.273	     -0.136	     -0.156	      0.000	
 08/27-11:28	2326.400	2326.600	2325.000	2325.400	           1881	    133.000	   2332.313	   2332.577	   2335.760	   2334.191	     -0.321	     -0.160	     -0.162	      0.000	
 08/27-11:29	2325.400	2326.200	2325.200	2325.800	           1954	    134.000	   2332.015	   2332.423	   2335.682	   2334.153	     -0.298	     -0.153	     -0.162	      0.000	
 08/27-11:30	2325.800	2327.000	2325.000	2325.000	           2032	    135.000	   2331.706	   2332.260	   2335.589	   2334.118	     -0.308	     -0.163	     -0.171	      0.000	
 08/27-13:01	2324.800	2326.600	2324.200	2326.000	           2786	    136.000	   2331.448	   2332.103	   2335.512	   2334.082	     -0.258	     -0.157	     -0.170	      0.000	
 08/27-13:02	2326.400	2326.400	2322.000	2322.000	           3514	    137.000	   2331.067	   2331.894	   2335.374	   2334.038	     -0.381	     -0.209	     -0.215	      0.000	
 08/27-13:03	2322.600	2322.600	2318.600	2321.400	           7088	    138.000	   2330.627	   2331.673	   2335.240	   2334.001	     -0.439	     -0.221	     -0.272	      0.000	
 08/27-13:04	2321.800	2323.400	2321.800	2322.800	           2662	    139.000	   2330.267	   2331.464	   2335.105	   2333.975	     -0.361	     -0.209	     -0.269	      0.000	
 08/27-13:05	2322.800	2323.800	2322.800	2323.200	           1655	    140.000	   2329.967	   2331.270	   2334.973	   2333.975	     -0.300	     -0.194	     -0.267	      0.000	
 08/27-13:06	2323.600	2324.000	2323.000	2323.400	           1844	    141.000	   2329.715	   2331.080	   2334.844	   2333.970	     -0.252	     -0.189	     -0.261	      0.000	
 08/27-13:07	2323.400	2324.800	2322.200	2324.600	           2416	    142.000	   2329.500	   2330.937	   2334.753	   2333.976	     -0.215	     -0.144	     -0.220	      0.000	
 08/27-13:08	2324.400	2324.600	2323.400	2324.200	           1185	    143.000	   2329.225	   2330.762	   2334.636	   2333.969	     -0.275	     -0.174	     -0.207	      0.000	
 08/27-13:09	2323.800	2325.400	2323.800	2324.800	           2274	    144.000	   2328.873	   2330.586	   2334.523	   2333.969	     -0.352	     -0.176	     -0.230	      0.000	
 08/27-13:10	2324.800	2325.400	2323.600	2323.600	           1467	    145.000	   2328.506	   2330.410	   2334.408	   2333.966	     -0.366	     -0.176	     -0.228	      0.000	
 08/27-13:11	2323.800	2324.000	2321.400	2322.000	           2911	    146.000	   2328.048	   2330.241	   2334.292	   2333.961	     -0.458	     -0.170	     -0.231	      0.000	
 08/27-13:12	2321.800	2323.200	2321.600	2323.200	           1968	    147.000	   2327.640	   2330.106	   2334.185	   2333.955	     -0.408	     -0.135	     -0.224	      0.000	
 08/27-13:13	2323.000	2326.000	2322.800	2325.400	           2810	    148.000	   2327.267	   2330.067	   2334.103	   2333.954	     -0.373	     -0.040	     -0.189	      0.000	
 08/27-13:14	2325.200	2325.800	2324.600	2325.400	           1852	    149.000	   2326.933	   2330.044	   2334.033	   2333.951	     -0.333	     -0.023	     -0.151	      0.000	
 08/27-13:15	2325.400	2327.400	2324.800	2327.200	           2306	    150.000	   2326.627	   2330.050	   2334.001	   2333.952	     -0.306	      0.006	     -0.102	      0.000	
 08/27-13:16	2327.000	2327.000	2326.200	2326.400	           1634	    151.000	   2326.340	   2330.023	   2333.958	   2333.943	     -0.288	     -0.027	     -0.075	      0.000	
 08/27-13:17	2326.200	2326.800	2325.400	2325.600	           1332	    152.000	   2326.094	   2329.960	   2333.897	   2333.936	     -0.246	     -0.063	     -0.105	      0.000	
 08/27-13:18	2325.800	2325.800	2324.000	2324.800	           2747	    153.000	   2325.773	   2329.874	   2333.825	   2333.938	     -0.321	     -0.086	     -0.133	      0.000	
 08/27-13:19	2324.800	2327.000	2324.200	2327.000	           1655	    154.000	   2325.521	   2329.803	   2333.762	   2333.947	     -0.252	     -0.071	     -0.135	      0.000	
 08/27-13:20	2326.800	2328.000	2326.000	2326.400	           2756	    155.000	   2325.319	   2329.700	   2333.680	   2333.959	     -0.202	     -0.103	     -0.145	      0.000	
 08/27-13:21	2326.600	2327.200	2325.200	2325.400	           1476	    156.000	   2325.060	   2329.554	   2333.573	   2333.981	     -0.259	     -0.146	     -0.188	      0.000	
 08/27-13:22	2325.400	2327.400	2325.400	2326.400	           1558	    157.000	   2324.846	   2329.444	   2333.473	   2334.003	     -0.214	     -0.110	     -0.207	      0.000	
 08/27-13:23	2326.800	2327.000	2325.600	2326.600	           1080	    158.000	   2324.767	   2329.310	   2333.367	   2334.014	     -0.079	     -0.134	     -0.207	      0.000	
 08/27-13:24	2326.600	2327.400	2325.800	2327.400	           1369	    159.000	   2324.940	   2329.210	   2333.263	   2334.027	      0.173	     -0.100	     -0.210	      0.000	
 08/27-13:25	2327.600	2327.800	2325.800	2326.600	           1471	    160.000	   2324.994	   2329.091	   2333.122	   2334.036	      0.054	     -0.120	     -0.245	      0.000	
 08/27-13:26	2326.200	2327.600	2326.200	2326.400	           1305	    161.000	   2325.033	   2328.970	   2332.987	   2334.043	      0.040	     -0.121	     -0.276	      0.000	
 08/27-13:27	2326.400	2326.400	2320.200	2321.800	           6962	    162.000	   2324.873	   2328.753	   2332.822	   2334.025	     -0.161	     -0.217	     -0.300	      0.000	
 08/27-13:28	2322.000	2323.200	2320.200	2321.600	           4319	    163.000	   2324.746	   2328.529	   2332.652	   2334.013	     -0.127	     -0.224	     -0.335	      0.000	
 08/27-13:29	2321.800	2322.800	2321.400	2322.800	           1604	    164.000	   2324.646	   2328.330	   2332.492	   2334.001	     -0.100	     -0.199	     -0.330	      0.000	
 08/27-13:30	2322.600	2325.000	2322.000	2324.200	           2807	    165.000	   2324.619	   2328.163	   2332.353	   2333.995	     -0.027	     -0.168	     -0.299	      0.000	
 08/27-13:31	2324.200	2324.800	2323.800	2324.200	           1177	    166.000	   2324.560	   2328.004	   2332.222	   2333.985	     -0.058	     -0.158	     -0.270	      0.000	
 08/27-13:32	2324.000	2327.200	2324.000	2326.400	           2743	    167.000	   2324.706	   2327.886	   2332.095	   2333.981	      0.146	     -0.118	     -0.258	      0.000	
 08/27-13:33	2326.200	2327.600	2326.000	2327.000	           2470	    168.000	   2324.894	   2327.760	   2331.970	   2333.959	      0.188	     -0.126	     -0.252	      0.000	
 08/27-13:34	2326.800	2327.000	2325.200	2325.800	           1840	    169.000	   2324.994	   2327.630	   2331.848	   2333.938	      0.100	     -0.130	     -0.247	      0.000	
 08/27-13:35	2326.000	2326.600	2325.600	2326.000	           1527	    170.000	   2325.087	   2327.527	   2331.740	   2333.919	      0.094	     -0.103	     -0.230	      0.000	
 08/27-13:36	2326.200	2326.600	2325.400	2326.600	           1465	    171.000	   2325.192	   2327.453	   2331.643	   2333.906	      0.104	     -0.074	     -0.205	      0.000	
 08/27-13:37	2326.600	2327.800	2326.200	2327.200	           3099	    172.000	   2325.281	   2327.391	   2331.542	   2333.905	      0.090	     -0.063	     -0.198	      0.000	
 08/27-13:38	2327.200	2327.200	2324.800	2326.200	           2065	    173.000	   2325.348	   2327.286	   2331.433	   2333.890	      0.067	     -0.104	     -0.210	      0.000	
 08/27-13:39	2326.400	2326.600	2325.000	2325.800	           1021	    174.000	   2325.381	   2327.127	   2331.302	   2333.871	      0.033	     -0.159	     -0.240	      0.000	
 08/27-13:40	2326.200	2329.000	2325.800	2327.600	           3545	    175.000	   2325.512	   2327.009	   2331.173	   2333.858	      0.131	     -0.118	     -0.260	      0.000	
 08/27-13:41	2327.400	2329.800	2327.400	2329.800	           3243	    176.000	   2325.773	   2326.910	   2331.065	   2333.856	      0.260	     -0.099	     -0.237	      0.000	
 08/27-13:42	2329.800	2330.400	2328.600	2330.400	           2653	    177.000	   2326.012	   2326.826	   2330.958	   2333.869	      0.240	     -0.084	     -0.215	      0.000	
 08/27-13:43	2330.600	2331.000	2328.600	2328.600	           3306	    178.000	   2326.121	   2326.694	   2330.842	   2333.882	      0.108	     -0.132	     -0.224	      0.000	
 08/27-13:44	2329.000	2329.400	2328.200	2328.800	           1913	    179.000	   2326.233	   2326.583	   2330.723	   2333.898	      0.113	     -0.111	     -0.235	      0.000	
 08/27-13:45	2329.400	2330.400	2328.800	2329.400	           2069	    180.000	   2326.306	   2326.467	   2330.593	   2333.922	      0.073	     -0.117	     -0.248	      0.000	
 08/27-13:46	2329.400	2330.600	2329.400	2329.800	           1845	    181.000	   2326.421	   2326.380	   2330.488	   2333.941	      0.115	     -0.086	     -0.235	      0.000	
 08/27-13:47	2329.600	2330.600	2329.400	2330.400	           1631	    182.000	   2326.579	   2326.336	   2330.400	   2333.965	      0.158	     -0.044	     -0.194	      0.000	
 08/27-13:48	2330.200	2330.200	2328.200	2328.200	           2601	    183.000	   2326.694	   2326.233	   2330.290	   2333.980	      0.115	     -0.103	     -0.198	      0.000	
 08/27-13:49	2328.200	2329.400	2327.400	2329.000	           2735	    184.000	   2326.760	   2326.141	   2330.188	   2334.002	      0.067	     -0.093	     -0.211	      0.000	
 08/27-13:50	2329.000	2330.000	2328.000	2328.200	           2507	    185.000	   2326.821	   2326.070	   2330.080	   2334.013	      0.060	     -0.071	     -0.210	      0.000	
 08/27-13:51	2328.200	2329.600	2327.800	2328.400	           1732	    186.000	   2326.919	   2325.990	   2329.968	   2334.014	      0.098	     -0.080	     -0.220	      0.000	
 08/27-13:52	2328.600	2330.000	2327.600	2327.600	           1765	    187.000	   2326.960	   2325.903	   2329.848	   2334.016	      0.042	     -0.086	     -0.232	      0.000	
 08/27-13:53	2327.400	2328.200	2326.200	2328.000	           3223	    188.000	   2327.006	   2325.886	   2329.747	   2334.001	      0.046	     -0.017	     -0.221	      0.000	
 08/27-13:54	2328.200	2330.000	2327.800	2328.600	           2874	    189.000	   2327.046	   2325.993	   2329.645	   2333.992	      0.040	      0.106	     -0.204	      0.000	
 08/27-13:55	2328.800	2330.000	2328.400	2329.800	           1712	    190.000	   2327.152	   2326.073	   2329.572	   2333.985	      0.106	      0.080	     -0.175	      0.000	
 08/27-13:56	2330.000	2331.800	2329.600	2330.800	           3432	    191.000	   2327.300	   2326.167	   2329.520	   2333.983	      0.148	      0.094	     -0.125	      0.000	
 08/27-13:57	2330.600	2330.800	2330.000	2330.000	           1437	    192.000	   2327.573	   2326.223	   2329.480	   2333.971	      0.273	      0.056	     -0.092	      0.000	
 08/27-13:58	2330.000	2330.000	2328.600	2329.800	           2108	    193.000	   2327.848	   2326.297	   2329.437	   2333.955	      0.275	      0.074	     -0.083	      0.000	
 08/27-13:59	2329.800	2330.800	2329.400	2329.800	           1425	    194.000	   2328.081	   2326.364	   2329.394	   2333.942	      0.233	      0.067	     -0.086	      0.000	
 08/27-14:00	2329.600	2331.000	2329.000	2330.800	           1681	    195.000	   2328.300	   2326.459	   2329.360	   2333.934	      0.219	      0.096	     -0.077	      0.000	
 08/27-14:01	2331.000	2331.200	2329.400	2330.200	           2223	    196.000	   2328.500	   2326.530	   2329.317	   2333.922	      0.200	      0.071	     -0.077	      0.000	
 08/27-14:02	2330.400	2332.600	2330.200	2330.800	           3127	    197.000	   2328.646	   2326.676	   2329.285	   2333.911	      0.146	      0.146	     -0.075	      0.000	
 08/27-14:03	2330.800	2331.000	2328.800	2329.200	           2500	    198.000	   2328.721	   2326.807	   2329.240	   2333.891	      0.075	      0.131	     -0.077	      0.000	
 08/27-14:04	2329.400	2329.600	2328.200	2329.000	           1841	    199.000	   2328.827	   2326.910	   2329.187	   2333.868	      0.106	      0.103	     -0.098	      0.000	
 08/27-14:05	2329.000	2329.600	2328.200	2328.600	           1703	    200.000	   2328.913	   2327.000	   2329.135	   2333.841	      0.085	      0.090	     -0.105	      0.000	
 08/27-14:06	2328.600	2329.200	2325.800	2326.200	           5699	    201.000	   2328.900	   2327.046	   2329.063	   2333.792	     -0.013	      0.046	     -0.124	      0.000	
 08/27-14:07	2326.400	2327.000	2325.800	2326.000	           2188	    202.000	   2328.858	   2327.070	   2329.003	   2333.746	     -0.042	      0.024	     -0.132	      0.000	
 08/27-14:08	2326.000	2326.600	2325.800	2326.000	           1603	    203.000	   2328.852	   2327.100	   2328.931	   2333.698	     -0.006	      0.030	     -0.132	      0.000	
 08/27-14:09	2326.000	2327.000	2326.000	2326.600	           1296	    204.000	   2328.879	   2327.130	   2328.858	   2333.653	      0.027	      0.030	     -0.145	      0.000	
 08/27-14:10	2326.600	2326.600	2325.400	2325.400	           2607	    205.000	   2328.806	   2327.159	   2328.785	   2333.594	     -0.073	      0.029	     -0.146	      0.000	
 08/27-14:11	2325.400	2327.200	2325.200	2326.400	           2593	    206.000	   2328.694	   2327.233	   2328.737	   2333.543	     -0.112	      0.074	     -0.121	      0.000	
 08/27-14:12	2326.400	2328.200	2326.000	2327.200	           2417	    207.000	   2328.587	   2327.300	   2328.703	   2333.503	     -0.106	      0.067	     -0.082	      0.000	
 08/27-14:13	2327.400	2329.000	2327.000	2327.600	           2921	    208.000	   2328.554	   2327.337	   2328.702	   2333.470	     -0.033	      0.037	     -0.035	      0.000	
 08/27-14:14	2327.600	2329.000	2327.600	2328.800	           1638	    209.000	   2328.552	   2327.393	   2328.718	   2333.450	     -0.002	      0.055	      0.015	      0.000	
 08/27-14:15	2328.400	2332.000	2328.400	2331.000	           4150	    210.000	   2328.606	   2327.456	   2328.753	   2333.446	      0.054	      0.063	      0.051	      0.000	
 08/27-14:16	2331.000	2331.400	2330.400	2331.000	           2304	    211.000	   2328.646	   2327.533	   2328.778	   2333.436	      0.040	      0.077	      0.060	      0.000	
 08/27-14:17	2331.200	2334.800	2330.800	2333.400	           6633	    212.000	   2328.748	   2327.664	   2328.812	   2333.430	      0.102	      0.130	      0.059	      0.000	
 08/27-14:18	2333.600	2334.200	2333.200	2333.600	           2702	    213.000	   2328.925	   2327.809	   2328.842	   2333.431	      0.177	      0.146	      0.063	      0.000	
 08/27-14:19	2334.000	2335.000	2333.400	2334.000	           3171	    214.000	   2329.092	   2327.926	   2328.865	   2333.432	      0.167	      0.117	      0.052	      0.000	
 08/27-14:20	2334.000	2334.400	2333.400	2333.800	           1655	    215.000	   2329.279	   2328.050	   2328.875	   2333.417	      0.188	      0.124	      0.033	      0.000	
 08/27-14:21	2333.600	2335.400	2333.200	2334.600	           2725	    216.000	   2329.488	   2328.203	   2328.879	   2333.391	      0.208	      0.153	      0.014	      0.000	
 08/27-14:22	2334.600	2335.000	2333.800	2334.600	           1976	    217.000	   2329.719	   2328.340	   2328.892	   2333.369	      0.231	      0.136	      0.017	      0.000	
 08/27-14:23	2334.600	2334.800	2334.000	2334.600	           1216	    218.000	   2329.940	   2328.473	   2328.892	   2333.350	      0.221	      0.133	      0.013	      0.000	
 08/27-14:24	2334.200	2335.000	2334.000	2334.200	           1538	    219.000	   2330.127	   2328.586	   2328.898	   2333.346	      0.188	      0.114	      0.007	      0.000	
 08/27-14:25	2334.800	2336.400	2334.400	2334.800	           3245	    220.000	   2330.294	   2328.723	   2328.907	   2333.342	      0.167	      0.136	      0.015	      0.000	
 08/27-14:26	2335.200	2335.200	2332.800	2333.400	           3018	    221.000	   2330.379	   2328.840	   2328.905	   2333.317	      0.085	      0.117	      0.006	      0.000	
 08/27-14:27	2333.600	2334.400	2333.000	2334.400	           1584	    222.000	   2330.527	   2329.050	   2328.902	   2333.305	      0.148	      0.210	     -0.005	      0.000	
 08/27-14:28	2334.400	2337.200	2334.000	2336.600	           3763	    223.000	   2330.752	   2329.300	   2328.915	   2333.293	      0.225	      0.250	      0.010	      0.000	
 08/27-14:29	2336.600	2337.600	2335.800	2336.200	           2322	    224.000	   2330.967	   2329.524	   2328.927	   2333.281	      0.214	      0.224	      0.025	      0.000	
 08/27-14:30	2336.400	2337.400	2335.800	2337.200	           2078	    225.000	   2331.181	   2329.741	   2328.952	   2333.271	      0.215	      0.217	      0.037	      0.000	
 08/27-14:31	2337.200	2337.200	2336.000	2336.000	           1509	    226.000	   2331.373	   2329.937	   2328.970	   2333.263	      0.192	      0.196	      0.043	      0.000	
 08/27-14:32	2336.200	2336.200	2334.400	2334.800	           2250	    227.000	   2331.508	   2330.077	   2328.982	   2333.248	      0.135	      0.141	      0.030	      0.000	
 08/27-14:33	2335.000	2335.400	2334.400	2334.800	           1541	    228.000	   2331.692	   2330.206	   2328.983	   2333.229	      0.183	      0.129	      0.013	      0.000	
 08/27-14:34	2334.600	2335.000	2333.200	2333.600	           2157	    229.000	   2331.846	   2330.336	   2328.983	   2333.210	      0.154	      0.130	      0.002	      0.000	
 08/27-14:35	2333.800	2334.000	2331.000	2331.400	           4421	    230.000	   2331.940	   2330.426	   2328.977	   2333.181	      0.094	      0.090	     -0.007	      0.000	
 08/27-14:36	2331.400	2334.000	2331.200	2333.200	           2499	    231.000	   2332.175	   2330.538	   2328.995	   2333.162	      0.235	      0.112	      0.012	      0.000	
 08/27-14:37	2333.200	2334.200	2332.800	2333.600	           1525	    232.000	   2332.427	   2330.643	   2329.017	   2333.142	      0.252	      0.105	      0.040	      0.000	
 08/27-14:38	2333.200	2336.000	2333.200	2335.400	           2574	    233.000	   2332.742	   2330.797	   2329.042	   2333.131	      0.315	      0.154	      0.046	      0.000	
 08/27-14:39	2335.400	2335.800	2334.800	2335.600	           1351	    234.000	   2333.040	   2330.959	   2329.043	   2333.116	      0.298	      0.163	      0.027	      0.000	
 08/27-14:40	2335.200	2335.800	2333.600	2333.600	           1687	    235.000	   2333.315	   2331.060	   2329.035	   2333.090	      0.275	      0.101	     -0.007	      0.000	
 08/27-14:41	2333.800	2335.000	2333.400	2334.600	           1310	    236.000	   2333.585	   2331.140	   2329.025	   2333.065	      0.271	      0.079	     -0.018	      0.000	
 08/27-14:42	2334.600	2335.400	2334.200	2335.000	           1144	    237.000	   2333.846	   2331.217	   2329.021	   2333.043	      0.260	      0.077	     -0.014	      0.000	
 08/27-14:43	2334.800	2335.200	2333.600	2335.000	           1584	    238.000	   2334.092	   2331.323	   2329.008	   2333.028	      0.246	      0.106	     -0.017	      0.000	
 08/27-14:44	2335.000	2335.200	2334.200	2334.200	            979	    239.000	   2334.275	   2331.414	   2328.999	   2333.013	      0.183	      0.091	     -0.023	      0.000	
 08/27-14:45	2334.400	2335.800	2334.000	2335.800	           1796	    240.000	   2334.433	   2331.520	   2328.993	   2333.007	      0.158	      0.106	     -0.015	      0.000	
 08/27-14:46	2335.600	2336.800	2335.000	2335.000	           2070	    241.000	   2334.567	   2331.606	   2328.993	   2332.992	      0.133	      0.086	     -0.005	      0.000	
 08/27-14:47	2335.000	2336.600	2334.600	2335.600	           1494	    242.000	   2334.640	   2331.694	   2329.015	   2332.981	      0.073	      0.088	      0.022	      0.000	
 08/27-14:48	2335.600	2336.800	2335.600	2336.400	           1378	    243.000	   2334.733	   2331.829	   2329.031	   2332.967	      0.094	      0.135	      0.038	      0.000	
 08/27-14:49	2336.600	2336.800	2335.200	2335.200	           1818	    244.000	   2334.775	   2331.933	   2329.037	   2332.944	      0.042	      0.104	      0.022	      0.000	
 08/27-14:50	2335.200	2337.000	2335.200	2336.800	           1733	    245.000	   2334.873	   2332.076	   2329.073	   2332.934	      0.098	      0.143	      0.042	      0.000	
 08/27-14:51	2336.400	2339.000	2336.400	2337.800	           4362	    246.000	   2334.979	   2332.233	   2329.112	   2332.931	      0.106	      0.157	      0.075	      0.000	
 08/27-14:52	2337.800	2338.800	2337.200	2338.400	           1904	    247.000	   2335.108	   2332.414	   2329.158	   2332.929	      0.129	      0.180	      0.085	      0.000	
 08/27-14:53	2338.200	2340.000	2338.200	2339.200	           3630	    248.000	   2335.260	   2332.600	   2329.243	   2332.929	      0.152	      0.187	      0.132	      0.000	
 08/27-14:54	2339.200	2340.200	2339.000	2339.800	           2441	    249.000	   2335.448	   2332.788	   2329.390	   2332.933	      0.188	      0.188	      0.232	      0.000	
 08/27-14:55	2339.600	2340.400	2339.400	2339.600	           2097	    250.000	   2335.606	   2332.950	   2329.511	   2332.931	      0.158	      0.162	      0.268	      0.000	
 08/27-14:56	2340.000	2340.000	2338.600	2338.600	           2305	    251.000	   2335.781	   2333.080	   2329.624	   2332.935	      0.175	      0.130	      0.233	      0.000	
 08/27-14:57	2338.600	2339.600	2338.600	2339.600	           1609	    252.000	   2335.952	   2333.240	   2329.731	   2332.941	      0.171	      0.159	      0.220	      0.000	
 08/27-14:58	2339.600	2339.600	2338.400	2338.800	           1522	    253.000	   2336.027	   2333.390	   2329.843	   2332.945	      0.075	      0.150	      0.220	      0.000	
 08/27-14:59	2338.800	2339.400	2338.000	2338.800	           2050	    254.000	   2336.113	   2333.540	   2329.952	   2332.950	      0.085	      0.150	      0.220	      0.000	
 08/27-15:00	2338.800	2339.000	2338.000	2338.400	           1241	    255.000	   2336.152	   2333.667	   2330.063	   2332.953	      0.040	      0.127	      0.220	      0.000	
 08/27-15:01	2338.600	2339.000	2337.600	2339.000	           1925	    256.000	   2336.252	   2333.813	   2330.171	   2332.960	      0.100	      0.146	      0.220	      0.000	
 08/27-15:02	2338.800	2340.200	2338.800	2339.600	           2522	    257.000	   2336.413	   2333.960	   2330.318	   2332.970	      0.160	      0.148	      0.255	      0.000	
 08/27-15:03	2339.600	2339.600	2338.200	2338.400	           1612	    258.000	   2336.533	   2334.113	   2330.460	   2332.978	      0.121	      0.152	      0.289	      0.000	
 08/27-15:04	2338.400	2339.000	2338.400	2338.800	            936	    259.000	   2336.706	   2334.276	   2330.593	   2332.988	      0.173	      0.164	      0.275	      0.000	
 08/27-15:05	2338.800	2339.600	2338.800	2339.600	           1025	    260.000	   2336.981	   2334.460	   2330.730	   2333.004	      0.275	      0.184	      0.270	      0.000	
 08/27-15:06	2339.400	2340.200	2339.200	2339.600	           1742	    261.000	   2337.192	   2334.683	   2330.865	   2333.024	      0.210	      0.223	      0.271	      0.000	
 08/27-15:07	2339.800	2341.000	2338.800	2338.800	           2493	    262.000	   2337.367	   2334.897	   2330.983	   2333.035	      0.175	      0.214	      0.253	      0.000	
 08/27-15:08	2338.800	2339.600	2338.800	2339.400	            877	    263.000	   2337.500	   2335.121	   2331.110	   2333.051	      0.133	      0.224	      0.246	      0.000	
 08/27-15:09	2339.400	2340.000	2339.000	2339.400	           1164	    264.000	   2337.627	   2335.333	   2331.232	   2333.068	      0.127	      0.212	      0.248	      0.000	
 08/27-15:10	2339.400	2339.800	2338.600	2339.200	           2126	    265.000	   2337.813	   2335.563	   2331.362	   2333.080	      0.185	      0.230	      0.251	      0.000	
 08/27-15:11	2339.200	2339.400	2338.400	2338.400	           1265	    266.000	   2337.942	   2335.763	   2331.499	   2333.093	      0.129	      0.200	      0.267	      0.000	
 08/27-15:12	2338.600	2339.400	2338.200	2338.600	           1588	    267.000	   2338.060	   2335.953	   2331.626	   2333.093	      0.119	      0.190	      0.265	      0.000	
 08/27-15:13	2339.000	2339.200	2338.400	2338.600	           1445	    268.000	   2338.181	   2336.136	   2331.737	   2333.098	      0.121	      0.183	      0.239	      0.000	
 08/27-15:14	2338.600	2340.400	2338.400	2339.200	           3412	    269.000	   2338.346	   2336.310	   2331.852	   2333.098	      0.165	      0.174	      0.225	      0.000	
 08/27-15:15	2339.200	2339.600	2338.200	2338.400	           3709	    270.000	   2338.433	   2336.433	   2331.945	   2333.096	      0.087	      0.123	      0.208	      0.000	