 11/22-09:16	2425.000	2431.400	2425.000	2428.400	           9719	
 11/22-09:17	2428.400	2433.400	2428.400	2430.400	           6144	
 11/22-09:18	2430.000	2431.000	2429.200	2429.800	           2233	
 11/22-09:19	2429.400	2429.400	2427.400	2428.000	           2571	
 11/22-09:20	2428.200	2428.600	2422.200	2423.000	           5818	
 11/22-09:21	2423.200	2423.600	2419.400	2421.800	           4742	
 11/22-09:22	2422.000	2422.200	2419.400	2420.200	           2404	
 11/22-09:23	2420.400	2422.800	2420.400	2422.600	           2599	
 11/22-09:24	2422.600	2424.600	2421.400	2422.000	           2593	
 11/22-09:25	2421.800	2423.000	2421.400	2422.400	           1528	
 11/22-09:26	2422.400	2425.800	2422.000	2423.200	           2653	
 11/22-09:27	2423.000	2423.200	2421.600	2422.400	           1309	
 11/22-09:28	2422.200	2424.600	2421.200	2424.600	           2112	
 11/22-09:29	2424.600	2424.800	2423.200	2423.400	           1635	
 11/22-09:30	2423.400	2423.400	2420.400	2420.400	           2087	
 11/22-09:31	2420.400	2422.400	2418.200	2418.800	           4451	
 11/22-09:32	2418.800	2419.600	2416.800	2419.200	           4271	
 11/22-09:33	2419.000	2419.200	2416.000	2417.600	           3658	
 11/22-09:34	2417.800	2421.600	2417.000	2421.000	           4095	
 11/22-09:35	2421.200	2424.200	2420.200	2422.600	           4742	
 11/22-09:36	2422.600	2422.800	2420.800	2421.600	           2681	
 11/22-09:37	2421.600	2422.000	2418.600	2418.600	           3283	
 11/22-09:38	2418.400	2419.000	2416.000	2418.200	           3890	
 11/22-09:39	2418.200	2418.200	2413.600	2414.200	           4647	
 11/22-09:40	2414.200	2416.000	2412.000	2414.000	           5127	
 11/22-09:41	2414.000	2414.400	2410.200	2411.200	           6088	
 11/22-09:42	2411.800	2412.600	2409.000	2410.600	           4237	
 11/22-09:43	2410.600	2410.800	2408.000	2409.200	           4448	
 11/22-09:44	2409.200	2410.600	2408.400	2409.000	           2779	
 11/22-09:45	2409.200	2411.200	2408.000	2410.800	           3984	
 11/22-09:46	2410.800	2411.800	2409.800	2410.400	           2395	
 11/22-09:47	2410.400	2411.600	2409.400	2411.600	           2138	
 11/22-09:48	2411.800	2412.400	2410.000	2410.400	           2900	
 11/22-09:49	2410.200	2412.000	2409.800	2410.600	           1957	
 11/22-09:50	2410.600	2411.400	2409.400	2410.000	           2363	
 11/22-09:51	2410.000	2411.400	2410.000	2410.800	           1624	
 11/22-09:52	2410.200	2412.000	2407.600	2411.800	           5231	
 11/22-09:53	2411.600	2413.000	2411.000	2411.600	           2969	
 11/22-09:54	2411.800	2413.200	2410.400	2412.800	           2374	
 11/22-09:55	2412.400	2414.400	2412.200	2413.400	           3431	
 11/22-09:56	2413.400	2416.800	2413.400	2415.800	           5253	
 11/22-09:57	2416.000	2418.600	2415.400	2416.600	           4626	
 11/22-09:58	2416.600	2417.600	2416.000	2417.000	           2409	
 11/22-09:59	2417.200	2418.000	2416.200	2417.400	           3255	
 11/22-10:00	2417.400	2421.000	2416.800	2419.800	           5278	
 11/22-10:01	2420.000	2422.200	2419.000	2421.200	           4036	
 11/22-10:02	2421.000	2422.600	2420.400	2421.800	           3100	
 11/22-10:03	2421.800	2422.400	2420.400	2422.400	           2850	
 11/22-10:04	2422.800	2422.800	2419.200	2419.400	           3960	
 11/22-10:05	2419.400	2420.200	2418.000	2419.000	           3099	
 11/22-10:06	2419.200	2419.800	2417.800	2417.800	           2131	
 11/22-10:07	2417.600	2419.400	2417.400	2417.400	           2141	
 11/22-10:08	2417.600	2417.600	2414.000	2414.400	           5329	
 11/22-10:09	2414.400	2414.400	2413.000	2414.000	           3224	
 11/22-10:10	2413.800	2414.200	2412.400	2413.600	           3131	
 11/22-10:11	2413.600	2413.600	2412.400	2412.800	           2302	
 11/22-10:12	2412.600	2414.200	2412.600	2413.200	           2314	
 11/22-10:13	2413.000	2413.600	2412.000	2412.000	           1929	
 11/22-10:14	2412.200	2415.000	2412.000	2415.000	           2952	
 11/22-10:15	2415.200	2415.800	2413.400	2413.400	           2631	
 11/22-10:16	2413.800	2413.800	2411.400	2411.800	           2897	
 11/22-10:17	2412.000	2413.600	2411.600	2412.000	           2197	
 11/22-10:18	2412.200	2413.800	2412.000	2413.600	           1656	
 11/22-10:19	2413.800	2414.800	2413.800	2414.000	           1926	
 11/22-10:20	2413.800	2417.800	2413.600	2417.800	           4262	
 11/22-10:21	2418.200	2421.000	2418.200	2419.800	           6027	
 11/22-10:22	2419.600	2420.600	2419.000	2419.000	           2650	
 11/22-10:23	2418.800	2419.800	2418.600	2418.800	           1780	
 11/22-10:24	2418.600	2418.600	2415.000	2416.800	           4222	
 11/22-10:25	2416.600	2417.800	2415.400	2417.800	           2786	
 11/22-10:26	2417.800	2422.000	2417.800	2419.800	           5786	
 11/22-10:27	2419.800	2420.200	2417.000	2417.000	           2800	
 11/22-10:28	2417.200	2420.600	2417.200	2420.000	           2259	
 11/22-10:29	2420.000	2421.200	2418.800	2419.600	           2572	
 11/22-10:30	2419.800	2419.800	2417.600	2418.000	           2205	
 11/22-10:31	2418.000	2421.200	2418.000	2421.200	           2565	
 11/22-10:32	2421.400	2422.400	2419.200	2420.800	           3756	
 11/22-10:33	2420.800	2425.000	2420.400	2423.800	           6429	
 11/22-10:34	2423.800	2424.000	2419.200	2420.600	           4404	
 11/22-10:35	2420.600	2422.800	2420.400	2422.400	           2521	
 11/22-10:36	2422.400	2422.800	2419.400	2419.800	           3412	
 11/22-10:37	2419.800	2420.000	2418.000	2419.200	           3339	
 11/22-10:38	2419.200	2421.400	2419.000	2420.800	           1764	
 11/22-10:39	2421.000	2422.600	2420.000	2422.200	           2612	
 11/22-10:40	2422.200	2422.400	2420.200	2421.200	           2040	
 11/22-10:41	2421.200	2422.200	2420.400	2421.400	           2090	
 11/22-10:42	2421.200	2421.800	2417.200	2417.800	           4202	
 11/22-10:43	2418.200	2418.200	2416.000	2416.800	           3328	
 11/22-10:44	2416.800	2416.800	2415.600	2416.600	           2581	
 11/22-10:45	2416.600	2417.000	2414.200	2414.400	           3099	
 11/22-10:46	2414.200	2416.800	2414.200	2415.600	           2501	
 11/22-10:47	2415.800	2418.800	2415.400	2416.400	           3257	
 11/22-10:48	2416.400	2417.000	2415.400	2415.800	           1936	
 11/22-10:49	2416.000	2417.200	2415.800	2416.400	           1443	
 11/22-10:50	2416.400	2416.400	2414.600	2415.200	           2264	
 11/22-10:51	2415.200	2418.000	2415.000	2418.000	           2160	
 11/22-10:52	2417.800	2418.200	2415.800	2415.800	           1978	
 11/22-10:53	2415.800	2416.000	2413.400	2415.000	           3413	
 11/22-10:54	2415.000	2415.000	2412.600	2413.000	           3126	
 11/22-10:55	2413.000	2413.600	2412.000	2412.000	           2586	
 11/22-10:56	2412.000	2414.200	2412.000	2414.000	           2625	
 11/22-10:57	2413.800	2415.000	2413.200	2413.200	           2503	
 11/22-10:58	2413.200	2414.400	2412.800	2413.000	           1853	
 11/22-10:59	2413.200	2414.400	2412.200	2413.400	           1721	
 11/22-11:00	2413.400	2414.000	2411.400	2411.600	           2955	
 11/22-11:01	2411.600	2413.600	2411.600	2413.200	           2083	
 11/22-11:02	2413.000	2414.600	2412.800	2413.800	           2263	
 11/22-11:03	2414.000	2415.800	2412.800	2415.000	           2895	
 11/22-11:04	2415.000	2416.200	2414.000	2416.200	           3373	
 11/22-11:05	2416.000	2416.800	2415.000	2416.600	           2229	
 11/22-11:06	2416.600	2416.600	2414.600	2414.600	           1885	
 11/22-11:07	2414.800	2415.200	2413.400	2414.000	           2221	
 11/22-11:08	2413.800	2414.800	2412.800	2414.200	           1949	
 11/22-11:09	2414.200	2415.400	2413.600	2413.600	           1722	
 11/22-11:10	2413.600	2414.600	2412.200	2414.200	           1962	
 11/22-11:11	2414.200	2415.400	2413.000	2415.000	           1242	
 11/22-11:12	2415.000	2419.800	2414.600	2419.000	           5951	
 11/22-11:13	2418.800	2420.000	2417.800	2418.000	           4468	
 11/22-11:14	2417.800	2417.800	2414.000	2414.200	           4091	
 11/22-11:15	2414.400	2414.600	2412.600	2414.200	           2756	
 11/22-11:16	2413.800	2414.600	2412.600	2414.000	           2200	
 11/22-11:17	2414.200	2415.600	2412.600	2413.200	           2443	
 11/22-11:18	2413.000	2413.400	2410.000	2411.000	           5195	
 11/22-11:19	2410.800	2413.000	2410.800	2412.200	           2383	
 11/22-11:20	2412.000	2413.800	2411.800	2412.400	           2069	
 11/22-11:21	2412.600	2413.600	2411.800	2413.200	           1606	
 11/22-11:22	2413.000	2413.800	2411.400	2412.200	           1618	
 11/22-11:23	2412.200	2413.400	2412.000	2413.200	           1186	
 11/22-11:24	2413.200	2413.400	2412.200	2412.800	            928	
 11/22-11:25	2412.800	2415.000	2412.000	2415.000	           2441	
 11/22-11:26	2414.800	2415.400	2413.000	2413.800	           2203	
 11/22-11:27	2413.600	2414.400	2412.600	2413.600	           1192	
 11/22-11:28	2413.600	2414.800	2412.800	2414.600	           1141	
 11/22-11:29	2414.600	2415.800	2414.200	2415.000	           2175	
 11/22-11:30	2414.800	2416.200	2412.000	2412.600	           3627	
 11/22-13:01	2413.400	2413.400	2410.200	2411.600	           3635	
 11/22-13:02	2411.800	2413.000	2411.200	2412.400	           1565	
 11/22-13:03	2412.600	2412.800	2410.400	2410.800	           1948	
 11/22-13:04	2410.600	2412.000	2410.200	2411.800	           1185	
 11/22-13:05	2412.000	2412.600	2411.200	2412.000	           1106	
 11/22-13:06	2411.800	2412.200	2410.800	2411.200	            927	
 11/22-13:07	2411.000	2412.200	2410.600	2410.800	           1110	
 11/22-13:08	2410.600	2410.600	2406.600	2407.200	           7389	
 11/22-13:09	2407.000	2407.000	2405.400	2406.600	           3962	
 11/22-13:10	2406.400	2407.200	2405.400	2405.800	           2870	
 11/22-13:11	2405.800	2406.600	2404.000	2406.000	           3512	
 11/22-13:12	2406.200	2406.200	2404.400	2404.400	           2400	
 11/22-13:13	2404.600	2405.800	2404.600	2404.600	           1875	
 11/22-13:14	2404.400	2405.000	2401.800	2401.800	           5111	
 11/22-13:15	2401.800	2402.800	2400.200	2400.200	           4868	
 11/22-13:16	2400.400	2401.600	2398.600	2401.600	           5626	
 11/22-13:17	2401.400	2402.400	2400.000	2401.400	           2618	
 11/22-13:18	2401.200	2402.800	2400.200	2401.000	           2765	
 11/22-13:19	2401.000	2402.400	2400.200	2401.800	           2058	
 11/22-13:20	2401.800	2402.400	2401.200	2401.600	           1559	
 11/22-13:21	2401.800	2403.200	2401.600	2402.600	           2219	
 11/22-13:22	2402.800	2403.000	2402.200	2402.800	           1138	
 11/22-13:23	2402.800	2402.800	2401.000	2402.400	           1913	
 11/22-13:24	2402.400	2403.600	2402.000	2403.400	           2315	
 11/22-13:25	2403.400	2403.800	2402.200	2402.600	           1615	
 11/22-13:26	2402.600	2402.800	2401.000	2401.000	           1945	
 11/22-13:27	2401.000	2404.400	2401.000	2403.600	           2535	
 11/22-13:28	2403.600	2403.600	2402.000	2402.600	           1482	
 11/22-13:29	2402.400	2404.400	2402.200	2403.600	           1788	
 11/22-13:30	2403.800	2405.800	2403.600	2404.600	           3329	
 11/22-13:31	2404.600	2405.200	2403.600	2404.200	           1877	
 11/22-13:32	2404.200	2405.200	2403.800	2405.000	           1850	
 11/22-13:33	2404.800	2406.000	2404.600	2405.600	           2527	
 11/22-13:34	2405.400	2408.000	2405.200	2408.000	           4836	
 11/22-13:35	2408.000	2408.000	2406.600	2407.000	           2321	
 11/22-13:36	2407.200	2407.400	2404.800	2405.800	           3288	
 11/22-13:37	2405.600	2406.800	2405.600	2406.400	           1411	
 11/22-13:38	2406.200	2406.800	2405.600	2405.800	           1393	
 11/22-13:39	2406.200	2407.000	2405.800	2406.200	           1327	
 11/22-13:40	2406.000	2406.200	2405.000	2405.600	           1836	
 11/22-13:41	2405.400	2406.000	2404.400	2406.000	           1766	
 11/22-13:42	2405.800	2407.600	2404.400	2404.600	           2814	
 11/22-13:43	2404.600	2404.600	2403.000	2403.200	           2877	
 11/22-13:44	2403.000	2404.000	2402.600	2403.000	           2241	
 11/22-13:45	2403.000	2404.400	2400.600	2400.800	           4449	
 11/22-13:46	2400.600	2403.600	2399.800	2403.200	           4167	
 11/22-13:47	2403.600	2404.400	2403.200	2403.800	           2729	
 11/22-13:48	2404.000	2404.000	2402.800	2403.000	           1588	
 11/22-13:49	2403.000	2405.400	2402.800	2404.800	           2480	
 11/22-13:50	2404.800	2406.000	2403.800	2403.800	           2762	
 11/22-13:51	2404.000	2405.000	2402.800	2403.400	           2107	
 11/22-13:52	2403.600	2404.800	2402.800	2403.600	           1487	
 11/22-13:53	2403.600	2404.000	2401.400	2403.200	           2853	
 11/22-13:54	2402.800	2403.600	2400.200	2401.000	           2934	
 11/22-13:55	2400.800	2401.800	2399.800	2401.400	           3316	
 11/22-13:56	2401.400	2401.600	2397.600	2399.000	           5688	
 11/22-13:57	2399.400	2399.400	2397.000	2398.000	           4041	
 11/22-13:58	2398.000	2398.800	2397.400	2398.200	           1911	
 11/22-13:59	2398.000	2399.800	2398.000	2399.200	           2242	
 11/22-14:00	2399.000	2400.200	2398.200	2399.400	           2009	
 11/22-14:01	2399.200	2400.200	2399.000	2400.000	           1420	
 11/22-14:02	2400.000	2403.000	2399.600	2402.400	           3782	
 11/22-14:03	2402.400	2402.600	2401.600	2402.200	           1830	
 11/22-14:04	2402.200	2402.800	2401.400	2402.400	           1488	
 11/22-14:05	2402.200	2404.600	2402.000	2403.800	           3555	
 11/22-14:06	2404.000	2404.800	2403.600	2404.000	           1932	
 11/22-14:07	2404.000	2406.800	2403.800	2405.600	           4589	
 11/22-14:08	2405.800	2406.000	2404.200	2404.600	           2037	
 11/22-14:09	2404.600	2405.800	2404.400	2405.000	           1504	
 11/22-14:10	2405.000	2405.000	2403.200	2404.200	           2397	
 11/22-14:11	2404.200	2404.600	2402.800	2403.800	           1682	
 11/22-14:12	2404.000	2404.800	2402.200	2402.400	           2667	
 11/22-14:13	2402.200	2404.200	2402.000	2404.000	           1860	
 11/22-14:14	2403.600	2404.000	2402.800	2403.800	           1162	
 11/22-14:15	2403.800	2407.400	2403.600	2406.800	           5118	
 11/22-14:16	2406.600	2406.600	2404.800	2406.000	           2806	
 11/22-14:17	2406.200	2406.800	2405.000	2406.600	           1796	
 11/22-14:18	2406.400	2406.400	2405.200	2405.600	           1538	
 11/22-14:19	2405.200	2406.000	2404.600	2404.800	           1487	
 11/22-14:20	2404.800	2405.600	2404.400	2404.800	           1291	
 11/22-14:21	2404.600	2406.400	2404.000	2405.600	           2142	
 11/22-14:22	2406.000	2412.000	2405.600	2410.200	          10781	
 11/22-14:23	2410.200	2410.200	2409.000	2409.000	           2971	
 11/22-14:24	2409.000	2410.400	2409.000	2409.400	           1825	
 11/22-14:25	2409.400	2409.800	2407.800	2408.600	           2561	
 11/22-14:26	2408.800	2409.200	2407.800	2408.200	           1597	
 11/22-14:27	2408.000	2408.000	2406.400	2407.200	           2464	
 11/22-14:28	2407.200	2408.600	2406.200	2408.400	           2149	
 11/22-14:29	2408.200	2409.000	2407.400	2407.800	           1971	
 11/22-14:30	2407.800	2408.400	2406.800	2407.000	           1911	
 11/22-14:31	2407.400	2407.400	2405.400	2406.000	           3237	
 11/22-14:32	2406.400	2406.400	2403.800	2404.200	           3402	
 11/22-14:33	2404.200	2405.400	2403.800	2404.200	           2181	
 11/22-14:34	2404.200	2405.200	2402.800	2403.000	           2939	
 11/22-14:35	2403.200	2403.800	2402.400	2402.400	           2277	
 11/22-14:36	2402.600	2403.800	2402.000	2403.000	           2455	
 11/22-14:37	2403.000	2404.000	2402.800	2403.600	           1605	
 11/22-14:38	2403.400	2405.000	2403.000	2404.600	           2470	
 11/22-14:39	2404.600	2405.400	2403.800	2405.400	           2075	
 11/22-14:40	2405.600	2406.000	2404.600	2404.800	           2165	
 11/22-14:41	2404.800	2405.600	2404.600	2405.600	           1395	
 11/22-14:42	2405.600	2407.000	2405.200	2405.800	           3606	
 11/22-14:43	2405.800	2406.000	2404.200	2404.400	           1976	
 11/22-14:44	2404.400	2404.600	2402.200	2402.600	           2913	
 11/22-14:45	2402.400	2405.600	2402.200	2405.200	           2631	
 11/22-14:46	2405.400	2408.000	2405.200	2406.200	           4560	
 11/22-14:47	2406.200	2406.600	2405.400	2406.200	           1748	
 11/22-14:48	2406.000	2406.600	2405.200	2406.200	           1518	
 11/22-14:49	2406.200	2407.000	2405.400	2406.600	           1625	
 11/22-14:50	2406.200	2407.800	2405.600	2407.800	           1965	
 11/22-14:51	2407.600	2407.800	2406.400	2407.400	           2046	
 11/22-14:52	2407.600	2408.000	2406.200	2406.400	           1968	
 11/22-14:53	2406.400	2406.400	2404.800	2405.400	           2485	
 11/22-14:54	2405.400	2406.200	2405.000	2405.400	           1347	
 11/22-14:55	2405.400	2406.200	2405.000	2405.800	           1217	
 11/22-14:56	2406.000	2406.400	2405.000	2405.400	           1771	
 11/22-14:57	2405.400	2405.600	2403.400	2403.800	           2675	
 11/22-14:58	2403.800	2403.800	2402.400	2403.000	           2967	
 11/22-14:59	2403.000	2404.000	2403.000	2403.600	           1508	
 11/22-15:00	2403.600	2404.600	2402.400	2404.600	           2113	
 11/22-15:01	2404.600	2405.800	2404.400	2404.400	           2034	
 11/22-15:02	2404.400	2404.400	2403.400	2403.600	           1279	
 11/22-15:03	2403.400	2404.400	2403.200	2404.200	           1190	
 11/22-15:04	2404.200	2404.600	2403.600	2404.000	            972	
 11/22-15:05	2404.000	2406.600	2403.800	2406.000	           2849	
 11/22-15:06	2406.000	2406.000	2404.800	2405.200	           1479	
 11/22-15:07	2405.200	2406.000	2405.000	2405.600	           1103	
 11/22-15:08	2405.800	2406.000	2405.200	2405.800	           1003	
 11/22-15:09	2405.400	2406.600	2405.400	2406.400	           1441	
 11/22-15:10	2406.600	2407.000	2405.800	2407.000	           2098	
 11/22-15:11	2407.000	2407.800	2406.600	2406.600	           2195	
 11/22-15:12	2406.800	2406.800	2405.400	2406.400	           1864	
 11/22-15:13	2406.400	2407.000	2405.600	2406.000	           1535	
 11/22-15:14	2406.000	2406.800	2404.600	2405.400	           2771	
 11/22-15:15	2405.400	2407.600	2405.000	2407.200	           3938	