 07/24-09:16	2228.600	2235.600	2228.600	2231.600	          10685	      1.000	   2240.200	   2242.008	   2239.340	   2241.595	   2238.083	    -10.408	      0.000	      0.000	
 07/24-09:17	2231.800	2232.400	2226.200	2231.200	           5031	      2.000	   2238.050	   2241.567	   2239.350	   2241.402	   2238.240	    -10.367	      0.000	      0.000	
 07/24-09:18	2231.200	2233.600	2230.800	2233.600	           2533	      3.000	   2236.350	   2241.283	   2239.358	   2241.231	   2238.409	     -7.683	      0.000	      0.000	
 07/24-09:19	2234.200	2234.800	2232.000	2234.000	           1831	      4.000	   2234.650	   2241.092	   2239.383	   2241.053	   2238.599	     -7.092	      0.000	      0.000	
 07/24-09:20	2234.000	2236.400	2231.000	2231.000	           2785	      5.000	   2232.250	   2240.817	   2239.367	   2240.846	   2238.789	     -9.817	      0.000	      0.000	
 07/24-09:21	2232.000	2233.000	2231.000	2231.800	           1451	      6.000	   2232.300	   2240.567	   2239.348	   2240.629	   2238.980	     -8.767	      0.000	      0.000	
 07/24-09:22	2232.000	2233.600	2231.800	2232.000	           1073	      7.000	   2232.450	   2240.233	   2239.385	   2240.421	   2239.171	     -8.233	      0.000	      0.000	
 07/24-09:23	2231.800	2233.000	2231.200	2232.200	            794	      8.000	   2232.200	   2239.858	   2239.425	   2240.223	   2239.352	     -7.658	      0.000	      0.000	
 07/24-09:24	2232.000	2232.800	2229.200	2229.800	           1915	      9.000	   2231.350	   2239.417	   2239.454	   2239.996	   2239.533	     -9.617	      0.000	      0.000	
 07/24-09:25	2229.600	2232.400	2229.600	2231.000	           1490	     10.000	   2231.350	   2238.950	   2239.454	   2239.782	   2239.716	     -7.950	      0.000	      0.000	
 07/24-09:26	2231.000	2233.600	2230.800	2232.400	           1380	     11.000	   2231.500	   2238.600	   2239.467	   2239.583	   2239.885	     -6.200	      0.000	      0.000	
 07/24-09:27	2232.200	2232.200	2230.400	2231.200	           1040	     12.000	   2231.350	   2238.183	   2239.427	   2239.371	   2240.037	     -6.983	      0.000	      0.000	
 07/24-09:28	2231.200	2231.800	2230.200	2231.600	            820	     13.000	   2231.200	   2237.808	   2239.390	   2239.137	   2240.174	     -6.208	      0.000	      0.000	
 07/24-09:29	2231.600	2232.200	2229.200	2230.000	           1993	     14.000	   2231.250	   2237.358	   2239.383	   2238.887	   2240.266	     -7.358	      0.000	      0.000	
 07/24-09:30	2229.800	2231.000	2227.800	2230.800	           3126	     15.000	   2231.200	   2237.000	   2239.315	   2238.604	   2240.344	     -6.200	      0.000	      0.000	
 07/24-09:31	2230.400	2232.600	2229.400	2230.400	           2333	     16.000	   2230.800	   2236.625	   2239.246	   2238.377	   2240.407	     -6.225	      0.000	      0.000	
 07/24-09:32	2230.200	2234.400	2230.000	2233.000	           3347	     17.000	   2231.150	   2236.292	   2239.225	   2238.167	   2240.490	     -3.292	      0.000	      0.000	
 07/24-09:33	2232.800	2235.000	2232.200	2234.200	           2440	     18.000	   2231.700	   2236.025	   2239.179	   2237.979	   2240.572	     -1.825	      0.000	      0.000	
 07/24-09:34	2234.000	2235.800	2233.000	2233.800	           3136	     19.000	   2232.450	   2235.750	   2239.117	   2237.797	   2240.652	     -1.950	      0.000	      0.000	
 07/24-09:35	2234.000	2236.800	2233.400	2234.800	           3664	     20.000	   2233.250	   2235.542	   2239.000	   2237.620	   2240.726	     -0.742	      0.000	      0.000	
 07/24-09:36	2234.400	2237.000	2233.400	2237.000	           2410	     21.000	   2234.550	   2235.375	   2238.929	   2237.468	   2240.778	      1.625	      0.000	      0.000	
 07/24-09:37	2237.000	2237.400	2234.000	2234.600	           3038	     22.000	   2234.900	   2235.117	   2238.821	   2237.326	   2240.836	     -0.517	      0.000	      0.000	
 07/24-09:38	2234.600	2236.800	2234.600	2236.600	           1822	     23.000	   2235.350	   2234.908	   2238.725	   2237.235	   2240.871	      1.692	      0.000	      0.000	
 07/24-09:39	2236.600	2241.000	2235.600	2239.000	           5342	     24.000	   2236.400	   2234.775	   2238.671	   2237.185	   2240.881	      4.225	      0.000	      0.000	
 07/24-09:40	2239.000	2242.000	2239.000	2241.600	           3556	     25.000	   2237.750	   2234.700	   2238.667	   2237.201	   2240.879	      6.900	      0.000	      0.000	
 07/24-09:41	2241.000	2241.000	2238.200	2238.200	           3599	     26.000	   2238.000	   2234.558	   2238.563	   2237.170	   2240.817	      3.642	      0.000	      0.000	
 07/24-09:42	2238.600	2241.000	2238.400	2239.600	           2291	     27.000	   2239.000	   2234.483	   2238.462	   2237.156	   2240.816	      5.117	      0.000	      0.000	
 07/24-09:43	2239.600	2239.600	2237.400	2239.400	           2681	     28.000	   2239.550	   2234.392	   2238.408	   2237.140	   2240.822	      5.008	      0.000	      0.000	
 07/24-09:44	2239.200	2240.600	2237.800	2237.800	           2226	     29.000	   2239.300	   2234.233	   2238.292	   2237.110	   2240.826	      3.567	      0.000	      0.000	
 07/24-09:45	2237.800	2242.800	2236.600	2242.800	           4805	     30.000	   2239.600	   2234.233	   2238.308	   2237.171	   2240.844	      8.567	      0.000	      0.000	
 07/24-09:46	2242.400	2242.400	2236.200	2236.600	           6094	     31.000	   2239.250	   2234.400	   2238.204	   2237.169	   2240.834	      2.200	      0.000	      0.000	
 07/24-09:47	2236.200	2237.400	2235.000	2235.400	           3731	     32.000	   2238.400	   2234.542	   2238.054	   2237.123	   2240.821	      0.858	      0.000	      0.000	
 07/24-09:48	2235.400	2237.000	2233.200	2233.200	           3644	     33.000	   2237.150	   2234.525	   2237.904	   2237.060	   2240.805	     -1.325	      0.000	      0.000	
 07/24-09:49	2233.000	2235.600	2232.400	2233.400	           4306	     34.000	   2236.300	   2234.508	   2237.800	   2237.044	   2240.824	     -1.108	      0.000	      0.000	
 07/24-09:50	2233.400	2234.000	2231.200	2232.000	           3926	     35.000	   2234.100	   2234.542	   2237.679	   2237.000	   2240.846	     -2.542	      0.000	      0.000	
 07/24-09:51	2232.000	2233.400	2231.600	2232.400	           3106	     36.000	   2233.300	   2234.567	   2237.567	   2236.954	   2240.867	     -2.167	      0.000	      0.000	
 07/24-09:52	2232.000	2233.800	2230.200	2230.200	           2761	     37.000	   2232.200	   2234.500	   2237.367	   2236.894	   2240.881	     -4.300	      0.000	      0.000	
 07/24-09:53	2231.000	2234.000	2230.600	2232.800	           2799	     38.000	   2232.200	   2234.525	   2237.192	   2236.854	   2240.902	     -1.725	      0.000	      0.000	
 07/24-09:54	2232.800	2234.200	2231.800	2232.800	           1820	     39.000	   2232.050	   2234.625	   2237.021	   2236.819	   2240.906	     -1.825	      0.000	      0.000	
 07/24-09:55	2232.600	2233.800	2231.600	2232.200	           1628	     40.000	   2232.100	   2234.667	   2236.808	   2236.773	   2240.910	     -2.467	      0.000	      0.000	
 07/24-09:56	2232.200	2233.800	2231.000	2233.600	           2283	     41.000	   2232.300	   2234.700	   2236.650	   2236.805	   2240.890	     -1.100	      0.000	      0.000	
 07/24-09:57	2233.400	2236.200	2233.000	2235.800	           3616	     42.000	   2233.450	   2234.850	   2236.517	   2236.856	   2240.881	      0.950	      0.000	      0.000	
 07/24-09:58	2236.000	2236.400	2235.200	2235.800	           2270	     43.000	   2234.000	   2234.992	   2236.400	   2236.891	   2240.873	      0.808	      0.000	      0.000	
 07/24-09:59	2236.000	2237.200	2235.600	2236.600	           2492	     44.000	   2234.800	   2235.217	   2236.288	   2236.927	   2240.892	      1.384	      0.000	      0.000	
 07/24-10:00	2236.600	2237.600	2235.800	2235.800	           2599	     45.000	   2235.500	   2235.383	   2236.192	   2236.945	   2240.909	      0.417	      0.000	      0.000	
 07/24-10:01	2235.800	2236.800	2234.800	2235.400	           1984	     46.000	   2235.900	   2235.550	   2236.087	   2236.940	   2240.931	     -0.150	      0.000	      0.000	
 07/24-10:02	2235.000	2236.200	2234.200	2235.200	           1835	     47.000	   2235.750	   2235.617	   2235.954	   2236.921	   2240.928	     -0.417	      0.000	      0.000	
 07/24-10:03	2235.400	2236.800	2235.200	2236.000	           1424	     48.000	   2235.800	   2235.675	   2235.850	   2236.926	   2240.935	      0.325	      0.000	      0.000	
 07/24-10:04	2236.000	2239.200	2236.000	2238.200	           3565	     49.000	   2236.100	   2235.825	   2235.788	   2236.937	   2240.936	      2.375	      0.000	      0.000	
 07/24-10:05	2238.400	2239.800	2238.000	2239.000	           2480	     50.000	   2236.750	   2235.967	   2235.754	   2236.970	   2240.938	      3.033	      0.000	      0.000	
 07/24-10:06	2238.800	2239.800	2237.800	2238.600	           2329	     51.000	   2237.400	   2236.025	   2235.700	   2236.990	   2240.955	      2.575	      0.000	      0.000	
 07/24-10:07	2238.600	2240.800	2238.000	2238.600	           2711	     52.000	   2238.100	   2236.150	   2235.633	   2237.027	   2240.963	      2.450	      0.000	      0.000	
 07/24-10:08	2239.000	2239.200	2236.600	2237.600	           2979	     53.000	   2238.400	   2236.183	   2235.546	   2237.026	   2240.980	      1.417	      0.000	      0.000	
 07/24-10:09	2237.600	2238.400	2233.400	2233.800	           4138	     54.000	   2237.550	   2236.017	   2235.396	   2237.041	   2240.978	     -2.217	      0.000	      0.000	
 07/24-10:10	2234.000	2235.000	2232.800	2233.400	           3184	     55.000	   2236.400	   2235.742	   2235.221	   2237.040	   2240.980	     -2.342	      0.000	      0.000	
 07/24-10:11	2233.600	2234.200	2232.400	2233.600	           2177	     56.000	   2235.400	   2235.592	   2235.075	   2237.035	   2240.985	     -1.991	      0.000	      0.000	
 07/24-10:12	2233.600	2233.600	2232.000	2232.800	           2006	     57.000	   2234.250	   2235.358	   2234.921	   2237.010	   2240.982	     -2.558	      0.000	      0.000	
 07/24-10:13	2233.000	2233.400	2231.600	2232.600	           2144	     58.000	   2233.250	   2235.133	   2234.762	   2236.984	   2240.990	     -2.533	      0.000	      0.000	
 07/24-10:14	2232.400	2233.800	2231.800	2232.000	           2048	     59.000	   2232.850	   2234.942	   2234.587	   2236.942	   2241.009	     -2.942	      0.000	      0.000	
 07/24-10:15	2232.400	2232.600	2230.600	2231.800	           3227	     60.000	   2232.550	   2234.567	   2234.400	   2236.894	   2241.031	     -2.767	      0.000	      0.000	
 07/24-10:16	2232.000	2234.400	2231.800	2232.600	           2624	     61.000	   2232.350	   2234.442	   2234.421	   2236.880	   2241.060	     -1.842	      0.000	      0.000	
 07/24-10:17	2232.800	2233.600	2232.600	2233.000	           1258	     62.000	   2232.400	   2234.358	   2234.450	   2236.900	   2241.083	     -1.358	      0.000	      0.000	
 07/24-10:18	2233.000	2234.400	2233.000	2233.400	           1356	     63.000	   2232.550	   2234.367	   2234.446	   2236.902	   2241.093	     -0.967	      0.000	      0.000	
 07/24-10:19	2233.200	2233.200	2231.600	2232.800	           2171	     64.000	   2232.750	   2234.350	   2234.429	   2236.906	   2241.089	     -1.550	      0.000	      0.000	
 07/24-10:20	2232.800	2232.800	2228.200	2228.800	           5427	     65.000	   2232.150	   2234.242	   2234.392	   2236.879	   2241.074	     -5.442	      0.000	      0.000	
 07/24-10:21	2228.200	2230.400	2228.200	2230.000	           3688	     66.000	   2231.600	   2234.158	   2234.363	   2236.855	   2241.055	     -4.158	      0.000	      0.000	
 07/24-10:22	2230.000	2230.000	2221.600	2223.200	           8186	     67.000	   2229.650	   2233.933	   2234.217	   2236.801	   2241.008	    -10.733	      0.000	      0.000	
 07/24-10:23	2223.000	2223.200	2214.200	2216.200	          12983	     68.000	   2226.200	   2233.367	   2233.946	   2236.685	   2240.910	    -17.167	      0.000	      0.000	
 07/24-10:24	2216.400	2217.000	2209.600	2210.400	           9188	     69.000	   2221.700	   2232.625	   2233.625	   2236.540	   2240.799	    -22.225	      0.000	      1.000	
 07/24-10:25	2211.400	2215.600	2210.600	2215.400	           6303	     70.000	   2219.050	   2232.067	   2233.367	   2236.410	   2240.688	    -16.667	      0.000	      0.000	
 07/24-10:26	2214.800	2215.600	2212.200	2214.000	           3840	     71.000	   2215.850	   2231.417	   2233.058	   2236.262	   2240.580	    -17.417	      0.000	      0.000	
 07/24-10:27	2213.800	2215.200	2212.400	2212.800	           3145	     72.000	   2213.750	   2230.650	   2232.750	   2236.089	   2240.484	    -17.850	      0.000	      0.000	
 07/24-10:28	2213.000	2216.000	2211.800	2214.600	           4344	     73.000	   2213.450	   2229.942	   2232.467	   2235.928	   2240.391	    -15.342	      0.000	      0.000	
 07/24-10:29	2214.600	2214.800	2208.000	2209.200	           7490	     74.000	   2213.200	   2229.025	   2232.121	   2235.752	   2240.276	    -19.825	      0.000	      0.000	
 07/24-10:30	2209.200	2214.000	2209.200	2211.400	           4386	     75.000	   2212.400	   2228.217	   2231.800	   2235.557	   2240.139	    -16.817	      0.000	      0.000	
 07/24-10:31	2211.600	2214.200	2211.200	2213.400	           2377	     76.000	   2212.250	   2227.475	   2231.512	   2235.379	   2240.006	    -14.075	      0.000	      0.000	
 07/24-10:32	2213.200	2214.400	2211.400	2213.600	           3161	     77.000	   2212.450	   2226.767	   2231.192	   2235.208	   2239.826	    -13.167	      0.000	      0.000	
 07/24-10:33	2214.000	2214.800	2213.200	2213.800	           2769	     78.000	   2212.300	   2226.025	   2230.850	   2235.015	   2239.661	    -12.225	      0.000	      0.000	
 07/24-10:34	2213.600	2215.200	2213.000	2213.600	           3772	     79.000	   2213.150	   2225.200	   2230.512	   2234.815	   2239.515	    -11.600	      0.000	      0.000	
 07/24-10:35	2213.200	2214.400	2212.400	2212.600	           2306	     80.000	   2213.400	   2224.325	   2230.146	   2234.573	   2239.373	    -11.725	      0.000	      0.000	
 07/24-10:36	2212.200	2217.000	2212.200	2217.000	           4913	     81.000	   2214.150	   2223.600	   2229.813	   2234.371	   2239.251	     -6.600	      0.000	      0.000	
 07/24-10:37	2216.600	2217.800	2215.400	2217.000	           3176	     82.000	   2214.800	   2222.883	   2229.517	   2234.169	   2239.117	     -5.883	      0.000	      0.000	
 07/24-10:38	2217.200	2219.000	2215.400	2218.000	           3250	     83.000	   2215.650	   2222.233	   2229.208	   2233.967	   2239.006	     -4.233	      0.000	      0.000	
 07/24-10:39	2218.000	2218.000	2215.000	2215.600	           2769	     84.000	   2216.050	   2221.617	   2228.817	   2233.744	   2238.913	     -6.017	      0.000	      0.000	
 07/24-10:40	2215.000	2215.200	2213.400	2214.600	           3014	     85.000	   2216.400	   2220.992	   2228.367	   2233.517	   2238.835	     -6.392	      0.000	      0.000	
 07/24-10:41	2214.400	2216.600	2214.000	2216.000	           2039	     86.000	   2216.200	   2220.400	   2227.996	   2233.279	   2238.758	     -4.400	      0.000	      0.000	
 07/24-10:42	2216.000	2218.600	2215.800	2217.000	           2712	     87.000	   2216.200	   2219.875	   2227.617	   2233.040	   2238.678	     -2.875	      0.000	      0.000	
 07/24-10:43	2217.000	2217.200	2212.200	2213.400	           3939	     88.000	   2215.300	   2219.242	   2227.188	   2232.798	   2238.610	     -5.842	      0.000	      0.000	
 07/24-10:44	2213.200	2214.400	2211.400	2213.000	           3421	     89.000	   2214.800	   2218.608	   2226.775	   2232.533	   2238.531	     -5.608	      0.000	      0.000	
 07/24-10:45	2213.000	2214.400	2212.000	2212.000	           2416	     90.000	   2214.300	   2217.950	   2226.258	   2232.283	   2238.444	     -5.950	      0.000	      0.000	
 07/24-10:46	2211.800	2212.000	2204.200	2206.800	          11747	     91.000	   2212.450	   2217.083	   2225.762	   2231.983	   2238.336	    -10.283	      0.000	      0.000	
 07/24-10:47	2207.000	2207.200	2202.200	2204.800	           7157	     92.000	   2210.000	   2216.142	   2225.250	   2231.652	   2238.218	    -11.342	      0.000	      0.000	
 07/24-10:48	2204.600	2205.800	2201.200	2205.800	           5757	     93.000	   2208.500	   2215.233	   2224.800	   2231.352	   2238.119	     -9.433	      0.000	      0.000	
 07/24-10:49	2206.000	2209.000	2205.400	2208.400	           4815	     94.000	   2207.550	   2214.408	   2224.379	   2231.090	   2238.001	     -6.009	      0.000	      0.000	
 07/24-10:50	2208.600	2209.400	2207.800	2208.400	           2456	     95.000	   2206.850	   2213.733	   2223.988	   2230.833	   2237.884	     -5.333	      0.000	      0.000	
 07/24-10:51	2208.400	2214.400	2208.200	2212.600	           6775	     96.000	   2208.000	   2213.150	   2223.654	   2230.610	   2237.786	     -0.550	      0.000	      0.000	
 07/24-10:52	2213.000	2215.600	2213.000	2213.600	           4419	     97.000	   2209.800	   2212.833	   2223.383	   2230.375	   2237.677	      0.767	      0.000	      0.000	
 07/24-10:53	2213.400	2214.600	2212.800	2214.000	           2028	     98.000	   2211.400	   2212.767	   2223.067	   2230.129	   2237.563	      1.233	      0.000	      0.000	
 07/24-10:54	2214.000	2216.000	2213.600	2214.400	           2983	     99.000	   2212.600	   2212.892	   2222.758	   2229.890	   2237.455	      1.508	      0.000	      0.000	
 07/24-10:55	2214.200	2214.800	2212.800	2213.800	           2507	    100.000	   2213.650	   2212.833	   2222.450	   2229.629	   2237.361	      0.967	      0.000	      0.000	
 07/24-10:56	2214.000	2214.000	2212.800	2213.000	           1625	    101.000	   2213.750	   2212.800	   2222.108	   2229.379	   2237.278	      0.200	      0.000	      0.000	
 07/24-10:57	2213.000	2214.200	2212.400	2214.000	           2431	    102.000	   2213.800	   2212.842	   2221.746	   2229.131	   2237.195	      1.158	      0.000	      0.000	
 07/24-10:58	2213.800	2215.000	2209.800	2209.800	           3451	    103.000	   2213.000	   2212.692	   2221.317	   2228.858	   2237.083	     -2.892	      0.000	      0.000	
 07/24-10:59	2209.600	2211.200	2207.200	2210.600	           4798	    104.000	   2212.250	   2212.733	   2220.879	   2228.583	   2236.962	     -2.133	      0.000	      0.000	
 07/24-11:00	2210.800	2211.000	2207.400	2207.400	           3224	    105.000	   2211.000	   2212.600	   2220.408	   2228.300	   2236.831	     -5.200	      0.000	      0.000	
 07/24-11:01	2207.400	2208.600	2195.600	2197.200	          11567	    106.000	   2207.800	   2212.058	   2219.767	   2227.927	   2236.639	    -14.858	      0.000	      0.000	
 07/24-11:02	2197.200	2198.200	2187.000	2189.600	          15583	    107.000	   2202.950	   2211.258	   2219.012	   2227.483	   2236.399	    -21.658	      0.000	      0.000	
 07/24-11:03	2189.600	2192.000	2187.000	2190.000	           7714	    108.000	   2198.950	   2210.467	   2218.246	   2227.048	   2236.137	    -20.467	      0.000	      0.000	
 07/24-11:04	2190.400	2193.000	2190.200	2191.800	           4592	    109.000	   2195.200	   2209.742	   2217.471	   2226.629	   2235.904	    -17.942	      0.000	      0.000	
 07/24-11:05	2191.400	2191.600	2185.200	2186.800	           7065	    110.000	   2191.050	   2208.875	   2216.600	   2226.177	   2235.602	    -22.075	      0.000	      0.000	
 07/24-11:06	2186.200	2191.000	2182.800	2191.000	           7745	    111.000	   2189.850	   2208.008	   2215.804	   2225.752	   2235.336	    -17.008	      0.000	      0.000	
 07/24-11:07	2191.000	2192.600	2189.600	2191.200	           4042	    112.000	   2190.150	   2207.150	   2215.017	   2225.325	   2235.097	    -15.950	      0.000	      0.000	
 07/24-11:08	2191.000	2191.600	2189.000	2190.600	           2856	    113.000	   2190.250	   2206.233	   2214.233	   2224.890	   2234.850	    -15.633	      0.000	      0.000	
 07/24-11:09	2191.400	2191.400	2182.400	2185.000	           6508	    114.000	   2188.900	   2205.217	   2213.417	   2224.406	   2234.535	    -20.217	      0.000	      0.000	
 07/24-11:10	2185.400	2187.600	2183.000	2183.000	           5457	    115.000	   2188.150	   2204.167	   2212.579	   2223.900	   2234.235	    -21.167	      0.000	      0.000	
 07/24-11:11	2182.600	2182.600	2175.200	2177.200	          10967	    116.000	   2185.400	   2202.875	   2211.637	   2223.356	   2233.893	    -25.675	      0.000	      0.000	
 07/24-11:12	2177.800	2179.400	2172.400	2174.200	           7940	    117.000	   2182.000	   2201.450	   2210.663	   2222.792	   2233.550	    -27.250	      0.000	      0.000	
 07/24-11:13	2174.000	2177.800	2171.800	2177.600	           5413	    118.000	   2179.400	   2200.250	   2209.746	   2222.254	   2233.247	    -22.650	      0.000	      0.000	
 07/24-11:14	2177.400	2180.800	2176.200	2178.400	           3706	    119.000	   2178.100	   2199.100	   2208.854	   2221.721	   2232.941	    -20.700	      0.000	      0.000	
 07/24-11:15	2178.600	2182.000	2177.600	2178.400	           4780	    120.000	   2177.200	   2197.983	   2207.967	   2221.183	   2232.639	    -19.583	      0.000	      0.000	
 07/24-11:16	2179.000	2181.600	2178.400	2179.400	           2647	    121.000	   2177.600	   2197.067	   2207.075	   2220.748	   2232.316	    -17.667	      0.000	      0.000	
 07/24-11:17	2179.600	2181.400	2179.400	2179.600	           2237	    122.000	   2178.700	   2196.233	   2206.188	   2220.319	   2231.997	    -16.633	      0.000	      0.000	
 07/24-11:18	2179.600	2180.400	2173.200	2180.400	           5508	    123.000	   2179.250	   2195.375	   2205.304	   2219.875	   2231.674	    -14.975	      0.000	      0.000	
 07/24-11:19	2180.600	2183.400	2176.600	2181.800	           5092	    124.000	   2179.900	   2194.492	   2204.450	   2219.440	   2231.360	    -12.692	      0.000	      0.000	
 07/24-11:20	2181.400	2182.400	2179.800	2180.200	           2318	    125.000	   2180.250	   2193.550	   2203.642	   2219.017	   2231.035	    -13.350	      0.000	      0.000	
 07/24-11:21	2180.600	2180.800	2175.800	2179.400	           3607	    126.000	   2180.300	   2192.450	   2202.800	   2218.581	   2230.709	    -13.050	      0.000	      0.000	
 07/24-11:22	2179.800	2182.600	2179.800	2181.600	           2687	    127.000	   2180.650	   2191.375	   2202.104	   2218.160	   2230.367	     -9.775	      0.000	      0.000	
 07/24-11:23	2181.200	2184.600	2180.400	2181.200	           3428	    128.000	   2180.850	   2190.283	   2201.525	   2217.735	   2230.058	     -9.083	      0.000	      0.000	
 07/24-11:24	2181.400	2182.200	2176.200	2177.200	           4391	    129.000	   2179.950	   2189.050	   2200.971	   2217.298	   2229.743	    -11.850	      0.000	      0.000	
 07/24-11:25	2177.200	2181.000	2177.200	2180.200	           2323	    130.000	   2179.950	   2187.933	   2200.383	   2216.875	   2229.435	     -7.733	      0.000	      0.000	
 07/24-11:26	2180.800	2183.000	2179.000	2183.000	           2760	    131.000	   2180.650	   2186.933	   2199.867	   2216.462	   2229.144	     -3.933	      0.000	      0.000	
 07/24-11:27	2183.000	2191.000	2182.000	2189.800	           9151	    132.000	   2182.300	   2186.125	   2199.483	   2216.117	   2228.885	      3.675	      0.000	      0.000	
 07/24-11:28	2189.200	2190.200	2186.400	2189.400	           3698	    133.000	   2183.900	   2185.433	   2199.063	   2215.765	   2228.626	      3.967	      0.000	      0.000	
 07/24-11:29	2189.200	2190.800	2188.200	2188.400	           2950	    134.000	   2186.150	   2184.700	   2198.717	   2215.419	   2228.358	      3.700	      0.000	      0.000	
 07/24-11:30	2188.400	2190.600	2187.400	2189.000	           3464	    135.000	   2187.900	   2184.083	   2198.342	   2215.071	   2228.091	      4.917	      0.000	      0.000	
 07/24-13:01	2189.000	2200.000	2188.600	2198.800	          10383	    136.000	   2191.050	   2184.142	   2198.100	   2214.806	   2227.855	     14.658	      0.000	      0.000	
 07/24-13:02	2198.600	2199.600	2197.400	2199.200	           3693	    137.000	   2192.950	   2184.458	   2197.858	   2214.525	   2227.624	     14.742	      0.000	      0.000	
 07/24-13:03	2199.000	2199.000	2195.600	2196.200	           3704	    138.000	   2194.350	   2184.667	   2197.567	   2214.208	   2227.385	     11.533	      0.000	      0.000	
 07/24-13:04	2196.200	2197.600	2195.200	2197.200	           2417	    139.000	   2196.100	   2184.850	   2197.296	   2213.904	   2227.146	     12.350	      0.000	      0.000	
 07/24-13:05	2197.400	2197.400	2195.200	2196.400	           2075	    140.000	   2197.550	   2185.167	   2197.021	   2213.583	   2226.905	     11.233	      0.000	      0.000	
 07/24-13:06	2196.200	2198.000	2195.000	2197.600	           2799	    141.000	   2197.350	   2185.392	   2196.700	   2213.256	   2226.670	     12.208	      0.000	      0.000	
 07/24-13:07	2197.400	2198.600	2195.400	2198.400	           2439	    142.000	   2197.150	   2185.625	   2196.387	   2212.952	   2226.436	     12.775	      0.000	      0.000	
 07/24-13:08	2198.800	2205.400	2198.400	2203.600	           8712	    143.000	   2198.650	   2186.067	   2196.150	   2212.679	   2226.213	     17.533	      0.000	      0.000	
 07/24-13:09	2203.600	2204.000	2202.400	2202.400	           2783	    144.000	   2199.650	   2186.642	   2195.929	   2212.373	   2225.982	     15.758	      0.000	      0.000	
 07/24-13:10	2202.200	2204.200	2201.600	2203.800	           3160	    145.000	   2201.150	   2187.333	   2195.750	   2212.058	   2225.738	     16.467	      0.000	      0.000	
 07/24-13:11	2203.800	2203.800	2202.000	2202.400	           1832	    146.000	   2202.100	   2188.175	   2195.525	   2211.760	   2225.517	     14.225	      0.000	      0.000	
 07/24-13:12	2202.600	2202.600	2198.400	2200.800	           4081	    147.000	   2202.600	   2189.058	   2195.254	   2211.435	   2225.287	     11.742	      0.000	      0.000	
 07/24-13:13	2200.200	2202.200	2199.200	2202.200	           1883	    148.000	   2202.300	   2189.883	   2195.067	   2211.127	   2225.069	     12.317	      0.000	      0.000	
 07/24-13:14	2202.400	2203.000	2198.200	2198.600	           2867	    149.000	   2201.550	   2190.550	   2194.825	   2210.800	   2224.841	      8.050	      0.000	      0.000	
 07/24-13:15	2198.600	2203.400	2198.400	2202.400	           2923	    150.000	   2201.300	   2191.350	   2194.667	   2210.462	   2224.626	     11.050	      0.000	      0.000	
 07/24-13:16	2202.800	2202.800	2198.800	2200.400	           1937	    151.000	   2200.900	   2192.058	   2194.563	   2210.163	   2224.407	      8.342	      0.000	      0.000	
 07/24-13:17	2200.000	2203.800	2199.800	2202.600	           2536	    152.000	   2201.250	   2192.817	   2194.525	   2209.887	   2224.210	      9.783	      0.000	      0.000	
 07/24-13:18	2202.800	2203.000	2200.200	2202.000	           2122	    153.000	   2201.200	   2193.542	   2194.458	   2209.629	   2224.029	      8.458	      0.000	      0.000	
 07/24-13:19	2202.200	2202.800	2199.600	2201.600	           2796	    154.000	   2201.800	   2194.200	   2194.346	   2209.363	   2223.855	      7.400	      0.000	      0.000	
 07/24-13:20	2201.600	2203.000	2200.800	2202.200	           1926	    155.000	   2201.750	   2194.933	   2194.242	   2209.115	   2223.706	      7.267	      0.000	      0.000	
 07/24-13:21	2202.200	2203.800	2199.800	2200.800	           3068	    156.000	   2201.800	   2195.642	   2194.046	   2208.850	   2223.541	      5.158	      0.000	      0.000	
 07/24-13:22	2200.600	2200.600	2194.400	2197.800	           6124	    157.000	   2200.900	   2196.192	   2193.783	   2208.583	   2223.367	      1.608	      0.000	      0.000	
 07/24-13:23	2198.000	2200.800	2197.600	2200.800	           3320	    158.000	   2200.650	   2196.842	   2193.563	   2208.315	   2223.205	      3.958	      0.000	      0.000	
 07/24-13:24	2200.800	2201.000	2198.600	2200.800	           2116	    159.000	   2200.500	   2197.625	   2193.337	   2208.048	   2223.043	      3.175	      0.000	      0.000	
 07/24-13:25	2200.600	2203.000	2200.400	2200.800	           3156	    160.000	   2200.200	   2198.308	   2193.121	   2207.785	   2222.903	      2.492	      0.000	      0.000	
 07/24-13:26	2200.600	2202.400	2200.200	2200.200	           1937	    161.000	   2200.100	   2198.883	   2192.908	   2207.508	   2222.757	      1.317	      0.000	      0.000	
 07/24-13:27	2200.000	2202.400	2200.000	2201.600	           1655	    162.000	   2200.800	   2199.275	   2192.700	   2207.223	   2222.599	      2.325	      0.000	      0.000	
 07/24-13:28	2201.800	2203.600	2201.400	2203.400	           2220	    163.000	   2201.350	   2199.750	   2192.592	   2206.954	   2222.451	      3.650	      0.000	      0.000	
 07/24-13:29	2203.200	2203.400	2201.600	2203.200	           1916	    164.000	   2201.850	   2200.242	   2192.471	   2206.675	   2222.322	      2.958	      0.000	      0.000	
 07/24-13:30	2203.000	2203.200	2198.400	2198.600	           3502	    165.000	   2201.400	   2200.558	   2192.321	   2206.365	   2222.167	     -1.958	      0.000	      0.000	
 07/24-13:31	2198.600	2200.800	2196.400	2198.200	           3656	    166.000	   2201.000	   2200.542	   2192.342	   2206.054	   2222.008	     -2.342	      0.000	      0.000	
 07/24-13:32	2198.600	2198.800	2196.400	2197.800	           2943	    167.000	   2200.250	   2200.492	   2192.475	   2205.744	   2221.850	     -2.692	      0.000	      0.000	
 07/24-13:33	2198.000	2198.400	2190.800	2192.600	           6811	    168.000	   2198.100	   2200.375	   2192.521	   2205.383	   2221.670	     -7.775	      0.000	      0.000	
 07/24-13:34	2192.400	2193.400	2191.400	2192.800	           3423	    169.000	   2196.000	   2200.225	   2192.538	   2205.004	   2221.493	     -7.425	      0.000	      0.000	
 07/24-13:35	2193.000	2193.400	2190.800	2191.600	           3016	    170.000	   2194.600	   2200.067	   2192.617	   2204.608	   2221.308	     -8.467	      0.000	      0.000	
 07/24-13:36	2191.400	2194.000	2191.000	2192.400	           2619	    171.000	   2193.450	   2199.892	   2192.642	   2204.223	   2221.159	     -7.492	      0.000	      0.000	
 07/24-13:37	2192.600	2194.200	2192.200	2192.400	           1925	    172.000	   2192.350	   2199.692	   2192.658	   2203.837	   2221.010	     -7.292	      0.000	      0.000	
 07/24-13:38	2192.600	2192.600	2188.600	2189.200	           5337	    173.000	   2191.650	   2199.208	   2192.637	   2203.435	   2220.841	    -10.008	      0.000	      0.000	
 07/24-13:39	2189.200	2190.200	2187.200	2187.800	           3910	    174.000	   2190.650	   2198.725	   2192.683	   2203.050	   2220.662	    -10.925	      0.000	      0.000	
 07/24-13:40	2187.600	2189.800	2187.000	2189.600	           2763	    175.000	   2190.300	   2198.258	   2192.796	   2202.688	   2220.487	     -8.658	      0.000	      0.000	
 07/24-13:41	2189.600	2189.800	2186.800	2189.000	           3089	    176.000	   2189.600	   2197.808	   2192.992	   2202.315	   2220.298	     -8.808	      0.000	      0.000	
 07/24-13:42	2189.000	2193.400	2188.400	2192.000	           3825	    177.000	   2189.550	   2197.517	   2193.288	   2201.975	   2220.117	     -5.517	      0.000	      0.000	
 07/24-13:43	2192.000	2196.000	2191.200	2193.600	           4091	    178.000	   2190.400	   2197.225	   2193.554	   2201.650	   2219.949	     -3.625	      0.000	      0.000	
 07/24-13:44	2193.800	2194.800	2192.400	2193.000	           1762	    179.000	   2191.450	   2197.042	   2193.796	   2201.325	   2219.773	     -4.042	      0.000	      0.000	
 07/24-13:45	2192.800	2193.000	2189.000	2190.600	           3739	    180.000	   2191.650	   2196.650	   2194.000	   2200.983	   2219.596	     -6.050	      0.000	      0.000	
 07/24-13:46	2190.800	2191.400	2189.200	2190.600	           2196	    181.000	   2191.950	   2196.317	   2194.188	   2200.631	   2219.413	     -5.717	      0.000	      0.000	
 07/24-13:47	2190.400	2194.000	2190.200	2191.400	           2571	    182.000	   2191.850	   2195.950	   2194.383	   2200.285	   2219.243	     -4.550	      0.000	      0.000	
 07/24-13:48	2191.400	2194.000	2191.000	2193.800	           2004	    183.000	   2191.900	   2195.675	   2194.608	   2199.956	   2219.067	     -1.875	      0.000	      0.000	
 07/24-13:49	2193.800	2195.600	2193.000	2193.000	           2680	    184.000	   2191.900	   2195.392	   2194.796	   2199.623	   2218.910	     -2.392	      0.000	      0.000	
 07/24-13:50	2193.200	2196.800	2193.000	2196.800	           3208	    185.000	   2193.100	   2195.208	   2195.071	   2199.356	   2218.764	      1.592	      0.000	      0.000	
 07/24-13:51	2197.400	2200.600	2197.200	2200.000	           5541	    186.000	   2195.000	   2195.183	   2195.413	   2199.106	   2218.627	      4.817	      0.000	      0.000	
 07/24-13:52	2199.800	2202.000	2199.000	2200.400	           4007	    187.000	   2196.800	   2195.267	   2195.729	   2198.917	   2218.486	      5.133	      0.000	      0.000	
 07/24-13:53	2200.600	2202.800	2200.200	2201.600	           2822	    188.000	   2198.350	   2195.292	   2196.067	   2198.796	   2218.350	      6.308	      0.000	      0.000	
 07/24-13:54	2201.600	2202.400	2200.800	2202.000	           2646	    189.000	   2200.150	   2195.333	   2196.479	   2198.725	   2218.209	      6.667	      0.000	      0.000	
 07/24-13:55	2202.400	2213.800	2202.400	2211.000	          13437	    190.000	   2203.000	   2195.675	   2196.992	   2198.688	   2218.103	     15.325	      0.000	      0.000	
 07/24-13:56	2210.600	2219.800	2210.600	2217.200	          10803	    191.000	   2206.450	   2196.242	   2197.563	   2198.715	   2218.034	     20.958	      0.000	      0.000	
 07/24-13:57	2217.400	2218.000	2216.000	2216.400	           6140	    192.000	   2209.600	   2196.733	   2198.004	   2198.744	   2217.977	     19.667	      0.000	      0.000	
 07/24-13:58	2216.400	2217.400	2214.000	2215.000	           4998	    193.000	   2212.300	   2197.117	   2198.433	   2198.748	   2217.905	     17.883	      0.000	      0.000	
 07/24-13:59	2214.800	2216.200	2213.800	2216.000	           2923	    194.000	   2215.100	   2197.542	   2198.892	   2198.804	   2217.839	     18.458	      0.000	      0.000	
 07/24-14:00	2216.000	2219.400	2214.200	2217.600	           5310	    195.000	   2216.450	   2198.183	   2199.371	   2198.856	   2217.782	     19.417	      0.000	      0.000	
 07/24-14:01	2217.200	2217.400	2214.400	2216.200	           4762	    196.000	   2216.250	   2198.783	   2199.663	   2198.881	   2217.716	     17.417	      0.000	      0.000	
 07/24-14:02	2216.200	2223.800	2215.200	2221.000	           8712	    197.000	   2217.200	   2199.558	   2200.025	   2198.942	   2217.680	     21.442	      0.000	      0.000	
 07/24-14:03	2221.000	2224.600	2219.400	2221.200	           7321	    198.000	   2218.400	   2200.500	   2200.438	   2199.002	   2217.645	     20.700	      0.000	      0.000	
 07/24-14:04	2221.200	2224.200	2221.000	2224.200	           4188	    199.000	   2220.050	   2201.550	   2200.887	   2199.092	   2217.630	     22.650	      0.000	      0.000	
 07/24-14:05	2224.000	2224.600	2221.000	2222.800	           3760	    200.000	   2221.050	   2202.592	   2201.329	   2199.175	   2217.597	     20.208	      0.000	      0.000	
 07/24-14:06	2222.800	2222.800	2218.200	2218.400	           4956	    201.000	   2221.500	   2203.458	   2201.675	   2199.188	   2217.544	     14.942	      0.000	      0.000	
 07/24-14:07	2218.600	2219.600	2218.000	2219.200	           3049	    202.000	   2221.150	   2204.358	   2202.025	   2199.206	   2217.487	     14.842	      0.000	      0.000	
 07/24-14:08	2219.200	2222.400	2217.400	2219.000	           4200	    203.000	   2220.750	   2205.350	   2202.279	   2199.215	   2217.427	     13.650	      0.000	      0.000	
 07/24-14:09	2219.200	2221.600	2218.200	2219.200	           2737	    204.000	   2219.750	   2206.400	   2202.563	   2199.246	   2217.383	     12.800	      0.000	      0.000	
 07/24-14:10	2219.200	2220.800	2218.400	2218.400	           2242	    205.000	   2218.850	   2207.350	   2202.804	   2199.277	   2217.316	     11.050	      0.000	      0.000	
 07/24-14:11	2218.800	2218.800	2216.000	2217.000	           4623	    206.000	   2218.550	   2208.283	   2203.046	   2199.285	   2217.246	      8.717	      0.000	      0.000	
 07/24-14:12	2217.400	2222.600	2217.400	2220.800	           3762	    207.000	   2218.850	   2209.242	   2203.379	   2199.317	   2217.192	     11.558	      0.000	      0.000	
 07/24-14:13	2221.000	2227.000	2221.000	2226.400	           5329	    208.000	   2220.350	   2210.342	   2203.783	   2199.425	   2217.150	     16.058	      0.000	      0.000	
 07/24-14:14	2226.800	2227.800	2224.000	2226.200	           6823	    209.000	   2221.750	   2211.450	   2204.246	   2199.535	   2217.105	     14.750	      0.000	      0.000	
 07/24-14:15	2226.200	2227.800	2224.200	2226.000	           4818	    210.000	   2223.300	   2212.625	   2204.637	   2199.652	   2217.042	     13.375	      0.000	      0.000	
 07/24-14:16	2226.200	2227.600	2224.400	2224.400	           2763	    211.000	   2224.750	   2213.750	   2205.033	   2199.798	   2216.974	     10.650	      0.000	      0.000	
 07/24-14:17	2224.600	2226.400	2223.600	2225.200	           2989	    212.000	   2225.650	   2214.875	   2205.413	   2199.969	   2216.910	     10.325	      0.000	      0.000	
 07/24-14:18	2225.000	2226.000	2223.000	2224.600	           2757	    213.000	   2225.300	   2215.908	   2205.792	   2200.125	   2216.840	      8.692	      0.000	      0.000	
 07/24-14:19	2224.800	2228.000	2224.400	2227.000	           4052	    214.000	   2225.450	   2217.042	   2206.217	   2200.281	   2216.779	      9.958	      0.000	      0.000	
 07/24-14:20	2227.200	2228.000	2226.000	2226.600	           2971	    215.000	   2225.550	   2218.033	   2206.621	   2200.431	   2216.718	      8.567	      0.000	      0.000	
 07/24-14:21	2226.600	2228.000	2222.800	2225.000	           4159	    216.000	   2225.700	   2218.867	   2207.025	   2200.535	   2216.640	      6.133	      0.000	      0.000	
 07/24-14:22	2225.000	2226.400	2223.600	2226.400	           2579	    217.000	   2225.950	   2219.733	   2207.500	   2200.642	   2216.563	      6.667	      0.000	      0.000	
 07/24-14:23	2226.600	2234.000	2225.600	2232.400	           7805	    218.000	   2227.450	   2220.758	   2208.025	   2200.794	   2216.522	     11.642	      0.000	      0.000	
 07/24-14:24	2232.400	2235.800	2231.400	2234.800	           6719	    219.000	   2229.000	   2221.850	   2208.592	   2200.965	   2216.482	     12.950	      0.000	      0.000	
 07/24-14:25	2234.600	2236.200	2233.800	2234.400	           4355	    220.000	   2230.600	   2222.633	   2209.154	   2201.137	   2216.452	     11.767	      0.000	      0.000	
 07/24-14:26	2234.400	2235.000	2233.000	2233.400	           2659	    221.000	   2232.300	   2223.175	   2209.708	   2201.308	   2216.415	     10.225	      0.000	      0.000	
 07/24-14:27	2233.000	2234.400	2232.000	2232.800	           2859	    222.000	   2233.550	   2223.725	   2210.229	   2201.465	   2216.368	      9.075	      0.000	      0.000	
 07/24-14:28	2232.400	2234.200	2232.200	2232.800	           2207	    223.000	   2233.650	   2224.317	   2210.717	   2201.654	   2216.331	      8.483	      0.000	      0.000	
 07/24-14:29	2232.600	2236.000	2232.400	2232.400	           3479	    224.000	   2233.200	   2224.867	   2211.204	   2201.837	   2216.302	      7.533	      0.000	      0.000	
 07/24-14:30	2232.200	2232.200	2229.000	2230.200	           5623	    225.000	   2232.300	   2225.275	   2211.729	   2202.025	   2216.265	      4.925	      0.000	      0.000	
 07/24-14:31	2230.200	2232.200	2227.800	2229.000	           3746	    226.000	   2231.400	   2225.700	   2212.242	   2202.292	   2216.224	      3.300	      0.000	      0.000	
 07/24-14:32	2229.400	2230.400	2228.000	2228.200	           2572	    227.000	   2230.500	   2225.942	   2212.750	   2202.613	   2216.169	      2.258	      0.000	      0.000	
 07/24-14:33	2228.000	2230.000	2227.000	2229.600	           3317	    228.000	   2229.900	   2226.233	   2213.367	   2202.944	   2216.114	      3.367	      0.000	      0.000	
 07/24-14:34	2229.200	2229.800	2227.000	2228.400	           2290	    229.000	   2229.050	   2226.367	   2213.958	   2203.248	   2216.055	      2.033	      0.000	      0.000	
 07/24-14:35	2228.400	2230.000	2228.400	2228.800	           2242	    230.000	   2228.800	   2226.567	   2214.579	   2203.598	   2215.990	      2.233	      0.000	      0.000	
 07/24-14:36	2228.800	2237.800	2228.800	2234.800	           7170	    231.000	   2230.000	   2227.117	   2215.288	   2203.965	   2215.958	      7.683	      0.000	      0.000	
 07/24-14:37	2235.000	2236.600	2232.800	2234.000	           3536	    232.000	   2231.150	   2227.608	   2215.983	   2204.321	   2215.919	      6.392	      0.000	      0.000	
 07/24-14:38	2234.000	2237.400	2233.600	2236.200	           3553	    233.000	   2232.400	   2228.175	   2216.762	   2204.700	   2215.892	      8.025	      0.000	      0.000	
 07/24-14:39	2236.200	2237.400	2235.000	2236.200	           3352	    234.000	   2234.000	   2228.742	   2217.571	   2205.127	   2215.863	      7.458	      0.000	      0.000	
 07/24-14:40	2236.600	2239.000	2235.600	2237.600	           4959	    235.000	   2235.800	   2229.392	   2218.371	   2205.583	   2215.848	      8.208	      0.000	      0.000	
 07/24-14:41	2237.400	2238.000	2235.000	2235.400	           2588	    236.000	   2235.850	   2230.000	   2219.142	   2206.067	   2215.822	      5.400	      0.000	      0.000	
 07/24-14:42	2235.000	2236.000	2234.200	2235.000	           2634	    237.000	   2236.050	   2230.475	   2219.858	   2206.573	   2215.790	      4.525	      0.000	      0.000	
 07/24-14:43	2235.000	2236.400	2234.000	2236.200	           1991	    238.000	   2236.100	   2230.800	   2220.571	   2207.063	   2215.766	      5.400	      0.000	      0.000	
 07/24-14:44	2236.200	2236.200	2233.200	2233.200	           2484	    239.000	   2235.500	   2231.033	   2221.242	   2207.519	   2215.731	      2.167	      0.000	      0.000	
 07/24-14:45	2233.200	2237.600	2233.200	2237.600	           2741	    240.000	   2235.450	   2231.417	   2222.021	   2208.010	   2215.717	      6.183	      0.000	      0.000	
 07/24-14:46	2237.600	2237.800	2234.000	2235.200	           2541	    241.000	   2235.450	   2231.783	   2222.767	   2208.477	   2215.690	      3.417	      0.000	      0.000	
 07/24-14:47	2235.200	2235.400	2234.000	2235.000	           1446	    242.000	   2235.450	   2232.108	   2223.492	   2208.938	   2215.660	      2.892	      0.000	      0.000	
 07/24-14:48	2235.000	2236.000	2234.600	2235.600	           1206	    243.000	   2235.300	   2232.467	   2224.188	   2209.398	   2215.631	      3.134	      0.000	      0.000	
 07/24-14:49	2235.400	2235.400	2230.000	2230.400	           5469	    244.000	   2234.750	   2232.583	   2224.813	   2209.804	   2215.581	     -2.183	      0.000	      0.000	
 07/24-14:50	2230.400	2230.800	2228.800	2229.800	           3146	    245.000	   2233.200	   2232.692	   2225.363	   2210.217	   2215.525	     -2.892	      0.000	      0.000	
 07/24-14:51	2230.000	2231.200	2229.000	2229.200	           2554	    246.000	   2232.000	   2232.833	   2225.850	   2210.631	   2215.472	     -3.633	      0.000	      0.000	
 07/24-14:52	2229.400	2230.800	2229.000	2229.600	           2061	    247.000	   2230.900	   2232.933	   2226.333	   2211.031	   2215.422	     -3.333	      0.000	      0.000	
 07/24-14:53	2230.200	2231.000	2229.600	2230.600	           1474	    248.000	   2229.950	   2232.883	   2226.821	   2211.444	   2215.377	     -2.283	      0.000	      0.000	
 07/24-14:54	2230.800	2230.800	2227.400	2229.000	           2989	    249.000	   2229.650	   2232.692	   2227.271	   2211.875	   2215.323	     -3.692	      0.000	      0.000	
 07/24-14:55	2228.200	2229.400	2227.000	2227.000	           2766	    250.000	   2229.100	   2232.442	   2227.538	   2212.265	   2215.259	     -5.442	      0.000	      0.000	
 07/24-14:56	2227.200	2227.200	2225.200	2225.800	           3998	    251.000	   2228.400	   2232.183	   2227.679	   2212.621	   2215.236	     -6.383	      0.000	      0.000	
 07/24-14:57	2225.600	2227.200	2225.400	2225.800	           2574	    252.000	   2227.650	   2231.950	   2227.837	   2212.921	   2215.214	     -6.150	      0.000	      0.000	
 07/24-14:58	2226.000	2227.400	2225.800	2227.000	           1426	    253.000	   2226.900	   2231.758	   2228.038	   2213.235	   2215.188	     -4.758	      0.000	      0.000	
 07/24-14:59	2226.600	2227.000	2225.400	2226.000	           1430	    254.000	   2226.300	   2231.542	   2228.204	   2213.548	   2215.156	     -5.542	      0.000	      0.000	
 07/24-15:00	2225.800	2227.200	2225.800	2226.200	           1745	    255.000	   2226.150	   2231.417	   2228.346	   2213.858	   2215.137	     -5.217	      0.000	      0.000	
 07/24-15:01	2226.200	2227.200	2226.000	2226.000	           1211	    256.000	   2226.200	   2231.317	   2228.508	   2214.085	   2215.114	     -5.317	      0.000	      0.000	
 07/24-15:02	2226.000	2226.800	2225.800	2226.400	            910	    257.000	   2226.350	   2231.258	   2228.600	   2214.313	   2215.092	     -4.858	      0.000	      0.000	
 07/24-15:03	2226.600	2226.600	2225.400	2226.000	           1549	    258.000	   2226.150	   2231.133	   2228.683	   2214.560	   2215.067	     -5.133	      0.000	      0.000	
 07/24-15:04	2225.800	2226.600	2225.400	2226.600	           1229	    259.000	   2226.250	   2231.075	   2228.721	   2214.804	   2215.054	     -4.475	      0.000	      0.000	
 07/24-15:05	2226.400	2228.400	2226.400	2227.200	           2597	    260.000	   2226.450	   2231.025	   2228.796	   2215.063	   2215.039	     -3.825	      0.000	      0.000	
 07/24-15:06	2226.800	2227.600	2226.400	2226.400	           1014	    261.000	   2226.500	   2230.733	   2228.925	   2215.300	   2215.014	     -4.333	      0.000	      0.000	
 07/24-15:07	2226.400	2227.600	2226.400	2227.200	            844	    262.000	   2226.650	   2230.508	   2229.058	   2215.542	   2214.998	     -3.308	      0.000	      0.000	
 07/24-15:08	2227.200	2229.200	2227.200	2228.600	           1963	    263.000	   2227.200	   2230.267	   2229.221	   2215.750	   2214.987	     -1.667	      0.000	      0.000	
 07/24-15:09	2228.600	2228.600	2227.800	2228.400	            873	    264.000	   2227.550	   2230.000	   2229.371	   2215.967	   2214.980	     -1.600	      0.000	      0.000	
 07/24-15:10	2228.600	2228.600	2227.200	2227.400	           1354	    265.000	   2227.600	   2229.658	   2229.525	   2216.165	   2214.967	     -2.259	      0.000	      0.000	
 07/24-15:11	2227.600	2227.800	2226.800	2227.200	           1518	    266.000	   2227.800	   2229.392	   2229.696	   2216.371	   2214.954	     -2.192	      0.000	      0.000	
 07/24-15:12	2227.000	2227.600	2226.600	2227.600	           1026	    267.000	   2227.850	   2229.142	   2229.808	   2216.594	   2214.932	     -1.542	      0.000	      0.000	
 07/24-15:13	2227.800	2228.600	2227.600	2228.200	           1737	    268.000	   2227.750	   2228.875	   2229.837	   2216.810	   2214.908	     -0.675	      0.000	      0.000	
 07/24-15:14	2228.200	2231.000	2228.000	2231.000	           2645	    269.000	   2228.300	   2228.800	   2229.917	   2217.081	   2214.897	      2.200	      0.000	      0.000	
 07/24-15:15	2231.000	2233.000	2230.600	2232.400	           3314	    270.000	   2229.250	   2228.625	   2230.021	   2217.329	   2214.887	      3.775	      0.000	      0.000	