 07/15-09:16	2297.600	2297.600	2289.200	2293.000	           6102	      1.000	   2268.054	   2270.856	   2284.400	   2299.295	           	      0.000	      1.000	      0.000	      0.000	      0.000	      0.000	      0.000	      0.000	      0.000	
 07/15-09:17	2293.400	2293.800	2289.000	2291.000	           2915	      2.000	   2268.729	   2271.100	   2284.223	   2299.197	           	      0.000	      1.000	      0.000	      0.000	      0.000	      0.000	      0.000	      0.000	      0.000	
 07/15-09:18	2291.800	2291.800	2289.400	2289.600	           1693	      3.000	   2269.367	   2271.188	   2284.029	   2299.100	           	      0.000	      1.000	      0.000	      0.000	      0.000	      0.000	      0.000	      0.000	      0.000	
 07/15-09:19	2289.800	2292.400	2289.200	2292.400	           1479	      4.000	   2270.233	   2271.371	   2283.852	   2299.024	           	      0.000	      1.000	      0.000	      0.000	      0.000	      0.000	      0.000	      0.000	      0.000	
 07/15-09:20	2292.400	2292.400	2287.200	2289.800	           3033	      5.000	   2270.992	   2271.485	   2283.658	   2298.948	           	      0.000	      1.000	      0.000	      0.000	      0.000	      0.000	      0.000	      0.000	      0.000	
 07/15-09:21	2290.000	2290.600	2288.000	2288.000	           1185	      6.000	   2271.712	   2271.633	   2283.453	   2298.863	           	      0.000	      1.000	      0.000	      0.000	      0.000	      0.000	      0.000	      0.000	      0.000	
 07/15-09:22	2288.400	2289.400	2285.800	2288.200	           1865	      7.000	   2272.387	   2271.783	   2283.242	   2298.760	           	      0.000	      1.000	      0.000	      0.000	      0.000	      0.000	      0.000	      0.000	      0.000	
 07/15-09:23	2288.000	2289.600	2287.000	2287.000	           1192	      8.000	   2273.046	   2271.927	   2283.008	   2298.652	           	      0.000	      1.000	      0.000	      0.000	      0.000	      0.000	      0.000	      0.000	      0.000	
 07/15-09:24	2287.200	2289.800	2287.200	2289.000	           1113	      9.000	   2273.846	   2272.144	   2282.794	   2298.549	           	      0.000	      1.000	      0.000	      0.000	      0.000	      0.000	      0.000	      0.000	      0.000	
 07/15-09:25	2289.000	2291.000	2287.400	2290.000	           1436	     10.000	   2274.642	   2272.367	   2282.600	   2298.450	           	      0.000	      1.000	      0.000	      0.000	      0.000	      0.000	      0.000	      0.000	      0.000	
 07/15-09:26	2290.200	2294.400	2290.000	2293.400	           3042	     11.000	   2275.567	   2272.688	   2282.428	   2298.360	           	      0.000	      1.000	      0.000	      0.000	      0.000	      0.000	      0.000	      0.000	      0.000	
 07/15-09:27	2293.400	2293.800	2292.200	2292.600	           1533	     12.000	   2276.462	   2273.017	   2282.247	   2298.273	           	      0.000	      1.000	      0.000	      0.000	      0.000	      0.000	      0.000	      0.000	      0.000	
 07/15-09:28	2292.600	2296.600	2291.200	2296.600	           1958	     13.000	   2277.563	   2273.387	   2282.105	   2298.207	           	      0.000	      1.000	      0.000	      0.000	      0.000	      0.000	      0.000	      0.000	      0.000	
 07/15-09:29	2296.000	2298.800	2293.600	2294.000	           4272	     14.000	   2278.767	   2273.688	   2281.949	   2298.132	           	      0.000	      1.000	      0.000	      0.000	      0.000	      0.000	      0.000	      0.000	      0.000	
 07/15-09:30	2293.800	2294.200	2291.400	2291.400	           1640	     15.000	   2279.813	   2273.910	   2281.749	   2298.050	           	      0.000	      1.000	      0.000	      0.000	      0.000	      0.000	      0.000	      0.000	      0.000	
 07/15-09:31	2291.000	2296.600	2290.200	2290.200	           3008	     16.000	   2280.792	   2274.106	   2281.545	   2297.955	           	      0.000	      1.000	      0.000	      0.000	      0.000	      0.000	      0.000	      0.000	      0.000	
 07/15-09:32	2290.000	2292.600	2288.600	2289.800	           3017	     17.000	   2281.708	   2274.306	   2281.344	   2297.871	           	      0.000	      1.000	      0.000	      0.000	      0.000	      0.000	      0.000	      0.000	      0.000	
 07/15-09:33	2289.600	2291.600	2288.600	2290.200	           1838	     18.000	   2282.583	   2274.512	   2281.146	   2297.778	           	      0.000	      1.000	      0.000	      0.000	      0.000	      0.000	      0.000	      0.000	      0.000	
 07/15-09:34	2290.000	2290.600	2287.800	2289.800	           1795	     19.000	   2283.479	   2274.690	   2280.949	   2297.687	           	      0.000	      1.000	      0.000	      0.000	      0.000	      0.000	      0.000	      0.000	      0.000	
 07/15-09:35	2289.000	2299.200	2288.600	2298.800	           5434	     20.000	   2284.587	   2275.077	   2280.828	   2297.636	           	      0.000	      1.000	      0.000	      0.000	      0.000	      0.000	      0.000	      0.000	      0.000	
 07/15-09:36	2298.400	2300.200	2295.400	2300.200	           4789	     21.000	   2285.712	   2275.583	   2280.722	   2297.598	           	      0.000	      1.000	      0.000	      0.000	      0.000	      0.000	      0.000	      0.000	      0.000	
 07/15-09:37	2300.600	2306.000	2300.600	2303.400	           7523	     22.000	   2286.854	   2276.221	   2280.644	   2297.557	           	      0.000	      1.000	      0.000	      0.000	      0.000	      0.000	      0.000	      0.000	      0.000	
 07/15-09:38	2302.600	2307.000	2301.200	2306.000	           4447	     23.000	   2288.079	   2276.900	   2280.602	   2297.519	           	      0.000	      1.000	      0.000	      0.000	      0.000	      0.000	      0.000	      0.000	      0.000	
 07/15-09:39	2306.000	2306.000	2298.800	2299.200	           4536	     24.000	   2289.087	   2277.460	   2280.502	   2297.456	           	      0.000	      1.000	      0.000	      0.000	      0.000	      0.000	      0.000	      0.000	      0.000	
 07/15-09:40	2299.000	2299.000	2291.200	2292.000	           6851	     25.000	   2289.867	   2277.927	   2280.354	   2297.362	           	      0.000	      1.000	      0.000	      0.000	      0.000	      0.000	      0.000	      0.000	      0.000	
 07/15-09:41	2292.000	2293.800	2289.000	2293.000	           3595	     26.000	   2290.575	   2278.371	   2280.216	   2297.268	           	      0.000	      1.000	      0.000	      0.000	      0.000	      0.000	      0.000	      0.000	      0.000	
 07/15-09:42	2293.400	2293.800	2291.400	2293.000	           1742	     27.000	   2291.229	   2278.844	   2280.091	   2297.182	           	      0.000	      1.000	      0.000	      0.000	      0.000	      0.000	      0.000	      0.000	      0.000	
 07/15-09:43	2293.400	2294.600	2290.000	2292.200	           2597	     28.000	   2291.813	   2279.302	   2279.955	   2297.090	           	      0.000	      1.000	      0.000	      0.000	      0.000	      0.000	      0.000	      0.000	      0.000	
 07/15-09:44	2292.400	2292.800	2289.000	2289.400	           2290	     29.000	   2292.337	   2279.656	   2279.792	   2296.992	           	      0.000	      1.000	      0.000	      0.000	      0.000	      0.000	      0.000	      0.000	      0.000	
 07/15-09:45	2289.800	2290.600	2283.600	2285.000	           5848	     30.000	   2292.604	   2279.919	   2279.612	   2296.877	           	      0.000	      1.000	      0.000	      0.000	      0.000	      0.000	      0.000	      0.000	      1.000	
 07/15-09:46	2285.200	2288.600	2285.200	2288.400	           2601	     31.000	   2292.454	   2280.254	   2279.460	   2296.772	           	      0.000	      1.000	      0.000	      0.000	      0.000	      0.000	      0.000	      0.000	      0.000	
 07/15-09:47	2288.400	2289.400	2286.000	2286.400	           1990	     32.000	   2292.300	   2280.515	   2279.278	   2296.658	           	      0.000	      1.000	      0.000	      0.000	      0.000	      0.000	      0.000	      0.000	      0.000	
 07/15-09:48	2286.600	2290.400	2285.200	2289.000	           2831	     33.000	   2292.279	   2280.823	   2279.114	   2296.546	           	      0.000	      1.000	      0.000	      0.000	      0.000	      0.000	      0.000	      0.000	      0.000	
 07/15-09:49	2289.000	2293.200	2289.000	2290.400	           3054	     34.000	   2292.212	   2281.223	   2278.965	   2296.441	           	      0.000	      1.000	      0.000	      0.000	      0.000	      0.000	      0.000	      0.000	      0.000	
 07/15-09:50	2290.400	2290.800	2286.600	2286.600	           1824	     35.000	   2292.108	   2281.550	   2278.789	   2296.319	           	      0.000	      1.000	      0.000	      0.000	      0.000	      0.000	      0.000	      0.000	      0.000	
 07/15-09:51	2286.600	2288.000	2283.000	2284.800	           4258	     36.000	   2292.000	   2281.856	   2278.661	   2296.181	           	      0.000	      1.000	      0.000	      0.000	      0.000	      0.000	      0.000	      0.000	      1.000	
 07/15-09:52	2284.800	2286.000	2283.200	2283.400	           2458	     37.000	   2291.837	   2282.113	   2278.508	   2296.023	           	      0.000	      1.000	      0.000	      0.000	      0.000	      0.000	      0.000	      0.000	      0.000	
 07/15-09:53	2283.600	2285.000	2281.200	2283.000	           3288	     38.000	   2291.704	   2282.375	   2278.411	   2295.860	           	      0.000	      1.000	      0.000	      0.000	      0.000	      0.000	      0.000	      0.000	      0.000	
 07/15-09:54	2282.000	2283.000	2279.000	2279.000	           4322	     39.000	   2291.371	   2282.608	   2278.340	   2295.684	           	      0.000	      1.000	      0.000	      0.000	      0.000	      0.000	      0.000	      0.000	      0.000	
 07/15-09:55	2278.600	2282.600	2278.600	2282.200	           3583	     40.000	   2291.113	   2282.877	   2278.327	   2295.529	           	      0.000	      1.000	      0.000	      0.000	      0.000	      0.000	      0.000	      0.000	      0.000	
 07/15-09:56	2282.400	2283.800	2280.000	2282.000	           2832	     41.000	   2290.733	   2283.150	   2278.286	   2295.371	           	      0.000	      1.000	      0.000	      0.000	      0.000	      0.000	      0.000	      0.000	      0.000	
 07/15-09:57	2282.400	2282.800	2279.000	2280.000	           2025	     42.000	   2290.313	   2283.387	   2278.225	   2295.221	           	      0.000	      1.000	      0.000	      0.000	      0.000	      0.000	      0.000	      0.000	      0.000	
 07/15-09:58	2279.800	2282.200	2279.800	2281.600	           1797	     43.000	   2289.813	   2283.688	   2278.158	   2295.081	           	      0.000	      1.000	      0.000	      0.000	      0.000	      0.000	      0.000	      0.000	      0.000	
 07/15-09:59	2281.600	2285.600	2281.200	2285.200	           3817	     44.000	   2289.517	   2284.142	   2278.117	   2294.958	           	      0.000	      1.000	      0.000	      0.000	      0.000	      0.000	      0.000	      0.000	      0.000	
 07/15-10:00	2285.200	2286.800	2282.800	2282.800	           2919	     45.000	   2289.233	   2284.523	   2278.077	   2294.827	           	      0.000	      1.000	      0.000	      0.000	      0.000	      0.000	      0.000	      0.000	      0.000	
 07/15-10:01	2282.800	2285.000	2280.400	2285.000	           2622	     46.000	   2289.063	   2284.927	   2278.070	   2294.712	           	      0.000	      1.000	      0.000	      0.000	      0.000	      0.000	      0.000	      0.000	      0.000	
 07/15-10:02	2285.200	2289.000	2285.000	2287.800	           3924	     47.000	   2288.992	   2285.350	   2278.075	   2294.610	           	      0.000	      1.000	      0.000	      0.000	      0.000	      0.000	      0.000	      0.000	      0.000	
 07/15-10:03	2287.600	2288.200	2286.400	2286.800	           2122	     48.000	   2288.883	   2285.733	   2278.146	   2294.501	           	      0.000	      1.000	      0.000	      0.000	      0.000	      0.000	      0.000	      0.000	      0.000	
 07/15-10:04	2286.800	2287.000	2282.000	2282.600	           2971	     49.000	   2288.637	   2286.058	   2278.168	   2294.383	           	      0.000	      1.000	      0.000	      0.000	      0.000	      0.000	      0.000	      0.000	      0.000	
 07/15-10:05	2282.800	2283.400	2269.000	2269.400	          10794	     50.000	   2287.663	   2286.125	   2278.166	   2294.205	           	      0.000	      1.000	      0.000	      0.000	      0.000	      0.000	      0.000	      0.000	      0.000	
 07/15-10:06	2268.800	2273.200	2268.800	2272.800	           5235	     51.000	   2286.746	   2286.229	   2278.239	   2294.040	           	      0.000	      1.000	      0.000	      0.000	      0.000	      0.000	      0.000	      0.000	      0.000	
 07/15-10:07	2273.000	2273.400	2266.400	2272.600	           5728	     52.000	   2285.721	   2286.288	   2278.261	   2293.878	           	      0.000	      1.000	      0.000	      0.000	      0.000	      0.000	      0.000	      0.000	      1.000	
 07/15-10:08	2272.800	2274.800	2271.200	2274.000	           3827	     53.000	   2284.654	   2286.367	   2278.297	   2293.719	           	      0.000	      1.000	      0.000	      0.000	      0.000	      0.000	      0.000	      0.000	      0.000	
 07/15-10:09	2274.400	2274.800	2271.400	2273.600	           2253	     54.000	   2283.800	   2286.444	   2278.324	   2293.558	           	      0.000	      1.000	      0.000	      0.000	      0.000	      0.000	      0.000	      0.000	      0.000	
 07/15-10:10	2273.800	2278.800	2273.200	2276.800	           5034	     55.000	   2283.292	   2286.579	   2278.380	   2293.421	           	      0.000	      1.000	      0.000	      0.000	      0.000	      0.000	      0.000	      0.000	      0.000	
 07/15-10:11	2277.000	2279.400	2276.400	2277.000	           2639	     56.000	   2282.758	   2286.667	   2278.425	   2293.285	           	      0.000	      1.000	      0.000	      0.000	      0.000	      0.000	      0.000	      0.000	      0.000	
 07/15-10:12	2277.400	2279.000	2276.800	2278.000	           1449	     57.000	   2282.258	   2286.744	   2278.530	   2293.161	           	      0.000	      1.000	      0.000	      0.000	      0.000	      0.000	      0.000	      0.000	      0.000	
 07/15-10:13	2277.800	2280.000	2276.400	2280.000	           2450	     58.000	   2281.854	   2286.833	   2278.631	   2293.033	           	      0.000	      1.000	      0.000	      0.000	      0.000	      0.000	      0.000	      0.000	      0.000	
 07/15-10:14	2280.200	2281.000	2276.600	2277.800	           3543	     59.000	   2281.467	   2286.902	   2278.673	   2292.896	           	      0.000	      1.000	      0.000	      0.000	      0.000	      0.000	      0.000	      0.000	      0.000	
 07/15-10:15	2278.000	2280.200	2276.800	2278.600	           2585	     60.000	   2281.254	   2286.929	   2278.726	   2292.763	           	      0.000	      1.000	      0.000	      0.000	      0.000	      0.000	      0.000	      0.000	      0.000	
 07/15-10:16	2278.800	2286.400	2278.800	2284.600	           6572	     61.000	   2281.125	   2286.790	   2278.823	   2292.649	           	      0.000	      1.000	      0.000	      0.000	      0.000	      0.000	      0.000	      0.000	      0.000	
 07/15-10:17	2284.400	2291.000	2283.800	2288.800	           6035	     62.000	   2281.204	   2286.752	   2278.926	   2292.551	           	      0.000	      1.000	      0.000	      0.000	      0.000	      0.000	      0.000	      0.000	      0.000	
 07/15-10:18	2287.600	2293.000	2287.600	2290.200	           5448	     63.000	   2281.246	   2286.762	   2278.975	   2292.461	           	      0.000	      1.000	      0.000	      0.000	      0.000	      0.000	      0.000	      0.000	      0.000	
 07/15-10:19	2289.600	2291.600	2288.000	2290.200	           3119	     64.000	   2281.242	   2286.727	   2279.049	   2292.373	           	      0.000	      1.000	      0.000	      0.000	      0.000	      0.000	      0.000	      0.000	      0.000	
 07/15-10:20	2290.200	2290.600	2287.200	2287.400	           3265	     65.000	   2281.267	   2286.688	   2279.086	   2292.282	           	      0.000	      1.000	      0.000	      0.000	      0.000	      0.000	      0.000	      0.000	      0.000	
 07/15-10:21	2287.200	2289.000	2287.000	2289.000	           2744	     66.000	   2281.408	   2286.704	   2279.169	   2292.196	           	      0.000	      1.000	      0.000	      0.000	      0.000	      0.000	      0.000	      0.000	      0.000	
 07/15-10:22	2289.000	2294.200	2289.000	2294.000	           5428	     67.000	   2281.762	   2286.800	   2279.292	   2292.123	           	      0.000	      1.000	      0.000	      0.000	      0.000	      0.000	      0.000	      0.000	      0.000	
 07/15-10:23	2293.800	2294.600	2290.200	2290.400	           3090	     68.000	   2282.008	   2286.856	   2279.392	   2292.046	           	      0.000	      1.000	      0.000	      0.000	      0.000	      0.000	      0.000	      0.000	      0.000	
 07/15-10:24	2290.400	2291.000	2287.200	2288.400	           3054	     69.000	   2282.321	   2286.846	   2279.495	   2291.962	           	      0.000	      1.000	      0.000	      0.000	      0.000	      0.000	      0.000	      0.000	      0.000	
 07/15-10:25	2288.400	2288.400	2285.200	2286.400	           3097	     70.000	   2282.458	   2286.785	   2279.576	   2291.882	           	      0.000	      1.000	      0.000	      0.000	      0.000	      0.000	      0.000	      0.000	      0.000	
 07/15-10:26	2286.400	2290.200	2286.200	2288.600	           2016	     71.000	   2282.679	   2286.706	   2279.697	   2291.804	           	      0.000	      1.000	      0.000	      0.000	      0.000	      0.000	      0.000	      0.000	      0.000	
 07/15-10:27	2288.600	2290.400	2288.600	2290.200	           2029	     72.000	   2283.021	   2286.667	   2279.842	   2291.727	           	      0.000	      1.000	      0.000	      0.000	      0.000	      0.000	      0.000	      0.000	      0.000	
 07/15-10:28	2290.600	2296.600	2290.600	2295.200	           6448	     73.000	   2283.471	   2286.642	   2280.015	   2291.668	           	      0.000	      1.000	      0.000	      0.000	      0.000	      0.000	      0.000	      0.000	      0.000	
 07/15-10:29	2295.400	2296.800	2293.800	2294.000	           3464	     74.000	   2283.767	   2286.642	   2280.165	   2291.599	           	      0.000	      1.000	      0.000	      0.000	      0.000	      0.000	      0.000	      0.000	      0.000	
 07/15-10:30	2293.800	2295.000	2289.400	2292.600	           4249	     75.000	   2284.092	   2286.663	   2280.286	   2291.525	           	      0.000	      1.000	      0.000	      0.000	      0.000	      0.000	      0.000	      0.000	      0.000	
 07/15-10:31	2292.600	2293.000	2290.400	2292.000	           2368	     76.000	   2284.325	   2286.694	   2280.400	   2291.445	           	      0.000	      1.000	      0.000	      0.000	      0.000	      0.000	      0.000	      0.000	      0.000	
 07/15-10:32	2292.000	2294.400	2289.400	2293.600	           2509	     77.000	   2284.521	   2286.756	   2280.531	   2291.366	           	      0.000	      1.000	      0.000	      0.000	      0.000	      0.000	      0.000	      0.000	      0.000	
 07/15-10:33	2293.600	2293.800	2289.600	2293.800	           2461	     78.000	   2284.750	   2286.817	   2280.665	   2291.296	           	      0.000	      1.000	      0.000	      0.000	      0.000	      0.000	      0.000	      0.000	      0.000	
 07/15-10:34	2293.800	2295.400	2288.400	2289.200	           4540	     79.000	   2284.975	   2286.806	   2280.748	   2291.206	           	      0.000	      1.000	      0.000	      0.000	      0.000	      0.000	      0.000	      0.000	      0.000	
 07/15-10:35	2289.000	2292.000	2288.800	2290.600	           1905	     80.000	   2285.679	   2286.671	   2280.874	   2291.124	           	      0.000	      1.000	      0.000	      0.000	      0.000	      0.000	      0.000	      0.000	      0.000	
 07/15-10:36	2290.400	2293.000	2290.000	2291.000	           1448	     81.000	   2286.288	   2286.517	   2281.050	   2291.038	           	      0.000	      1.000	      0.000	      0.000	      0.000	      0.000	      0.000	      0.000	      0.000	
 07/15-10:37	2291.200	2293.600	2289.200	2290.000	           2330	     82.000	   2286.867	   2286.294	   2281.257	   2290.945	           	      0.000	      1.000	      0.000	      0.000	      0.000	      0.000	      0.000	      0.000	      0.000	
 07/15-10:38	2289.800	2289.800	2285.200	2286.800	           4712	     83.000	   2287.292	   2285.973	   2281.437	   2290.828	           	      0.000	      1.000	      0.000	      0.000	      0.000	      0.000	      0.000	      0.000	      0.000	
 07/15-10:39	2286.400	2287.400	2281.200	2283.600	           5091	     84.000	   2287.625	   2285.712	   2281.586	   2290.698	           	      0.000	      1.000	      0.000	      0.000	      0.000	      0.000	      0.000	      0.000	      0.000	
 07/15-10:40	2283.400	2284.400	2282.000	2283.600	           2470	     85.000	   2287.854	   2285.573	   2281.750	   2290.571	           	      0.000	      1.000	      0.000	      0.000	      0.000	      0.000	      0.000	      0.000	      0.000	
 07/15-10:41	2283.600	2288.400	2283.200	2288.000	           2893	     86.000	   2288.221	   2285.490	   2281.930	   2290.468	           	      0.000	      1.000	      0.000	      0.000	      0.000	      0.000	      0.000	      0.000	      0.000	
 07/15-10:42	2288.200	2292.800	2287.800	2291.800	           4870	     87.000	   2288.679	   2285.469	   2282.156	   2290.378	           	      0.000	      1.000	      0.000	      0.000	      0.000	      0.000	      0.000	      0.000	      0.000	
 07/15-10:43	2292.000	2295.200	2291.200	2293.600	           4147	     88.000	   2289.133	   2285.494	   2282.398	   2290.293	           	      0.000	      1.000	      0.000	      0.000	      0.000	      0.000	      0.000	      0.000	      0.000	
 07/15-10:44	2293.800	2296.200	2292.000	2295.400	           3277	     89.000	   2289.721	   2285.594	   2282.625	   2290.218	           	      0.000	      1.000	      0.000	      0.000	      0.000	      0.000	      0.000	      0.000	      0.000	
 07/15-10:45	2295.800	2303.000	2295.400	2299.200	           9492	     90.000	   2290.408	   2285.831	   2282.875	   2290.157	           	      0.000	      1.000	      0.000	      0.000	      0.000	      0.000	      0.000	      0.000	      0.000	
 07/15-10:46	2299.800	2302.200	2299.000	2300.400	           4537	     91.000	   2290.933	   2286.029	   2283.142	   2290.108	           	      0.000	      1.000	      0.000	      0.000	      0.000	      0.000	      0.000	      0.000	      0.000	
 07/15-10:47	2300.200	2301.600	2297.400	2298.000	           3382	     92.000	   2291.242	   2286.223	   2283.369	   2290.055	           	      0.000	      1.000	      0.000	      0.000	      0.000	      0.000	      0.000	      0.000	      0.000	
 07/15-10:48	2298.000	2300.400	2296.400	2296.400	           3135	     93.000	   2291.446	   2286.346	   2283.584	   2289.997	           	      0.000	      1.000	      0.000	      0.000	      0.000	      0.000	      0.000	      0.000	      0.000	
 07/15-10:49	2296.200	2296.400	2292.200	2295.000	           3814	     94.000	   2291.604	   2286.423	   2283.823	   2289.927	           	      0.000	      1.000	      0.000	      0.000	      0.000	      0.000	      0.000	      0.000	      0.000	
 07/15-10:50	2294.600	2296.200	2294.200	2294.200	           1940	     95.000	   2291.833	   2286.550	   2284.050	   2289.843	           	      0.000	      1.000	      0.000	      0.000	      0.000	      0.000	      0.000	      0.000	      0.000	
 07/15-10:51	2294.600	2294.600	2290.400	2293.800	           4200	     96.000	   2291.992	   2286.700	   2284.278	   2289.758	           	      0.000	      1.000	      0.000	      0.000	      0.000	      0.000	      0.000	      0.000	      0.000	
 07/15-10:52	2293.200	2293.800	2291.600	2293.200	           1861	     97.000	   2291.967	   2286.865	   2284.489	   2289.678	           	      0.000	      1.000	      0.000	      0.000	      0.000	      0.000	      0.000	      0.000	      0.000	
 07/15-10:53	2293.600	2295.200	2291.400	2293.600	           2503	     98.000	   2292.075	   2287.042	   2284.708	   2289.602	           	      0.000	      1.000	      0.000	      0.000	      0.000	      0.000	      0.000	      0.000	      0.000	
 07/15-10:54	2293.600	2296.000	2291.600	2293.600	           2919	     99.000	   2292.246	   2287.283	   2284.946	   2289.529	           	      0.000	      1.000	      0.000	      0.000	      0.000	      0.000	      0.000	      0.000	      0.000	
 07/15-10:55	2293.400	2293.400	2290.400	2291.200	           3142	    100.000	   2292.408	   2287.433	   2285.155	   2289.441	           	      0.000	      1.000	      0.000	      0.000	      0.000	      0.000	      0.000	      0.000	      0.000	
 07/15-10:56	2291.400	2292.600	2290.000	2291.200	           3286	    101.000	   2292.496	   2287.587	   2285.369	   2289.363	           	      0.000	      1.000	      0.000	      0.000	      0.000	      0.000	      0.000	      0.000	      0.000	
 07/15-10:57	2291.600	2294.000	2290.600	2294.000	           1831	    102.000	   2292.621	   2287.821	   2285.604	   2289.300	           	      0.000	      1.000	      0.000	      0.000	      0.000	      0.000	      0.000	      0.000	      0.000	
 07/15-10:58	2294.400	2301.600	2294.400	2300.000	           6558	    103.000	   2292.783	   2288.127	   2285.907	   2289.258	           	      0.000	      1.000	      0.000	      0.000	      0.000	      0.000	      0.000	      0.000	      0.000	
 07/15-10:59	2300.200	2301.000	2294.000	2300.000	           5101	    104.000	   2292.983	   2288.375	   2286.258	   2289.216	           	      0.000	      1.000	      0.000	      0.000	      0.000	      0.000	      0.000	      0.000	      0.000	
 07/15-11:00	2300.000	2305.000	2298.400	2299.400	           5587	    105.000	   2293.208	   2288.650	   2286.586	   2289.173	           	      0.000	      1.000	      0.000	      0.000	      0.000	      0.000	      0.000	      1.000	      0.000	
 07/15-11:01	2299.200	2300.400	2297.000	2298.200	           3131	    106.000	   2293.413	   2288.869	   2286.898	   2289.116	           	      0.000	      1.000	      0.000	      0.000	      0.000	      0.000	      0.000	      0.000	      0.000	
 07/15-11:02	2299.200	2301.600	2297.800	2298.000	           2125	    107.000	   2293.558	   2289.040	   2287.195	   2289.056	           	      0.000	      1.000	      0.000	      0.000	      0.000	      0.000	      0.000	      0.000	      0.000	
 07/15-11:03	2298.200	2298.400	2294.200	2295.600	           3899	    108.000	   2293.621	   2289.185	   2287.459	   2288.972	           	      0.000	      1.000	      0.000	      0.000	      0.000	      0.000	      0.000	      0.000	      0.000	
 07/15-11:04	2295.600	2297.800	2295.600	2296.400	           1452	    109.000	   2293.858	   2289.417	   2287.738	   2288.900	           	      0.000	      1.000	      0.000	      0.000	      0.000	      0.000	      0.000	      0.000	      0.000	
 07/15-11:05	2296.400	2299.800	2294.800	2299.600	           3377	    110.000	   2294.158	   2289.919	   2288.022	   2288.845	           	      0.000	      1.000	      0.000	      0.000	      0.000	      0.000	      0.000	      0.000	      0.000	
 07/15-11:06	2299.200	2303.000	2298.400	2301.000	           4110	    111.000	   2294.492	   2290.390	   2288.309	   2288.801	           	      0.000	      1.000	      0.000	      0.000	      0.000	      0.000	      0.000	      0.000	      0.000	
 07/15-11:07	2301.000	2303.800	2299.800	2301.200	           3532	    112.000	   2294.867	   2290.867	   2288.577	   2288.758	           	      0.000	      1.000	      0.000	      0.000	      0.000	      0.000	      0.000	      0.000	      0.000	
 07/15-11:08	2301.400	2303.800	2300.000	2303.800	           2874	    113.000	   2295.433	   2291.363	   2288.865	   2288.727	           	      0.000	      1.000	      0.000	      0.000	      0.000	      0.000	      0.000	      0.000	      0.000	
 07/15-11:09	2303.600	2316.600	2302.600	2314.200	          14689	    114.000	   2296.454	   2292.040	   2289.242	   2288.740	           	      0.000	      0.000	      1.000	      0.000	      0.000	      0.000	      0.000	      0.000	      0.000	
 07/15-11:10	2314.600	2320.800	2312.400	2317.000	          10629	    115.000	   2297.567	   2292.710	   2289.645	   2288.768	           	      0.000	      0.000	      1.000	      0.000	      0.000	      0.000	      0.000	      1.000	      0.000	
 07/15-11:11	2316.600	2316.800	2310.400	2310.400	           6874	    116.000	   2298.313	   2293.267	   2289.967	   2288.773	           	      0.000	      0.000	      1.000	      0.000	      0.000	      0.000	      0.000	      0.000	      0.000	
 07/15-11:12	2310.200	2311.000	2307.600	2309.200	           5106	    117.000	   2298.896	   2293.788	   2290.266	   2288.767	           	      0.000	      0.000	      1.000	      0.000	      0.000	      0.000	      0.000	      0.000	      0.000	
 07/15-11:13	2309.400	2314.000	2309.200	2313.000	           3919	    118.000	   2299.542	   2294.337	   2290.585	   2288.782	           	      0.000	      0.000	      1.000	      0.000	      0.000	      0.000	      0.000	      0.000	      0.000	
 07/15-11:14	2312.600	2314.800	2310.600	2314.000	           3024	    119.000	   2300.163	   2294.942	   2290.922	   2288.794	           	      0.000	      0.000	      1.000	      0.000	      0.000	      0.000	      0.000	      0.000	      0.000	
 07/15-11:15	2313.600	2315.600	2311.800	2314.000	           3511	    120.000	   2300.654	   2295.531	   2291.230	   2288.810	           	      0.000	      0.000	      1.000	      0.000	      0.000	      0.000	      0.000	      0.000	      0.000	
 07/15-11:16	2314.200	2317.800	2312.400	2315.400	           4062	    121.000	   2301.154	   2296.044	   2291.417	   2288.833	           	      0.000	      0.000	      1.000	      0.000	      0.000	      0.000	      0.000	      0.000	      0.000	
 07/15-11:17	2315.200	2329.400	2314.600	2327.200	          10520	    122.000	   2302.125	   2296.683	   2291.718	   2288.902	           	      0.000	      0.000	      1.000	      0.000	      0.000	      0.000	      0.000	      0.000	      0.000	
 07/15-11:18	2326.400	2334.800	2324.400	2331.200	          10143	    123.000	   2303.288	   2297.367	   2292.065	   2288.990	           	      1.000	      0.000	      0.000	      0.000	      0.000	      0.000	      0.000	      0.000	      0.000	
 07/15-11:19	2331.200	2340.800	2328.800	2334.600	           9197	    124.000	   2304.608	   2298.106	   2292.417	   2289.089	           	      1.000	      0.000	      0.000	      0.000	      0.000	      0.000	      0.000	      1.000	      0.000	
 07/15-11:20	2335.200	2337.200	2331.400	2333.400	           5922	    125.000	   2305.913	   2298.873	   2292.780	   2289.173	           	      1.000	      0.000	      0.000	      0.000	      0.000	      0.000	      0.000	      0.000	      0.000	
 07/15-11:21	2333.000	2333.000	2324.600	2324.600	           7765	    126.000	   2306.942	   2299.467	   2293.085	   2289.225	           	      1.000	      0.000	      0.000	      0.000	      0.000	      0.000	      0.000	      0.000	      0.000	
 07/15-11:22	2324.000	2328.400	2323.200	2326.800	           4177	    127.000	   2308.058	   2300.012	   2293.406	   2289.287	           	      1.000	      0.000	      0.000	      0.000	      0.000	      0.000	      0.000	      0.000	      0.000	
 07/15-11:23	2327.000	2329.600	2326.600	2328.000	           2662	    128.000	   2309.204	   2300.640	   2293.748	   2289.351	           	      1.000	      0.000	      0.000	      0.000	      0.000	      0.000	      0.000	      0.000	      0.000	
 07/15-11:24	2328.200	2328.200	2314.400	2314.600	          10305	    129.000	   2309.908	   2301.077	   2293.961	   2289.369	           	      1.000	      0.000	      0.000	      0.000	      0.000	      0.000	      0.000	      0.000	      0.000	
 07/15-11:25	2314.400	2315.600	2312.000	2313.600	           6878	    130.000	   2310.654	   2301.531	   2294.158	   2289.378	           	      1.000	      0.000	      0.000	      0.000	      0.000	      0.000	      0.000	      0.000	      0.000	
 07/15-11:26	2313.400	2317.600	2313.400	2317.600	           3585	    131.000	   2311.533	   2302.015	   2294.360	   2289.398	           	      0.000	      0.000	      1.000	      0.000	      0.000	      0.000	      0.000	      0.000	      0.000	
 07/15-11:27	2318.200	2320.000	2315.000	2315.800	           4371	    132.000	   2312.258	   2302.440	   2294.553	   2289.413	           	      0.000	      0.000	      1.000	      0.000	      0.000	      0.000	      0.000	      0.000	      0.000	
 07/15-11:28	2315.800	2320.200	2315.600	2319.800	           2611	    133.000	   2312.917	   2302.850	   2294.746	   2289.440	           	      0.000	      0.000	      1.000	      0.000	      0.000	      0.000	      0.000	      0.000	      0.000	
 07/15-11:29	2319.800	2320.400	2316.000	2318.000	           2412	    134.000	   2313.517	   2303.250	   2294.946	   2289.458	           	      0.000	      0.000	      1.000	      0.000	      0.000	      0.000	      0.000	      0.000	      0.000	
 07/15-11:30	2317.600	2321.000	2317.200	2320.400	           2760	    135.000	   2314.221	   2303.715	   2295.188	   2289.488	           	      0.000	      0.000	      1.000	      0.000	      0.000	      0.000	      0.000	      0.000	      0.000	
 07/15-13:01	2320.600	2324.800	2318.000	2324.800	           4350	    136.000	   2315.108	   2304.260	   2295.477	   2289.536	           	      0.000	      0.000	      1.000	      0.000	      0.000	      0.000	      0.000	      0.000	      0.000	
 07/15-13:02	2324.600	2327.600	2323.200	2323.200	           3308	    137.000	   2315.950	   2304.754	   2295.755	   2289.574	           	      0.000	      0.000	      1.000	      0.000	      0.000	      0.000	      0.000	      0.000	      0.000	
 07/15-13:03	2323.200	2324.400	2319.800	2321.200	           2224	    138.000	   2316.800	   2305.210	   2296.013	   2289.599	           	      0.000	      0.000	      1.000	      0.000	      0.000	      0.000	      0.000	      0.000	      0.000	
 07/15-13:04	2321.200	2322.400	2320.000	2322.000	           1524	    139.000	   2317.654	   2305.756	   2296.281	   2289.628	           	      0.000	      0.000	      1.000	      0.000	      0.000	      0.000	      0.000	      0.000	      0.000	
 07/15-13:05	2322.000	2324.600	2321.800	2324.600	           1897	    140.000	   2318.488	   2306.323	   2296.497	   2289.674	           	      0.000	      0.000	      1.000	      0.000	      0.000	      0.000	      0.000	      0.000	      0.000	
 07/15-13:06	2324.600	2331.600	2324.000	2330.400	           5853	    141.000	   2319.467	   2306.979	   2296.748	   2289.739	           	      1.000	      0.000	      0.000	      0.000	      0.000	      0.000	      0.000	      0.000	      0.000	
 07/15-13:07	2330.800	2333.000	2329.000	2329.000	           4233	    142.000	   2320.392	   2307.629	   2296.961	   2289.798	           	      1.000	      0.000	      0.000	      0.000	      0.000	      0.000	      0.000	      0.000	      0.000	
 07/15-13:08	2329.000	2332.600	2329.000	2331.200	           2468	    143.000	   2321.308	   2308.371	   2297.172	   2289.868	           	      1.000	      0.000	      0.000	      0.000	      0.000	      0.000	      0.000	      0.000	      0.000	
 07/15-13:09	2331.200	2331.600	2328.400	2328.400	           2553	    144.000	   2321.779	   2309.117	   2297.415	   2289.930	           	      1.000	      0.000	      0.000	      0.000	      0.000	      0.000	      0.000	      0.000	      0.000	
 07/15-13:10	2328.800	2329.000	2326.200	2328.000	           3165	    145.000	   2322.146	   2309.856	   2297.715	   2289.981	           	      1.000	      0.000	      0.000	      0.000	      0.000	      0.000	      0.000	      0.000	      0.000	
 07/15-13:11	2328.000	2328.000	2321.800	2323.200	           3952	    146.000	   2322.575	   2310.444	   2297.967	   2290.015	           	      1.000	      0.000	      0.000	      0.000	      0.000	      0.000	      0.000	      0.000	      0.000	
 07/15-13:12	2323.200	2323.600	2316.600	2319.000	           5680	    147.000	   2322.900	   2310.898	   2298.183	   2290.035	           	      1.000	      0.000	      0.000	      0.000	      0.000	      0.000	      0.000	      0.000	      0.000	
 07/15-13:13	2319.000	2321.000	2318.200	2320.000	           2673	    148.000	   2323.133	   2311.337	   2298.416	   2290.060	           	      0.000	      0.000	      1.000	      0.000	      0.000	      0.000	      0.000	      0.000	      0.000	
 07/15-13:14	2320.400	2320.400	2314.400	2316.800	           4439	    149.000	   2323.225	   2311.694	   2298.644	   2290.073	           	      0.000	      0.000	      1.000	      0.000	      0.000	      0.000	      0.000	      0.000	      0.000	
 07/15-13:15	2317.000	2317.200	2313.600	2316.800	           3460	    150.000	   2323.317	   2311.985	   2298.908	   2290.087	           	      0.000	      0.000	      1.000	      0.000	      0.000	      0.000	      0.000	      0.000	      0.000	
 07/15-13:16	2316.600	2317.800	2313.200	2315.400	           3758	    151.000	   2323.321	   2312.238	   2299.133	   2290.097	           	      0.000	      0.000	      1.000	      0.000	      0.000	      0.000	      0.000	      0.000	      0.000	
 07/15-13:17	2315.000	2317.200	2313.800	2315.000	           2256	    152.000	   2322.917	   2312.521	   2299.372	   2290.106	           	      0.000	      0.000	      1.000	      0.000	      0.000	      0.000	      0.000	      0.000	      0.000	
 07/15-13:18	2315.000	2315.600	2307.200	2307.200	           8639	    153.000	   2322.113	   2312.700	   2299.523	   2290.091	           	      0.000	      0.000	      1.000	      0.000	      0.000	      0.000	      0.000	      0.000	      0.000	
 07/15-13:19	2307.600	2308.800	2306.200	2308.200	           4562	    154.000	   2321.233	   2312.921	   2299.672	   2290.079	           	      0.000	      0.000	      1.000	      0.000	      0.000	      0.000	      0.000	      0.000	      0.000	
 07/15-13:20	2308.000	2309.400	2304.400	2308.000	           5398	    155.000	   2320.387	   2313.150	   2299.850	   2290.072	           	      0.000	      0.000	      1.000	      0.000	      0.000	      0.000	      0.000	      0.000	      0.000	
 07/15-13:21	2308.200	2308.800	2302.200	2304.000	           6601	    156.000	   2319.700	   2313.321	   2300.010	   2290.049	           	      0.000	      0.000	      1.000	      0.000	      0.000	      0.000	      0.000	      0.000	      0.000	
 07/15-13:22	2304.200	2307.800	2302.600	2307.000	           3567	    157.000	   2319.042	   2313.550	   2300.207	   2290.045	           	      0.000	      0.000	      1.000	      0.000	      0.000	      0.000	      0.000	      0.000	      0.000	
 07/15-13:23	2306.800	2308.600	2305.800	2307.400	           2860	    158.000	   2318.354	   2313.779	   2300.410	   2290.041	           	      0.000	      0.000	      1.000	      0.000	      0.000	      0.000	      0.000	      0.000	      0.000	
 07/15-13:24	2307.000	2308.800	2306.000	2306.000	           2076	    159.000	   2318.067	   2313.988	   2300.635	   2290.029	           	      0.000	      0.000	      1.000	      0.000	      0.000	      0.000	      0.000	      0.000	      0.000	
 07/15-13:25	2305.800	2305.800	2300.400	2300.400	           6319	    160.000	   2317.625	   2314.140	   2300.786	   2290.004	           	      0.000	      0.000	      1.000	      0.000	      0.000	      0.000	      0.000	      0.000	      0.000	
 07/15-13:26	2300.200	2306.800	2300.000	2306.600	           3781	    161.000	   2317.258	   2314.396	   2300.992	   2290.004	           	      0.000	      0.000	      1.000	      0.000	      0.000	      0.000	      0.000	      0.000	      0.000	
 07/15-13:27	2306.800	2307.000	2303.400	2304.800	           2669	    162.000	   2316.892	   2314.575	   2301.198	   2289.990	           	      0.000	      0.000	      1.000	      0.000	      0.000	      0.000	      0.000	      0.000	      0.000	
 07/15-13:28	2304.600	2308.400	2303.800	2308.400	           2752	    163.000	   2316.517	   2314.717	   2301.422	   2289.989	           	      0.000	      0.000	      1.000	      0.000	      0.000	      0.000	      0.000	      0.000	      0.000	
 07/15-13:29	2308.800	2308.800	2306.800	2308.200	           2417	    164.000	   2316.188	   2314.852	   2301.614	   2289.989	           	      0.000	      0.000	      1.000	      0.000	      0.000	      0.000	      0.000	      0.000	      0.000	
 07/15-13:30	2308.200	2312.000	2307.800	2310.400	           4087	    165.000	   2315.850	   2315.035	   2301.843	   2289.999	           	      0.000	      0.000	      1.000	      0.000	      0.000	      0.000	      0.000	      0.000	      0.000	
 07/15-13:31	2310.600	2310.600	2307.600	2307.600	           2389	    166.000	   2315.279	   2315.194	   2302.031	   2290.030	           	      0.000	      0.000	      1.000	      0.000	      0.000	      0.000	      0.000	      0.000	      0.000	
 07/15-13:32	2307.600	2308.400	2306.200	2307.600	           2072	    167.000	   2314.758	   2315.354	   2302.197	   2290.053	           	      0.000	      0.000	      1.000	      0.000	      0.000	      0.000	      0.000	      0.000	      0.000	
 07/15-13:33	2307.400	2308.000	2302.800	2303.400	           4013	    168.000	   2314.167	   2315.483	   2302.334	   2290.088	           	      0.000	      0.000	      1.000	      0.000	      0.000	      0.000	      0.000	      0.000	      0.000	
 07/15-13:34	2303.400	2307.200	2301.400	2307.000	           3769	    169.000	   2313.667	   2315.660	   2302.539	   2290.166	           	      1.000	      0.000	      0.000	      0.000	      0.000	      0.000	      0.000	      0.000	      0.000	
 07/15-13:35	2306.800	2312.000	2305.600	2310.000	           3905	    170.000	   2313.179	   2315.833	   2302.876	   2290.271	           	      1.000	      0.000	      0.000	      0.000	      0.000	      0.000	      0.000	      0.000	      0.000	
 07/15-13:36	2310.000	2310.000	2299.200	2299.400	           6286	    171.000	   2312.146	   2315.806	   2303.098	   2290.321	           	      1.000	      0.000	      0.000	      0.000	      0.000	      0.000	      0.000	      0.000	      0.000	
 07/15-13:37	2299.600	2299.800	2294.200	2296.800	           8496	    172.000	   2311.075	   2315.733	   2303.300	   2290.358	           	      1.000	      0.000	      0.000	      0.000	      0.000	      0.000	      0.000	      0.000	      0.000	
 07/15-13:38	2297.000	2301.200	2296.800	2300.200	           4346	    173.000	   2310.038	   2315.673	   2303.518	   2290.400	           	      1.000	      0.000	      0.000	      0.000	      0.000	      0.000	      0.000	      0.000	      0.000	
 07/15-13:39	2300.000	2300.800	2297.400	2299.000	           2850	    174.000	   2309.058	   2315.419	   2303.729	   2290.436	           	      1.000	      0.000	      0.000	      0.000	      0.000	      0.000	      0.000	      0.000	      0.000	
 07/15-13:40	2299.800	2302.800	2299.600	2302.000	           3081	    175.000	   2308.192	   2315.169	   2303.940	   2290.493	           	      1.000	      0.000	      0.000	      0.000	      0.000	      0.000	      0.000	      0.000	      0.000	
 07/15-13:41	2301.800	2304.000	2301.600	2302.800	           2664	    176.000	   2307.512	   2315.044	   2304.155	   2290.562	           	      1.000	      0.000	      0.000	      0.000	      0.000	      0.000	      0.000	      0.000	      0.000	
 07/15-13:42	2303.000	2303.400	2301.200	2302.000	           1788	    177.000	   2306.946	   2314.923	   2304.355	   2290.621	           	      1.000	      0.000	      0.000	      0.000	      0.000	      0.000	      0.000	      0.000	      0.000	
 07/15-13:43	2301.400	2304.400	2301.400	2303.800	           1923	    178.000	   2306.404	   2314.769	   2304.553	   2290.722	           	      1.000	      0.000	      0.000	      0.000	      0.000	      0.000	      0.000	      0.000	      0.000	
 07/15-13:44	2303.600	2307.600	2303.600	2306.600	           3233	    179.000	   2306.067	   2314.646	   2304.794	   2290.830	           	      1.000	      0.000	      0.000	      0.000	      0.000	      0.000	      0.000	      0.000	      0.000	
 07/15-13:45	2306.600	2307.600	2300.600	2300.600	           3093	    180.000	   2305.529	   2314.423	   2304.977	   2290.953	           	      1.000	      0.000	      0.000	      0.000	      0.000	      0.000	      0.000	      0.000	      0.000	
 07/15-13:46	2300.600	2300.600	2297.000	2299.600	           4194	    181.000	   2305.000	   2314.160	   2305.102	   2291.095	           	      1.000	      0.000	      0.000	      0.000	      0.000	      0.000	      0.000	      0.000	      0.000	
 07/15-13:47	2299.400	2306.400	2297.800	2306.200	           4411	    182.000	   2304.704	   2313.810	   2305.247	   2291.240	           	      1.000	      0.000	      0.000	      0.000	      0.000	      0.000	      0.000	      0.000	      0.000	
 07/15-13:48	2305.600	2305.800	2300.000	2300.200	           2755	    183.000	   2304.475	   2313.294	   2305.330	   2291.363	           	      1.000	      0.000	      0.000	      0.000	      0.000	      0.000	      0.000	      0.000	      0.000	
 07/15-13:49	2300.200	2306.200	2299.400	2306.000	           2959	    184.000	   2304.400	   2312.817	   2305.461	   2291.505	           	      1.000	      0.000	      0.000	      0.000	      0.000	      0.000	      0.000	      0.000	      0.000	
 07/15-13:50	2306.400	2309.000	2306.400	2308.200	           4672	    185.000	   2304.404	   2312.396	   2305.634	   2291.657	           	      1.000	      0.000	      0.000	      0.000	      0.000	      0.000	      0.000	      0.000	      0.000	
 07/15-13:51	2308.000	2310.600	2307.800	2308.400	           4167	    186.000	   2304.554	   2312.127	   2305.797	   2291.805	           	      1.000	      0.000	      0.000	      0.000	      0.000	      0.000	      0.000	      0.000	      0.000	
 07/15-13:52	2308.600	2310.000	2307.000	2308.800	           2538	    187.000	   2304.613	   2311.827	   2305.920	   2291.979	           	      1.000	      0.000	      0.000	      0.000	      0.000	      0.000	      0.000	      0.000	      0.000	
 07/15-13:53	2308.600	2310.800	2306.400	2307.000	           2511	    188.000	   2304.600	   2311.477	   2306.058	   2292.135	           	      1.000	      0.000	      0.000	      0.000	      0.000	      0.000	      0.000	      0.000	      0.000	
 07/15-13:54	2307.000	2310.600	2306.400	2308.200	           2392	    189.000	   2304.675	   2311.371	   2306.224	   2292.277	           	      1.000	      0.000	      0.000	      0.000	      0.000	      0.000	      0.000	      0.000	      0.000	
 07/15-13:55	2308.000	2308.000	2302.800	2303.600	           3903	    190.000	   2304.779	   2311.202	   2306.367	   2292.402	           	      1.000	      0.000	      0.000	      0.000	      0.000	      0.000	      0.000	      0.000	      0.000	
 07/15-13:56	2303.400	2305.400	2300.200	2301.000	           3664	    191.000	   2304.592	   2310.925	   2306.470	   2292.514	           	      1.000	      0.000	      0.000	      0.000	      0.000	      0.000	      0.000	      0.000	      0.000	
 07/15-13:57	2301.400	2303.800	2301.400	2302.400	           1875	    192.000	   2304.517	   2310.704	   2306.572	   2292.618	           	      1.000	      0.000	      0.000	      0.000	      0.000	      0.000	      0.000	      0.000	      0.000	
 07/15-13:58	2302.400	2302.600	2298.600	2299.200	           4259	    193.000	   2304.204	   2310.360	   2306.605	   2292.677	           	      1.000	      0.000	      0.000	      0.000	      0.000	      0.000	      0.000	      0.000	      0.000	
 07/15-13:59	2299.200	2302.600	2298.000	2301.600	           2741	    194.000	   2303.988	   2310.087	   2306.669	   2292.759	           	      1.000	      0.000	      0.000	      0.000	      0.000	      0.000	      0.000	      0.000	      0.000	
 07/15-14:00	2301.800	2302.800	2296.600	2296.800	           3891	    195.000	   2303.533	   2309.692	   2306.703	   2292.814	           	      1.000	      0.000	      0.000	      0.000	      0.000	      0.000	      0.000	      0.000	      0.000	
 07/15-14:01	2296.400	2301.000	2295.600	2299.600	           3373	    196.000	   2303.267	   2309.273	   2306.767	   2292.896	           	      1.000	      0.000	      0.000	      0.000	      0.000	      0.000	      0.000	      0.000	      0.000	
 07/15-14:02	2299.600	2302.400	2298.600	2299.600	           2246	    197.000	   2303.000	   2308.879	   2306.817	   2292.978	           	      1.000	      0.000	      0.000	      0.000	      0.000	      0.000	      0.000	      0.000	      0.000	
 07/15-14:03	2299.800	2302.000	2294.200	2300.600	           6177	    198.000	   2302.908	   2308.538	   2306.874	   2293.066	           	      1.000	      0.000	      0.000	      0.000	      0.000	      0.000	      0.000	      0.000	      0.000	
 07/15-14:04	2300.800	2301.600	2297.200	2298.600	           2250	    199.000	   2302.629	   2308.148	   2306.952	   2293.157	           	      1.000	      0.000	      0.000	      0.000	      0.000	      0.000	      0.000	      0.000	      0.000	
 07/15-14:05	2298.600	2299.200	2295.200	2296.800	           2768	    200.000	   2302.188	   2307.683	   2307.003	   2293.238	           	      1.000	      0.000	      0.000	      0.000	      0.000	      0.000	      0.000	      0.000	      0.000	
 07/15-14:06	2296.800	2297.000	2292.000	2296.200	           5546	    201.000	   2302.083	   2307.115	   2307.047	   2293.326	           	      1.000	      0.000	      0.000	      0.000	      0.000	      0.000	      0.000	      0.000	      0.000	
 07/15-14:07	2297.000	2297.800	2291.800	2293.800	           4104	    202.000	   2301.979	   2306.527	   2307.078	   2293.409	           	      1.000	      0.000	      0.000	      0.000	      0.000	      0.000	      0.000	      0.000	      0.000	
 07/15-14:08	2293.600	2295.800	2293.000	2295.400	           2615	    203.000	   2301.821	   2305.929	   2307.150	   2293.493	           	      1.000	      0.000	      0.000	      0.000	      0.000	      0.000	      0.000	      0.000	      0.000	
 07/15-14:09	2295.400	2296.600	2292.200	2293.200	           3042	    204.000	   2301.629	   2305.344	   2307.230	   2293.563	           	      1.000	      0.000	      0.000	      0.000	      0.000	      0.000	      0.000	      0.000	      0.000	
 07/15-14:10	2293.200	2296.200	2293.000	2295.600	           2989	    205.000	   2301.417	   2304.804	   2307.330	   2293.633	           	      1.000	      0.000	      0.000	      0.000	      0.000	      0.000	      0.000	      0.000	      0.000	
 07/15-14:11	2296.200	2296.400	2291.200	2293.000	           4665	    206.000	   2301.087	   2304.300	   2307.372	   2293.691	           	      1.000	      0.000	      0.000	      0.000	      0.000	      0.000	      0.000	      0.000	      0.000	
 07/15-14:12	2293.200	2295.000	2291.600	2293.800	           2518	    207.000	   2300.813	   2303.879	   2307.388	   2293.755	           	      1.000	      0.000	      0.000	      0.000	      0.000	      0.000	      0.000	      0.000	      0.000	
 07/15-14:13	2293.800	2297.600	2293.800	2295.800	           3416	    208.000	   2300.546	   2303.475	   2307.406	   2293.827	           	      1.000	      0.000	      0.000	      0.000	      0.000	      0.000	      0.000	      0.000	      0.000	
 07/15-14:14	2295.600	2297.200	2295.000	2296.400	           1569	    209.000	   2300.208	   2303.137	   2307.416	   2293.896	           	      1.000	      0.000	      0.000	      0.000	      0.000	      0.000	      0.000	      0.000	      0.000	
 07/15-14:15	2296.400	2296.600	2294.400	2294.800	           1795	    210.000	   2300.012	   2302.771	   2307.378	   2293.973	           	      1.000	      0.000	      0.000	      0.000	      0.000	      0.000	      0.000	      0.000	      0.000	
 07/15-14:16	2295.000	2297.800	2294.800	2297.600	           2613	    211.000	   2299.946	   2302.473	   2307.355	   2294.084	           	      1.000	      0.000	      0.000	      0.000	      0.000	      0.000	      0.000	      0.000	      0.000	
 07/15-14:17	2297.600	2297.600	2295.800	2295.800	           1651	    212.000	   2299.600	   2302.152	   2307.336	   2294.207	           	      1.000	      0.000	      0.000	      0.000	      0.000	      0.000	      0.000	      0.000	      0.000	
 07/15-14:18	2296.000	2296.000	2292.200	2293.600	           4022	    213.000	   2299.379	   2301.927	   2307.313	   2294.320	           	      1.000	      0.000	      0.000	      0.000	      0.000	      0.000	      0.000	      0.000	      0.000	
 07/15-14:19	2293.600	2295.800	2291.800	2295.200	           2530	    214.000	   2299.021	   2301.710	   2307.316	   2294.438	           	      1.000	      0.000	      0.000	      0.000	      0.000	      0.000	      0.000	      0.000	      0.000	
 07/15-14:20	2295.000	2296.400	2294.200	2295.200	           1744	    215.000	   2298.587	   2301.496	   2307.323	   2294.563	           	      1.000	      0.000	      0.000	      0.000	      0.000	      0.000	      0.000	      0.000	      0.000	
 07/15-14:21	2295.600	2297.800	2293.000	2293.400	           3053	    216.000	   2298.083	   2301.319	   2307.320	   2294.671	           	      1.000	      0.000	      0.000	      0.000	      0.000	      0.000	      0.000	      0.000	      0.000	
 07/15-14:22	2293.800	2294.800	2285.600	2289.200	           8923	    217.000	   2297.433	   2301.023	   2307.286	   2294.770	           	      1.000	      0.000	      0.000	      0.000	      0.000	      0.000	      0.000	      0.000	      0.000	
 07/15-14:23	2289.000	2289.400	2285.200	2287.400	           3895	    218.000	   2296.779	   2300.690	   2307.234	   2294.861	           	      1.000	      0.000	      0.000	      0.000	      0.000	      0.000	      0.000	      0.000	      0.000	
 07/15-14:24	2287.200	2287.800	2285.600	2287.200	           2726	    219.000	   2296.079	   2300.377	   2307.182	   2294.937	           	      1.000	      0.000	      0.000	      0.000	      0.000	      0.000	      0.000	      0.000	      0.000	
 07/15-14:25	2287.200	2288.600	2285.800	2287.800	           2789	    220.000	   2295.554	   2300.167	   2307.153	   2295.011	           	      1.000	      0.000	      0.000	      0.000	      0.000	      0.000	      0.000	      0.000	      0.000	
 07/15-14:26	2287.800	2288.600	2284.000	2288.200	           3774	    221.000	   2295.129	   2299.860	   2307.128	   2295.091	           	      1.000	      0.000	      0.000	      0.000	      0.000	      0.000	      0.000	      0.000	      0.000	
 07/15-14:27	2287.800	2288.000	2285.200	2287.200	           1898	    222.000	   2294.617	   2299.567	   2307.071	   2295.156	           	      1.000	      0.000	      0.000	      0.000	      0.000	      0.000	      0.000	      0.000	      0.000	
 07/15-14:28	2287.000	2287.200	2285.600	2286.200	           1455	    223.000	   2294.188	   2299.196	   2306.956	   2295.219	           	      1.000	      0.000	      0.000	      0.000	      0.000	      0.000	      0.000	      0.000	      0.000	
 07/15-14:29	2286.200	2288.000	2286.200	2287.600	           2101	    224.000	   2293.721	   2298.854	   2306.853	   2295.304	           	      1.000	      0.000	      0.000	      0.000	      0.000	      0.000	      0.000	      0.000	      0.000	
 07/15-14:30	2288.000	2291.000	2287.200	2290.600	           4119	    225.000	   2293.517	   2298.525	   2306.780	   2295.398	           	      1.000	      0.000	      0.000	      0.000	      0.000	      0.000	      0.000	      0.000	      0.000	
 07/15-14:31	2290.600	2293.400	2290.200	2290.800	           3617	    226.000	   2293.221	   2298.244	   2306.719	   2295.496	           	      1.000	      0.000	      0.000	      0.000	      0.000	      0.000	      0.000	      0.000	      0.000	
 07/15-14:32	2290.600	2291.000	2288.200	2288.600	           2332	    227.000	   2292.854	   2297.927	   2306.641	   2295.579	           	      1.000	      0.000	      0.000	      0.000	      0.000	      0.000	      0.000	      0.000	      0.000	
 07/15-14:33	2288.400	2289.000	2283.200	2284.800	           4915	    228.000	   2292.325	   2297.617	   2306.550	   2295.648	           	      1.000	      0.000	      0.000	      0.000	      0.000	      0.000	      0.000	      0.000	      1.000	
 07/15-14:34	2285.600	2286.200	2283.800	2283.800	           2331	    229.000	   2291.833	   2297.231	   2306.446	   2295.724	           	      1.000	      0.000	      0.000	      0.000	      0.000	      0.000	      0.000	      0.000	      0.000	
 07/15-14:35	2283.800	2287.000	2282.200	2287.000	           3071	    230.000	   2291.508	   2296.848	   2306.341	   2295.808	           	      1.000	      0.000	      0.000	      0.000	      0.000	      0.000	      0.000	      0.000	      0.000	
 07/15-14:36	2287.200	2287.200	2284.800	2286.200	           1882	    231.000	   2291.171	   2296.627	   2306.217	   2295.889	           	      1.000	      0.000	      0.000	      0.000	      0.000	      0.000	      0.000	      0.000	      0.000	
 07/15-14:37	2286.000	2290.000	2285.800	2289.200	           3088	    232.000	   2291.021	   2296.500	   2306.117	   2295.983	           	      1.000	      0.000	      0.000	      0.000	      0.000	      0.000	      0.000	      0.000	      0.000	
 07/15-14:38	2289.200	2290.000	2287.600	2289.400	           2058	    233.000	   2290.821	   2296.321	   2305.997	   2296.086	           	      1.000	      0.000	      0.000	      0.000	      0.000	      0.000	      0.000	      0.000	      0.000	
 07/15-14:39	2289.600	2292.200	2288.200	2288.200	           3388	    234.000	   2290.654	   2296.142	   2305.780	   2296.208	           	      1.000	      0.000	      0.000	      0.000	      0.000	      0.000	      0.000	      0.000	      0.000	
 07/15-14:40	2288.000	2292.800	2287.600	2292.800	           2445	    235.000	   2290.558	   2295.988	   2305.578	   2296.339	           	      1.000	      0.000	      0.000	      0.000	      0.000	      0.000	      0.000	      0.000	      0.000	
 07/15-14:41	2293.000	2294.800	2292.400	2293.800	           3641	    236.000	   2290.583	   2295.835	   2305.440	   2296.471	           	      1.000	      0.000	      0.000	      0.000	      0.000	      0.000	      0.000	      0.000	      0.000	
 07/15-14:42	2294.000	2297.400	2293.200	2297.000	           3744	    237.000	   2290.692	   2295.752	   2305.337	   2296.610	           	      1.000	      0.000	      0.000	      0.000	      0.000	      0.000	      0.000	      0.000	      0.000	
 07/15-14:43	2296.600	2296.600	2294.400	2295.000	           2570	    238.000	   2290.667	   2295.606	   2305.188	   2296.734	           	      1.000	      0.000	      0.000	      0.000	      0.000	      0.000	      0.000	      0.000	      0.000	
 07/15-14:44	2295.000	2297.000	2294.800	2295.000	           2106	    239.000	   2290.617	   2295.413	   2305.029	   2296.862	           	      1.000	      0.000	      0.000	      0.000	      0.000	      0.000	      0.000	      0.000	      0.000	
 07/15-14:45	2295.000	2295.000	2291.600	2292.200	           3756	    240.000	   2290.533	   2295.273	   2304.848	   2296.969	           	      1.000	      0.000	      0.000	      0.000	      0.000	      0.000	      0.000	      0.000	      0.000	
 07/15-14:46	2292.600	2295.200	2292.000	2293.800	           1861	    241.000	   2290.404	   2295.175	   2304.668	   2297.078	           	      1.000	      0.000	      0.000	      0.000	      0.000	      0.000	      0.000	      0.000	      0.000	
 07/15-14:47	2294.000	2295.000	2293.200	2293.800	           1336	    242.000	   2290.342	   2294.971	   2304.391	   2297.177	           	      1.000	      0.000	      0.000	      0.000	      0.000	      0.000	      0.000	      0.000	      0.000	
 07/15-14:48	2293.600	2294.800	2291.600	2293.800	           2153	    243.000	   2290.346	   2294.863	   2304.078	   2297.275	           	      1.000	      0.000	      0.000	      0.000	      0.000	      0.000	      0.000	      0.000	      0.000	
 07/15-14:49	2293.400	2296.600	2292.800	2295.600	           2381	    244.000	   2290.358	   2294.690	   2303.753	   2297.382	           	      1.000	      0.000	      0.000	      0.000	      0.000	      0.000	      0.000	      0.000	      0.000	
 07/15-14:50	2295.600	2295.600	2291.200	2291.600	           2384	    245.000	   2290.242	   2294.415	   2303.405	   2297.473	           	      1.000	      0.000	      0.000	      0.000	      0.000	      0.000	      0.000	      0.000	      0.000	
 07/15-14:51	2291.600	2292.000	2288.800	2291.400	           3024	    246.000	   2290.175	   2294.129	   2303.128	   2297.552	           	      1.000	      0.000	      0.000	      0.000	      0.000	      0.000	      0.000	      0.000	      0.000	
 07/15-14:52	2291.200	2294.600	2291.200	2294.400	           1971	    247.000	   2290.346	   2293.890	   2302.858	   2297.636	           	      1.000	      0.000	      0.000	      0.000	      0.000	      0.000	      0.000	      0.000	      0.000	
 07/15-14:53	2294.400	2294.800	2293.000	2294.600	           1591	    248.000	   2290.587	   2293.683	   2302.580	   2297.716	           	      1.000	      0.000	      0.000	      0.000	      0.000	      0.000	      0.000	      0.000	      0.000	
 07/15-14:54	2294.200	2294.600	2292.200	2293.000	           1454	    249.000	   2290.779	   2293.429	   2302.400	   2297.793	           	      1.000	      0.000	      0.000	      0.000	      0.000	      0.000	      0.000	      0.000	      0.000	
 07/15-14:55	2292.800	2294.600	2292.200	2294.000	           1243	    250.000	   2290.988	   2293.271	   2302.237	   2297.862	           	      1.000	      0.000	      0.000	      0.000	      0.000	      0.000	      0.000	      0.000	      0.000	
 07/15-14:56	2294.000	2295.600	2293.600	2294.400	           1653	    251.000	   2291.192	   2293.160	   2302.043	   2297.867	           	      1.000	      0.000	      0.000	      0.000	      0.000	      0.000	      0.000	      0.000	      0.000	
 07/15-14:57	2294.600	2295.600	2294.200	2294.800	           1240	    252.000	   2291.450	   2293.033	   2301.869	   2297.883	           	      1.000	      0.000	      0.000	      0.000	      0.000	      0.000	      0.000	      0.000	      0.000	
 07/15-14:58	2294.800	2295.000	2293.000	2293.200	           1233	    253.000	   2291.679	   2292.933	   2301.647	   2297.896	           	      0.000	      0.000	      1.000	      0.000	      0.000	      0.000	      0.000	      0.000	      0.000	
 07/15-14:59	2293.200	2294.600	2293.000	2294.600	            870	    254.000	   2291.913	   2292.817	   2301.452	   2297.906	           	      0.000	      0.000	      1.000	      0.000	      0.000	      0.000	      0.000	      0.000	      0.000	
 07/15-15:00	2294.600	2294.800	2291.200	2291.200	           1972	    255.000	   2291.933	   2292.725	   2301.208	   2297.912	           	      0.000	      0.000	      1.000	      0.000	      0.000	      0.000	      0.000	      0.000	      0.000	
 07/15-15:01	2291.400	2292.400	2290.000	2292.200	           2140	    256.000	   2291.979	   2292.600	   2300.937	   2297.928	           	      0.000	      0.000	      1.000	      0.000	      0.000	      0.000	      0.000	      0.000	      0.000	
 07/15-15:02	2292.400	2292.800	2291.200	2291.400	            988	    257.000	   2292.071	   2292.462	   2300.671	   2297.940	           	      0.000	      0.000	      1.000	      0.000	      0.000	      0.000	      0.000	      0.000	      0.000	
 07/15-15:03	2291.400	2291.600	2289.200	2290.000	           2417	    258.000	   2292.246	   2292.285	   2300.411	   2297.952	           	      0.000	      0.000	      1.000	      0.000	      0.000	      0.000	      0.000	      0.000	      0.000	
 07/15-15:04	2290.000	2290.400	2288.800	2290.200	           1326	    259.000	   2292.458	   2292.146	   2300.147	   2297.958	           	      0.000	      0.000	      1.000	      0.000	      0.000	      0.000	      0.000	      0.000	      0.000	
 07/15-15:05	2290.000	2291.000	2289.800	2291.000	            923	    260.000	   2292.592	   2292.050	   2299.867	   2297.961	           	      0.000	      0.000	      1.000	      0.000	      0.000	      0.000	      0.000	      0.000	      0.000	
 07/15-15:06	2291.000	2291.400	2289.200	2290.000	           1462	    261.000	   2292.721	   2291.946	   2299.530	   2297.948	           	      0.000	      0.000	      1.000	      0.000	      0.000	      0.000	      0.000	      0.000	      0.000	
 07/15-15:07	2289.800	2290.200	2288.800	2290.000	           1084	    262.000	   2292.746	   2291.883	   2299.205	   2297.938	           	      0.000	      0.000	      1.000	      0.000	      0.000	      0.000	      0.000	      0.000	      0.000	
 07/15-15:08	2290.200	2290.600	2289.400	2289.600	            855	    263.000	   2292.754	   2291.788	   2298.858	   2297.909	           	      0.000	      0.000	      1.000	      0.000	      0.000	      0.000	      0.000	      0.000	      0.000	
 07/15-15:09	2289.400	2289.600	2286.800	2287.200	           2587	    264.000	   2292.717	   2291.685	   2298.515	   2297.882	           	      0.000	      0.000	      1.000	      0.000	      0.000	      0.000	      0.000	      0.000	      0.000	
 07/15-15:10	2287.600	2287.800	2286.000	2287.800	           1881	    265.000	   2292.554	   2291.556	   2298.180	   2297.868	           	      0.000	      0.000	      1.000	      0.000	      0.000	      0.000	      0.000	      0.000	      1.000	
 07/15-15:11	2287.800	2288.600	2287.400	2288.600	            968	    266.000	   2292.383	   2291.483	   2297.892	   2297.862	           	      0.000	      0.000	      1.000	      0.000	      0.000	      0.000	      0.000	      0.000	      0.000	
 07/15-15:12	2288.600	2292.400	2288.600	2292.400	           2855	    267.000	   2292.229	   2291.460	   2297.670	   2297.872	           	      0.000	      0.000	      1.000	      0.000	      0.000	      0.000	      0.000	      0.000	      0.000	
 07/15-15:13	2292.800	2293.600	2291.800	2292.600	           1776	    268.000	   2292.150	   2291.408	   2297.442	   2297.882	           	      0.000	      0.000	      1.000	      0.000	      0.000	      0.000	      0.000	      0.000	      0.000	
 07/15-15:14	2293.000	2293.000	2291.600	2292.000	           1595	    269.000	   2292.050	   2291.333	   2297.235	   2297.890	           	      0.000	      0.000	      1.000	      0.000	      0.000	      0.000	      0.000	      0.000	      0.000	
 07/15-15:15	2292.000	2293.000	2291.400	2291.400	           2965	    270.000	   2292.021	   2291.277	   2297.024	   2297.861	           	      0.000	      0.000	      1.000	      0.000	      0.000	      0.000	      0.000	      0.000	      0.000	