 04/17-09:16	2242.000	2242.000	2238.200	2240.400	           3941	
 04/17-09:17	2240.600	2242.800	2240.600	2242.200	           2140	
 04/17-09:18	2242.400	2243.400	2241.600	2242.200	           1382	
 04/17-09:19	2242.200	2242.200	2240.800	2241.000	            920	
 04/17-09:20	2240.800	2241.600	2240.600	2241.000	            730	
 04/17-09:21	2241.000	2241.200	2239.400	2239.600	           1140	
 04/17-09:22	2239.800	2243.200	2239.600	2243.200	           1402	
 04/17-09:23	2243.000	2244.800	2241.600	2243.000	           1977	
 04/17-09:24	2243.000	2243.600	2242.800	2243.400	            782	
 04/17-09:25	2243.800	2244.200	2243.200	2243.400	            747	
 04/17-09:26	2243.400	2245.200	2243.000	2243.200	           1362	
 04/17-09:27	2243.400	2245.400	2243.400	2244.400	            933	
 04/17-09:28	2244.800	2245.000	2243.600	2243.600	            717	
 04/17-09:29	2243.600	2244.000	2243.000	2243.600	            667	
 04/17-09:30	2243.600	2244.400	2242.400	2242.400	            823	
 04/17-09:31	2243.000	2243.400	2242.400	2243.400	            751	
 04/17-09:32	2243.400	2244.800	2243.400	2244.000	            591	
 04/17-09:33	2243.800	2244.200	2240.000	2240.200	           3623	
 04/17-09:34	2240.200	2247.200	2240.200	2246.400	           3176	
 04/17-09:35	2245.800	2246.200	2244.200	2244.400	           1636	
 04/17-09:36	2244.600	2245.000	2243.400	2243.800	           1255	
 04/17-09:37	2243.400	2243.600	2239.000	2239.000	           3744	
 04/17-09:38	2239.200	2241.000	2239.200	2241.000	           1351	
 04/17-09:39	2240.800	2241.400	2239.000	2239.000	           1254	
 04/17-09:40	2239.000	2239.600	2237.800	2238.400	           2436	
 04/17-09:41	2238.400	2238.800	2237.000	2238.200	           1715	
 04/17-09:42	2238.200	2238.800	2237.000	2237.000	           1500	
 04/17-09:43	2237.200	2239.200	2237.200	2238.600	           1216	
 04/17-09:44	2238.400	2239.600	2238.200	2239.200	            946	
 04/17-09:45	2239.200	2239.400	2238.000	2238.000	           1138	
 04/17-09:46	2238.200	2240.000	2237.600	2240.000	           1379	
 04/17-09:47	2239.800	2241.400	2239.200	2241.400	           1643	
 04/17-09:48	2241.400	2242.000	2240.400	2242.000	           1585	
 04/17-09:49	2242.400	2244.400	2242.400	2243.600	           2993	
 04/17-09:50	2244.000	2244.000	2242.600	2243.000	           1163	
 04/17-09:51	2242.800	2243.400	2242.200	2243.200	           1039	
 04/17-09:52	2243.200	2243.800	2241.600	2241.800	           1785	
 04/17-09:53	2241.600	2241.800	2239.600	2239.800	           1618	
 04/17-09:54	2239.800	2240.200	2239.000	2239.200	           1130	
 04/17-09:55	2239.200	2241.200	2239.200	2241.000	            949	
 04/17-09:56	2241.000	2241.000	2237.400	2237.800	           1528	
 04/17-09:57	2237.600	2238.000	2235.600	2236.600	           2532	
 04/17-09:58	2236.400	2236.600	2236.000	2236.000	           1132	
 04/17-09:59	2236.200	2236.400	2235.000	2235.200	           1357	
 04/17-10:00	2235.000	2235.800	2234.200	2234.800	           1421	
 04/17-10:01	2234.800	2235.000	2233.200	2234.800	           1716	
 04/17-10:02	2235.000	2236.000	2234.800	2236.000	           1275	
 04/17-10:03	2236.000	2236.000	2234.000	2234.000	           1341	
 04/17-10:04	2234.200	2234.400	2232.200	2233.600	           2350	
 04/17-10:05	2233.600	2234.600	2233.200	2234.400	           1371	
 04/17-10:06	2234.400	2235.200	2233.200	2235.000	           1267	
 04/17-10:07	2235.000	2235.000	2233.000	2233.800	           1122	
 04/17-10:08	2233.800	2235.600	2233.200	2235.400	            954	
 04/17-10:09	2235.600	2235.600	2233.200	2234.000	           1026	
 04/17-10:10	2234.000	2235.800	2233.600	2234.800	           1016	
 04/17-10:11	2235.000	2235.000	2233.000	2233.200	            959	
 04/17-10:12	2233.200	2234.600	2233.000	2234.600	            909	
 04/17-10:13	2234.400	2234.400	2233.200	2234.000	            755	
 04/17-10:14	2234.000	2234.600	2232.400	2233.600	           1045	
 04/17-10:15	2233.400	2233.800	2230.800	2231.800	           2192	
 04/17-10:16	2231.600	2234.600	2231.600	2233.600	           2006	
 04/17-10:17	2233.600	2234.400	2233.200	2233.600	            890	
 04/17-10:18	2233.600	2234.400	2233.400	2234.400	            660	
 04/17-10:19	2234.400	2234.600	2233.800	2234.200	            727	
 04/17-10:20	2234.400	2234.800	2233.200	2234.800	            914	
 04/17-10:21	2234.600	2234.800	2233.600	2234.000	            595	
 04/17-10:22	2233.600	2234.400	2233.400	2234.000	            540	
 04/17-10:23	2233.800	2234.000	2231.400	2232.400	           1544	
 04/17-10:24	2232.200	2232.200	2229.400	2230.600	           2633	
 04/17-10:25	2230.600	2231.600	2229.400	2229.400	           1281	
 04/17-10:26	2229.200	2231.600	2228.600	2231.600	           2075	
 04/17-10:27	2231.600	2233.200	2230.800	2232.800	           1680	
 04/17-10:28	2232.800	2233.600	2232.400	2233.000	           1372	
 04/17-10:29	2233.000	2233.000	2231.600	2231.800	            675	
 04/17-10:30	2231.600	2232.400	2230.400	2231.000	           1376	
 04/17-10:31	2231.400	2231.600	2230.600	2231.000	            521	
 04/17-10:32	2231.400	2231.600	2228.200	2228.200	           1850	
 04/17-10:33	2228.200	2229.600	2227.800	2228.000	           2658	
 04/17-10:34	2228.200	2229.600	2228.000	2229.400	            925	
 04/17-10:35	2229.600	2229.600	2227.200	2229.000	           1495	
 04/17-10:36	2228.800	2229.200	2228.000	2228.600	            894	
 04/17-10:37	2228.400	2228.800	2226.200	2227.400	           1877	
 04/17-10:38	2227.200	2228.200	2227.000	2227.400	            955	
 04/17-10:39	2227.400	2228.000	2225.800	2228.000	           2051	
 04/17-10:40	2228.200	2228.800	2227.800	2228.400	           1065	
 04/17-10:41	2228.400	2228.600	2226.400	2227.400	           1082	
 04/17-10:42	2227.600	2227.800	2225.400	2226.800	           1274	
 04/17-10:43	2226.800	2227.000	2225.200	2226.600	           1209	
 04/17-10:44	2226.400	2226.600	2224.400	2225.400	           1531	
 04/17-10:45	2225.200	2225.400	2223.600	2224.600	           1401	
 04/17-10:46	2224.600	2227.400	2223.600	2226.400	           2539	
 04/17-10:47	2226.400	2226.400	2225.200	2225.400	            943	
 04/17-10:48	2225.400	2227.200	2225.200	2227.200	            834	
 04/17-10:49	2227.000	2227.800	2226.200	2227.600	           1083	
 04/17-10:50	2227.400	2228.200	2226.600	2228.000	           1201	
 04/17-10:51	2228.000	2228.600	2227.400	2228.000	           1140	
 04/17-10:52	2228.000	2230.000	2227.600	2229.600	           1880	
 04/17-10:53	2229.400	2230.000	2229.000	2229.400	           1266	
 04/17-10:54	2229.400	2229.800	2228.600	2229.200	           1218	
 04/17-10:55	2229.200	2231.200	2228.800	2229.800	           3079	
 04/17-10:56	2229.800	2230.000	2228.000	2228.400	           1619	
 04/17-10:57	2228.200	2230.000	2228.000	2230.000	           1148	
 04/17-10:58	2230.000	2230.000	2228.400	2229.200	           1058	
 04/17-10:59	2229.200	2229.400	2227.200	2228.200	           1395	
 04/17-11:00	2228.000	2228.400	2227.000	2227.400	            881	
 04/17-11:01	2227.400	2228.000	2225.600	2226.000	           1697	
 04/17-11:02	2226.000	2226.000	2224.400	2225.200	           2129	
 04/17-11:03	2225.400	2225.800	2224.400	2224.400	           1547	
 04/17-11:04	2224.400	2225.600	2223.400	2225.200	           2139	
 04/17-11:05	2225.600	2226.000	2224.600	2225.400	           1548	
 04/17-11:06	2225.600	2226.000	2225.000	2226.000	           1347	
 04/17-11:07	2226.000	2228.600	2226.000	2228.400	           2206	
 04/17-11:08	2228.200	2228.600	2226.200	2226.200	           1490	
 04/17-11:09	2226.000	2228.600	2226.000	2228.400	           1219	
 04/17-11:10	2228.400	2230.000	2227.400	2229.600	           2535	
 04/17-11:11	2229.800	2230.600	2228.400	2229.000	           1980	
 04/17-11:12	2228.800	2231.400	2228.600	2231.400	           2108	
 04/17-11:13	2231.400	2233.800	2230.600	2232.600	           3438	
 04/17-11:14	2232.400	2235.600	2232.200	2234.200	           5183	
 04/17-11:15	2234.200	2234.400	2233.200	2234.400	           1959	
 04/17-11:16	2234.000	2235.000	2233.400	2234.200	           2003	
 04/17-11:17	2234.000	2234.600	2233.200	2234.000	           1636	
 04/17-11:18	2233.800	2234.600	2233.400	2234.600	           1609	
 04/17-11:19	2234.400	2235.000	2234.000	2234.400	           1665	
 04/17-11:20	2234.200	2235.200	2233.800	2235.200	           1368	
 04/17-11:21	2235.200	2235.200	2233.400	2233.800	           1261	
 04/17-11:22	2233.800	2234.000	2231.600	2232.200	           2685	
 04/17-11:23	2232.200	2233.000	2232.000	2233.000	            845	
 04/17-11:24	2233.000	2234.800	2232.800	2234.800	           1608	
 04/17-11:25	2234.800	2234.800	2233.600	2233.600	           1285	
 04/17-11:26	2233.800	2234.600	2233.200	2233.400	           1045	
 04/17-11:27	2233.400	2235.800	2232.400	2235.000	           2709	
 04/17-11:28	2235.400	2238.200	2235.200	2236.800	           5156	
 04/17-11:29	2236.800	2238.200	2235.800	2237.800	           1983	
 04/17-11:30	2237.400	2240.000	2237.200	2239.800	           3555	
 04/17-13:01	2240.600	2240.600	2238.000	2238.200	           1964	
 04/17-13:02	2238.200	2238.800	2237.000	2237.000	           1574	
 04/17-13:03	2237.200	2237.600	2236.400	2236.600	           1553	
 04/17-13:04	2236.800	2237.200	2232.400	2233.400	           3577	
 04/17-13:05	2233.600	2234.000	2233.200	2234.000	           1361	
 04/17-13:06	2234.000	2234.200	2233.200	2233.800	           1126	
 04/17-13:07	2233.800	2234.400	2232.800	2232.800	           1108	
 04/17-13:08	2233.000	2235.000	2233.000	2234.600	           1272	
 04/17-13:09	2234.800	2235.600	2234.000	2235.600	           1106	
 04/17-13:10	2235.400	2236.200	2235.200	2235.200	           1161	
 04/17-13:11	2235.600	2236.800	2235.200	2236.400	           1382	
 04/17-13:12	2236.400	2238.200	2236.000	2237.600	           1946	
 04/17-13:13	2237.600	2237.800	2236.600	2237.000	           1042	
 04/17-13:14	2237.000	2237.400	2236.200	2236.400	           1264	
 04/17-13:15	2236.600	2239.000	2236.200	2238.800	           2218	
 04/17-13:16	2238.800	2239.000	2237.600	2237.800	           1701	
 04/17-13:17	2238.000	2238.000	2236.400	2236.800	           1200	
 04/17-13:18	2236.600	2236.800	2235.200	2235.600	           1764	
 04/17-13:19	2235.600	2235.800	2233.000	2234.200	           3144	
 04/17-13:20	2233.800	2234.800	2233.800	2234.400	           1156	
 04/17-13:21	2234.400	2234.800	2233.400	2233.600	           1073	
 04/17-13:22	2233.600	2234.800	2233.400	2234.400	            808	
 04/17-13:23	2234.600	2234.800	2232.400	2232.800	           1709	
 04/17-13:24	2233.000	2233.200	2231.800	2232.600	           1985	
 04/17-13:25	2232.400	2232.600	2231.000	2231.600	           2029	
 04/17-13:26	2231.600	2232.400	2231.000	2231.800	           1532	
 04/17-13:27	2231.600	2232.200	2231.200	2231.200	           1054	
 04/17-13:28	2231.200	2231.600	2229.200	2229.600	           3321	
 04/17-13:29	2229.400	2229.600	2228.600	2229.200	           1824	
 04/17-13:30	2229.000	2230.000	2228.600	2228.800	           1531	
 04/17-13:31	2228.600	2230.200	2228.600	2229.600	           1311	
 04/17-13:32	2229.600	2229.600	2228.400	2229.000	           1244	
 04/17-13:33	2229.000	2230.400	2228.800	2230.200	           1321	
 04/17-13:34	2230.000	2231.400	2229.800	2231.000	           1379	
 04/17-13:35	2231.200	2232.000	2230.400	2230.800	           1615	
 04/17-13:36	2230.800	2231.000	2230.000	2230.400	           1169	
 04/17-13:37	2230.400	2231.800	2229.600	2231.800	           1636	
 04/17-13:38	2231.600	2232.400	2230.800	2231.800	           1514	
 04/17-13:39	2231.800	2232.400	2231.000	2232.200	           1059	
 04/17-13:40	2232.000	2232.200	2231.200	2231.800	            964	
 04/17-13:41	2232.000	2232.200	2230.600	2231.600	           1235	
 04/17-13:42	2231.800	2233.400	2231.600	2233.000	           2005	
 04/17-13:43	2233.000	2235.800	2231.800	2235.800	           3074	
 04/17-13:44	2235.400	2236.800	2235.000	2236.800	           2926	
 04/17-13:45	2236.800	2236.800	2235.200	2236.400	           2212	
 04/17-13:46	2236.400	2237.200	2236.000	2236.600	           1497	
 04/17-13:47	2236.600	2236.800	2235.400	2236.000	           1498	
 04/17-13:48	2236.200	2236.600	2235.200	2236.400	           1282	
 04/17-13:49	2236.400	2237.600	2236.400	2237.000	           1681	
 04/17-13:50	2237.000	2237.200	2235.800	2236.600	           1265	
 04/17-13:51	2236.800	2238.000	2236.400	2236.400	           1777	
 04/17-13:52	2236.200	2236.400	2234.400	2234.800	           2469	
 04/17-13:53	2234.800	2236.000	2234.200	2234.400	           1320	
 04/17-13:54	2234.600	2234.800	2232.200	2233.200	           2476	
 04/17-13:55	2233.600	2233.600	2231.600	2232.800	           2143	
 04/17-13:56	2232.800	2233.000	2232.000	2232.000	           1339	
 04/17-13:57	2232.000	2232.600	2231.200	2231.600	           1615	
 04/17-13:58	2231.400	2232.400	2230.800	2231.200	           1275	
 04/17-13:59	2231.200	2232.600	2231.200	2232.200	           1167	
 04/17-14:00	2232.000	2232.200	2231.200	2231.200	           1049	
 04/17-14:01	2231.000	2233.600	2231.000	2233.000	           1613	
 04/17-14:02	2232.800	2233.000	2231.000	2232.000	           1532	
 04/17-14:03	2231.800	2232.200	2230.600	2231.400	           1435	
 04/17-14:04	2231.200	2231.600	2230.200	2231.600	           1536	
 04/17-14:05	2231.400	2232.800	2230.800	2232.200	           1354	
 04/17-14:06	2232.000	2233.800	2231.800	2233.800	           1735	
 04/17-14:07	2233.800	2235.800	2233.800	2235.200	           3695	
 04/17-14:08	2235.000	2235.000	2233.600	2233.600	           1539	
 04/17-14:09	2233.800	2234.800	2233.600	2234.200	            951	
 04/17-14:10	2234.000	2234.800	2233.600	2234.400	            802	
 04/17-14:11	2234.400	2234.400	2231.600	2231.600	           2256	
 04/17-14:12	2231.600	2233.200	2231.400	2232.400	           1539	
 04/17-14:13	2232.200	2234.200	2232.200	2232.200	           1204	
 04/17-14:14	2232.600	2234.000	2232.200	2233.800	            831	
 04/17-14:15	2233.800	2233.800	2231.800	2232.200	           1090	
 04/17-14:16	2232.200	2232.800	2230.000	2230.000	           3174	
 04/17-14:17	2230.200	2230.800	2229.400	2229.800	           2410	
 04/17-14:18	2229.600	2229.600	2228.200	2228.800	           2311	
 04/17-14:19	2228.800	2229.400	2228.600	2228.800	           1144	
 04/17-14:20	2229.000	2230.800	2228.800	2230.000	           1849	
 04/17-14:21	2230.000	2230.400	2229.600	2229.600	            879	
 04/17-14:22	2229.400	2229.800	2228.600	2228.800	           1361	
 04/17-14:23	2228.800	2230.600	2228.600	2230.200	           1506	
 04/17-14:24	2230.000	2230.400	2229.000	2229.600	           1066	
 04/17-14:25	2229.800	2230.200	2229.000	2229.600	            937	
 04/17-14:26	2229.800	2233.000	2229.600	2232.400	           3606	
 04/17-14:27	2232.200	2232.400	2231.000	2231.200	           1575	
 04/17-14:28	2231.000	2232.000	2231.000	2231.600	            677	
 04/17-14:29	2231.400	2233.200	2231.200	2232.400	           1899	
 04/17-14:30	2232.400	2233.000	2231.800	2232.200	            870	
 04/17-14:31	2232.200	2233.400	2232.000	2233.200	           1181	
 04/17-14:32	2233.200	2233.400	2232.000	2232.200	           1215	
 04/17-14:33	2232.600	2232.600	2231.000	2231.200	           1460	
 04/17-14:34	2231.200	2233.000	2231.200	2232.600	            947	
 04/17-14:35	2232.600	2232.800	2231.200	2231.400	            665	
 04/17-14:36	2231.400	2232.800	2230.800	2232.600	           1272	
 04/17-14:37	2232.400	2233.000	2232.200	2232.800	           1292	
 04/17-14:38	2232.600	2232.800	2231.600	2232.000	            836	
 04/17-14:39	2232.200	2233.000	2232.000	2232.400	           1030	
 04/17-14:40	2232.600	2233.000	2231.400	2231.600	           1164	
 04/17-14:41	2231.400	2231.800	2230.600	2231.400	           1378	
 04/17-14:42	2231.400	2232.000	2231.000	2231.600	            745	
 04/17-14:43	2231.800	2232.200	2231.200	2231.600	            679	
 04/17-14:44	2231.800	2232.600	2230.600	2232.600	           1216	
 04/17-14:45	2232.600	2232.800	2231.600	2232.400	            975	
 04/17-14:46	2232.400	2232.800	2232.000	2232.200	           1034	
 04/17-14:47	2232.200	2232.600	2231.800	2232.200	            630	
 04/17-14:48	2232.000	2232.400	2231.600	2231.800	            611	
 04/17-14:49	2231.600	2231.800	2230.400	2231.000	           1316	
 04/17-14:50	2231.000	2231.600	2230.400	2231.400	            839	
 04/17-14:51	2231.400	2232.000	2231.200	2231.600	            970	
 04/17-14:52	2231.400	2231.800	2230.800	2231.400	            842	
 04/17-14:53	2231.400	2231.400	2230.200	2230.400	            634	
 04/17-14:54	2230.200	2231.000	2229.600	2229.600	           1516	
 04/17-14:55	2229.600	2230.600	2229.600	2230.200	            843	
 04/17-14:56	2230.200	2230.600	2229.600	2230.000	            753	
 04/17-14:57	2229.800	2230.400	2229.400	2229.400	            760	
 04/17-14:58	2229.800	2229.800	2228.600	2228.600	           1157	
 04/17-14:59	2228.600	2229.800	2228.600	2229.600	            996	
 04/17-15:00	2229.600	2230.000	2229.000	2229.600	            989	
 04/17-15:01	2229.600	2229.600	2228.000	2228.000	           1335	
 04/17-15:02	2228.200	2228.600	2225.200	2225.600	           3768	
 04/17-15:03	2225.800	2226.800	2225.600	2226.000	           1695	
 04/17-15:04	2226.000	2226.400	2225.600	2225.600	           1111	
 04/17-15:05	2225.600	2226.600	2225.600	2226.400	           1007	
 04/17-15:06	2226.000	2226.600	2225.800	2226.600	            869	
 04/17-15:07	2226.400	2226.800	2226.000	2226.200	            857	
 04/17-15:08	2226.000	2226.200	2225.400	2225.400	            867	
 04/17-15:09	2225.600	2225.800	2225.200	2225.600	            995	
 04/17-15:10	2225.600	2226.200	2225.400	2225.600	            986	
 04/17-15:11	2225.800	2225.800	2224.800	2225.400	           1672	
 04/17-15:12	2225.200	2225.800	2224.200	2225.000	           1993	
 04/17-15:13	2224.800	2224.800	2224.000	2224.800	           1327	
 04/17-15:14	2224.600	2225.600	2224.400	2225.400	           1948	
 04/17-15:15	2225.800	2226.800	2225.600	2226.600	           2596	
 04/18-09:16	2215.000	2221.600	2213.800	2219.800	           8997	
 04/18-09:17	2220.000	2220.000	2217.000	2217.000	           2385	
 04/18-09:18	2217.000	2219.000	2216.400	2218.400	           2069	
 04/18-09:19	2219.000	2219.200	2217.400	2218.800	           1245	
 04/18-09:20	2218.800	2219.600	2217.000	2218.200	           1716	
 04/18-09:21	2217.800	2218.800	2217.200	2218.200	           1145	
 04/18-09:22	2218.600	2219.600	2218.600	2218.800	           1098	
 04/18-09:23	2218.800	2219.200	2218.400	2218.600	            758	
 04/18-09:24	2219.000	2219.000	2216.600	2217.000	           1656	
 04/18-09:25	2216.600	2217.800	2216.400	2217.800	           1441	
 04/18-09:26	2217.800	2218.000	2216.400	2216.400	           1551	
 04/18-09:27	2216.400	2216.600	2208.600	2211.000	           6935	
 04/18-09:28	2211.000	2211.600	2204.000	2205.000	           5797	
 04/18-09:29	2204.800	2205.600	2203.000	2205.000	           4053	
 04/18-09:30	2205.000	2207.200	2204.400	2205.600	           2575	
 04/18-09:31	2205.200	2205.600	2201.400	2202.000	           8445	
 04/18-09:32	2202.200	2204.000	2199.800	2203.000	           3995	
 04/18-09:33	2203.000	2203.800	2201.400	2203.400	           2116	
 04/18-09:34	2203.400	2203.600	2196.200	2197.000	           5601	
 04/18-09:35	2196.800	2201.000	2196.600	2198.400	           5277	
 04/18-09:36	2198.600	2198.600	2193.200	2196.200	           7007	
 04/18-09:37	2196.200	2198.400	2196.000	2197.600	           3558	
 04/18-09:38	2197.600	2203.200	2197.600	2202.200	           6817	
 04/18-09:39	2202.200	2202.400	2200.600	2201.400	           2145	
 04/18-09:40	2201.000	2201.400	2199.000	2199.000	           2580	
 04/18-09:41	2199.600	2200.800	2198.800	2200.800	           1693	
 04/18-09:42	2200.800	2200.800	2197.000	2197.400	           2975	
 04/18-09:43	2197.200	2200.000	2196.200	2199.200	           2644	
 04/18-09:44	2199.200	2201.600	2198.600	2198.800	           2447	
 04/18-09:45	2199.400	2200.800	2197.600	2200.800	           2242	
 04/18-09:46	2200.800	2201.200	2199.600	2201.000	           2418	
 04/18-09:47	2201.000	2201.000	2197.000	2197.400	           3945	
 04/18-09:48	2197.000	2197.600	2195.800	2197.400	           3509	
 04/18-09:49	2197.400	2197.600	2195.200	2195.600	           2181	
 04/18-09:50	2195.000	2199.000	2194.000	2196.400	           4340	
 04/18-09:51	2196.800	2199.200	2195.800	2198.200	           2531	
 04/18-09:52	2198.000	2202.000	2198.000	2200.200	           4338	
 04/18-09:53	2200.600	2200.800	2199.600	2200.400	           1524	
 04/18-09:54	2200.400	2201.800	2199.800	2201.000	           1632	
 04/18-09:55	2201.200	2204.800	2200.600	2203.800	           4565	
 04/18-09:56	2203.600	2204.400	2202.000	2203.000	           3159	
 04/18-09:57	2203.200	2203.800	2202.000	2203.800	           2178	
 04/18-09:58	2203.800	2204.200	2202.800	2203.200	           2161	
 04/18-09:59	2203.400	2213.200	2202.800	2213.200	           6363	
 04/18-10:00	2213.000	2217.800	2210.400	2215.400	          14680	
 04/18-10:01	2215.600	2228.600	2215.400	2223.000	          16206	
 04/18-10:02	2223.800	2223.800	2218.600	2219.400	           6178	
 04/18-10:03	2219.400	2219.800	2216.400	2217.800	           5737	
 04/18-10:04	2217.600	2219.800	2216.400	2218.600	           4197	
 04/18-10:05	2218.600	2219.000	2217.000	2219.000	           2189	
 04/18-10:06	2219.000	2219.800	2214.400	2215.600	           5119	
 04/18-10:07	2215.600	2216.400	2214.600	2215.600	           2487	
 04/18-10:08	2215.600	2218.200	2215.000	2218.200	           2777	
 04/18-10:09	2218.400	2219.800	2217.200	2218.600	           2872	
 04/18-10:10	2218.400	2219.200	2216.800	2218.000	           2025	
 04/18-10:11	2218.400	2218.400	2215.600	2218.400	           1996	
 04/18-10:12	2218.000	2219.600	2216.800	2219.600	           1978	
 04/18-10:13	2219.800	2222.800	2219.800	2220.200	           5149	
 04/18-10:14	2220.400	2220.400	2218.200	2218.400	           2640	
 04/18-10:15	2218.600	2220.400	2217.800	2220.000	           2387	
 04/18-10:16	2220.400	2223.800	2220.400	2221.800	           5643	
 04/18-10:17	2221.800	2221.800	2220.400	2221.200	           1788	
 04/18-10:18	2221.200	2221.400	2219.000	2219.000	           2057	
 04/18-10:19	2219.200	2219.200	2216.800	2217.200	           2908	
 04/18-10:20	2217.600	2218.200	2216.800	2217.800	           1612	
 04/18-10:21	2217.800	2218.000	2216.200	2217.200	           1814	
 04/18-10:22	2217.000	2220.000	2217.000	2219.600	           2040	
 04/18-10:23	2219.600	2220.400	2218.000	2218.600	           1921	
 04/18-10:24	2218.600	2219.000	2217.800	2219.000	           1137	
 04/18-10:25	2218.800	2219.800	2217.600	2219.800	           1681	
 04/18-10:26	2219.600	2219.600	2217.000	2218.200	           1556	
 04/18-10:27	2218.400	2219.000	2217.800	2217.800	            924	
 04/18-10:28	2217.800	2218.000	2216.000	2216.600	           2303	
 04/18-10:29	2216.800	2217.800	2215.200	2216.600	           2454	
 04/18-10:30	2216.800	2218.000	2216.200	2217.600	           1278	
 04/18-10:31	2217.400	2217.600	2213.600	2214.600	           4242	
 04/18-10:32	2215.000	2215.000	2213.400	2214.000	           2955	
 04/18-10:33	2214.000	2215.800	2213.400	2215.800	           2357	
 04/18-10:34	2215.800	2217.600	2215.400	2217.200	           3084	
 04/18-10:35	2217.200	2218.000	2216.600	2218.000	           1382	
 04/18-10:36	2218.200	2218.400	2216.000	2216.600	           1634	
 04/18-10:37	2216.400	2216.600	2214.800	2215.200	           2110	
 04/18-10:38	2215.400	2216.600	2214.600	2215.600	           1744	
 04/18-10:39	2215.600	2216.400	2215.000	2215.800	           1357	
 04/18-10:40	2216.000	2217.000	2215.200	2216.000	           1166	
 04/18-10:41	2216.000	2216.400	2214.400	2214.600	           1489	
 04/18-10:42	2214.600	2215.400	2212.200	2214.600	           3735	
 04/18-10:43	2214.600	2215.200	2213.600	2213.600	            961	
 04/18-10:44	2213.600	2214.600	2212.400	2213.800	           1876	
 04/18-10:45	2213.400	2214.600	2213.000	2213.600	           2236	
 04/18-10:46	2213.800	2215.600	2213.800	2213.800	           1455	
 04/18-10:47	2214.000	2215.200	2213.800	2214.800	           1008	
 04/18-10:48	2215.200	2217.000	2214.600	2216.400	           2294	
 04/18-10:49	2216.200	2216.600	2214.800	2214.800	           1405	
 04/18-10:50	2214.600	2215.000	2209.400	2210.200	           6353	
 04/18-10:51	2210.000	2211.600	2208.000	2209.800	           4810	
 04/18-10:52	2209.600	2210.000	2207.800	2208.600	           3424	
 04/18-10:53	2209.000	2209.800	2208.000	2209.800	           1823	
 04/18-10:54	2209.600	2210.800	2208.600	2210.400	           2078	
 04/18-10:55	2210.400	2210.400	2209.400	2209.400	            964	
 04/18-10:56	2209.400	2210.000	2208.600	2208.800	           1316	
 04/18-10:57	2208.600	2210.800	2208.400	2210.800	           1758	
 04/18-10:58	2210.600	2212.400	2210.600	2211.200	           2569	
 04/18-10:59	2211.000	2213.600	2210.600	2212.200	           2635	
 04/18-11:00	2212.000	2219.800	2211.600	2218.600	           8339	
 04/18-11:01	2218.400	2220.200	2217.600	2220.200	           4978	
 04/18-11:02	2220.200	2224.600	2220.000	2222.800	           7530	
 04/18-11:03	2222.600	2223.200	2221.200	2223.200	           3196	
 04/18-11:04	2222.800	2223.400	2222.000	2222.000	           2493	
 04/18-11:05	2222.000	2222.400	2220.200	2221.400	           2371	
 04/18-11:06	2221.400	2223.400	2221.000	2222.400	           2026	
 04/18-11:07	2222.400	2224.800	2221.800	2223.600	           3505	
 04/18-11:08	2223.600	2224.000	2222.400	2223.800	           2029	
 04/18-11:09	2224.000	2224.800	2223.000	2224.200	           2451	
 04/18-11:10	2224.600	2229.800	2224.200	2227.600	           9920	
 04/18-11:11	2227.600	2228.400	2226.000	2226.000	           3685	
 04/18-11:12	2226.000	2227.200	2225.200	2226.000	           2972	
 04/18-11:13	2226.000	2226.800	2225.600	2225.800	           1582	
 04/18-11:14	2226.000	2226.000	2223.200	2224.000	           3658	
 04/18-11:15	2224.200	2226.400	2224.200	2225.600	           2651	
 04/18-11:16	2225.800	2228.000	2225.400	2227.000	           3432	
 04/18-11:17	2226.800	2232.600	2226.600	2230.800	           8469	
 04/18-11:18	2230.800	2234.000	2230.800	2232.000	           5264	
 04/18-11:19	2232.000	2232.600	2230.600	2230.600	           2245	
 04/18-11:20	2230.800	2232.200	2229.800	2231.000	           2905	
 04/18-11:21	2231.200	2233.600	2231.200	2233.000	           2739	
 04/18-11:22	2232.600	2235.000	2231.000	2231.000	           4788	
 04/18-11:23	2230.800	2231.600	2229.400	2230.000	           3104	
 04/18-11:24	2230.000	2230.000	2227.400	2227.800	           3510	
 04/18-11:25	2228.400	2229.000	2227.400	2228.200	           2187	
 04/18-11:26	2228.200	2230.400	2228.000	2230.200	           2060	
 04/18-11:27	2230.200	2230.400	2228.200	2228.400	           1620	
 04/18-11:28	2228.600	2229.200	2226.000	2226.800	           3255	
 04/18-11:29	2226.000	2228.400	2225.400	2228.400	           2116	
 04/18-11:30	2228.200	2228.600	2226.200	2226.200	           2189	
 04/18-13:01	2226.200	2226.200	2221.200	2221.600	           5595	
 04/18-13:02	2221.600	2222.200	2220.600	2220.800	           2984	
 04/18-13:03	2220.800	2222.200	2220.800	2221.400	           1918	
 04/18-13:04	2221.200	2222.200	2220.800	2220.800	           1456	
 04/18-13:05	2220.800	2221.000	2218.600	2218.600	           3794	
 04/18-13:06	2218.600	2220.200	2218.400	2219.400	           2090	
 04/18-13:07	2219.000	2220.000	2219.000	2219.200	           1302	
 04/18-13:08	2219.400	2220.000	2218.600	2219.000	           1637	
 04/18-13:09	2218.800	2218.800	2217.000	2217.000	           3571	
 04/18-13:10	2216.800	2217.600	2216.200	2216.600	           3217	
 04/18-13:11	2216.400	2217.800	2216.400	2217.400	           2205	
 04/18-13:12	2217.600	2218.200	2217.000	2217.400	           2225	
 04/18-13:13	2217.200	2219.400	2217.200	2218.800	           2684	
 04/18-13:14	2218.400	2219.200	2218.200	2218.800	           1073	
 04/18-13:15	2218.800	2219.200	2218.200	2219.200	           1279	
 04/18-13:16	2219.200	2219.600	2216.800	2216.800	           2334	
 04/18-13:17	2216.800	2218.600	2216.800	2218.000	           1439	
 04/18-13:18	2217.800	2219.600	2217.800	2218.400	           1589	
 04/18-13:19	2218.400	2220.600	2218.200	2219.600	           2096	
 04/18-13:20	2219.600	2220.800	2219.400	2220.000	           1587	
 04/18-13:21	2219.800	2220.200	2218.600	2218.800	           1626	
 04/18-13:22	2218.600	2219.200	2218.000	2218.600	           1157	
 04/18-13:23	2218.400	2220.400	2218.400	2219.200	           1220	
 04/18-13:24	2219.200	2219.800	2218.200	2218.200	           1281	
 04/18-13:25	2218.200	2218.400	2214.200	2214.400	           6135	
 04/18-13:26	2214.200	2215.600	2214.200	2215.000	           2874	
 04/18-13:27	2215.000	2216.400	2215.000	2215.600	           2159	
 04/18-13:28	2215.600	2219.000	2215.600	2218.600	           2824	
 04/18-13:29	2218.600	2218.600	2217.600	2217.600	           1182	
 04/18-13:30	2217.800	2218.400	2217.000	2217.400	           1655	
 04/18-13:31	2217.600	2218.200	2216.800	2218.000	           1268	
 04/18-13:32	2218.200	2218.200	2217.200	2218.000	            950	
 04/18-13:33	2218.200	2218.200	2216.000	2217.000	           1704	
 04/18-13:34	2216.800	2217.400	2216.200	2216.200	           1017	
 04/18-13:35	2216.200	2218.200	2216.000	2217.800	           1618	
 04/18-13:36	2217.800	2218.800	2217.600	2218.400	           1484	
 04/18-13:37	2218.400	2219.000	2216.600	2216.600	           1724	
 04/18-13:38	2216.600	2216.600	2212.000	2212.800	           6558	
 04/18-13:39	2212.800	2213.600	2211.200	2213.200	           3475	
 04/18-13:40	2213.000	2213.400	2212.400	2213.400	           1822	
 04/18-13:41	2213.200	2213.800	2211.800	2212.200	           2227	
 04/18-13:42	2212.200	2214.000	2212.200	2213.800	           1425	
 04/18-13:43	2214.000	2214.800	2212.600	2213.000	           1785	
 04/18-13:44	2213.200	2213.800	2213.000	2213.400	            821	
 04/18-13:45	2213.200	2213.800	2212.800	2213.200	            963	
 04/18-13:46	2213.400	2216.400	2213.400	2215.800	           3375	
 04/18-13:47	2216.000	2217.000	2215.200	2216.800	           2185	
 04/18-13:48	2216.400	2216.800	2215.400	2215.600	           1396	
 04/18-13:49	2215.800	2217.800	2215.600	2217.400	           2242	
 04/18-13:50	2217.400	2217.600	2216.400	2216.800	           1475	
 04/18-13:51	2216.600	2218.400	2216.600	2218.400	           2057	
 04/18-13:52	2218.400	2218.400	2216.400	2216.800	           1998	
 04/18-13:53	2216.600	2217.600	2216.400	2217.400	           1189	
 04/18-13:54	2217.600	2217.800	2216.800	2217.800	           1091	
 04/18-13:55	2217.800	2219.400	2217.800	2219.000	           3034	
 04/18-13:56	2219.000	2219.200	2216.800	2217.800	           2162	
 04/18-13:57	2217.800	2219.000	2217.800	2218.600	           1282	
 04/18-13:58	2218.600	2219.000	2216.600	2217.200	           1645	
 04/18-13:59	2217.200	2217.800	2217.000	2217.200	            794	
 04/18-14:00	2217.000	2217.800	2216.400	2216.800	           1815	
 04/18-14:01	2216.400	2220.000	2216.400	2219.200	           3578	
 04/18-14:02	2219.000	2221.800	2218.800	2221.600	           4346	
 04/18-14:03	2221.400	2222.800	2221.400	2222.000	           3374	
 04/18-14:04	2222.000	2222.200	2221.200	2221.800	           2384	
 04/18-14:05	2221.800	2224.200	2221.800	2224.200	           3246	
 04/18-14:06	2224.000	2224.000	2223.200	2223.600	           2318	
 04/18-14:07	2223.600	2224.000	2221.800	2222.200	           2744	
 04/18-14:08	2222.000	2222.600	2221.200	2222.400	           1647	
 04/18-14:09	2222.400	2222.800	2221.200	2221.200	           1523	
 04/18-14:10	2221.200	2222.400	2221.200	2222.400	           1134	
 04/18-14:11	2222.400	2223.000	2221.000	2221.000	           2142	
 04/18-14:12	2221.400	2221.800	2220.400	2220.800	           2172	
 04/18-14:13	2220.800	2221.600	2219.600	2219.800	           2675	
 04/18-14:14	2219.800	2221.600	2219.800	2221.000	           1512	
 04/18-14:15	2221.000	2222.400	2220.400	2220.600	           1866	
 04/18-14:16	2220.800	2222.200	2220.600	2221.600	           1224	
 04/18-14:17	2221.600	2222.200	2219.200	2220.000	           2441	
 04/18-14:18	2219.400	2219.600	2217.400	2218.000	           4192	
 04/18-14:19	2218.000	2218.200	2216.400	2217.000	           2756	
 04/18-14:20	2217.200	2218.000	2217.000	2217.600	           1530	
 04/18-14:21	2217.400	2219.200	2217.400	2218.600	           1867	
 04/18-14:22	2218.600	2219.200	2218.400	2218.400	           1267	
 04/18-14:23	2218.400	2221.400	2217.800	2221.200	           2606	
 04/18-14:24	2221.000	2221.000	2219.400	2220.400	           1587	
 04/18-14:25	2220.400	2221.000	2219.600	2220.800	           1434	
 04/18-14:26	2221.000	2221.400	2220.200	2221.000	           1363	
 04/18-14:27	2221.000	2222.400	2220.800	2221.800	           2114	
 04/18-14:28	2221.800	2227.000	2221.800	2227.000	           5674	
 04/18-14:29	2227.400	2228.600	2226.400	2227.600	           5810	
 04/18-14:30	2227.400	2227.600	2226.200	2227.400	           3001	
 04/18-14:31	2227.600	2227.600	2225.800	2226.000	           2423	
 04/18-14:32	2226.000	2227.200	2225.600	2227.000	           2172	
 04/18-14:33	2227.000	2227.000	2225.800	2226.000	           1532	
 04/18-14:34	2226.000	2226.400	2223.200	2224.200	           3510	
 04/18-14:35	2224.400	2225.000	2222.800	2223.400	           2419	
 04/18-14:36	2223.800	2224.600	2223.600	2223.600	           1458	
 04/18-14:37	2223.800	2224.000	2222.000	2222.000	           2265	
 04/18-14:38	2222.200	2224.200	2222.200	2224.000	           1904	
 04/18-14:39	2224.000	2224.400	2223.400	2224.400	           1494	
 04/18-14:40	2224.400	2226.600	2224.200	2225.600	           2749	
 04/18-14:41	2225.400	2226.000	2223.400	2224.600	           1884	
 04/18-14:42	2224.800	2226.200	2224.000	2225.200	           1768	
 04/18-14:43	2225.400	2225.800	2224.600	2225.200	            971	
 04/18-14:44	2225.200	2226.200	2224.400	2224.800	           1608	
 04/18-14:45	2224.400	2226.000	2223.400	2225.600	           2313	
 04/18-14:46	2226.000	2226.000	2224.400	2224.800	           1629	
 04/18-14:47	2224.800	2224.800	2223.400	2223.600	           1761	
 04/18-14:48	2223.800	2224.800	2223.400	2224.800	           1355	
 04/18-14:49	2224.800	2225.800	2224.600	2225.800	           1641	
 04/18-14:50	2225.600	2225.600	2224.600	2225.400	           1021	
 04/18-14:51	2225.400	2225.400	2223.800	2224.000	           1508	
 04/18-14:52	2224.000	2225.200	2223.800	2224.400	           1128	
 04/18-14:53	2224.400	2225.000	2224.000	2224.600	            881	
 04/18-14:54	2224.400	2224.800	2221.800	2222.600	           3695	
 04/18-14:55	2222.600	2223.200	2221.800	2222.400	           1877	
 04/18-14:56	2222.400	2223.200	2222.200	2222.800	           1317	
 04/18-14:57	2222.800	2224.000	2222.400	2223.400	           1471	
 04/18-14:58	2223.200	2224.000	2222.800	2222.800	           1084	
 04/18-14:59	2223.200	2224.000	2223.000	2223.600	            994	
 04/18-15:00	2223.600	2223.800	2222.200	2222.800	           1234	
 04/18-15:01	2222.800	2223.600	2222.600	2223.600	            945	
 04/18-15:02	2223.800	2226.400	2223.600	2225.200	           3487	
 04/18-15:03	2225.200	2225.600	2224.400	2225.200	           1437	
 04/18-15:04	2225.600	2226.600	2225.200	2225.800	           1920	
 04/18-15:05	2225.800	2226.000	2225.000	2225.400	           1352	
 04/18-15:06	2225.000	2226.000	2225.000	2225.400	           1078	
 04/18-15:07	2225.400	2226.000	2225.000	2225.800	            845	
 04/18-15:08	2225.800	2225.800	2224.800	2225.200	           1652	
 04/18-15:09	2225.400	2226.200	2225.200	2226.200	           1222	
 04/18-15:10	2226.400	2227.400	2225.800	2226.200	           2484	
 04/18-15:11	2226.200	2226.600	2225.400	2226.000	           1384	
 04/18-15:12	2226.000	2226.800	2225.800	2226.400	           1344	
 04/18-15:13	2226.600	2227.200	2226.000	2226.800	           1667	
 04/18-15:14	2226.800	2227.000	2225.400	2225.800	           2316	
 04/18-15:15	2225.600	2226.200	2225.000	2225.800	           3618	
 04/21-09:16	2213.000	2213.000	2208.600	2209.800	           8951	
 04/21-09:17	2210.000	2210.000	2201.200	2205.600	           6969	
 04/21-09:18	2205.600	2207.200	2205.400	2205.800	           2068	
 04/21-09:19	2206.000	2207.200	2205.000	2206.000	           1879	
 04/21-09:20	2206.000	2207.400	2205.600	2207.200	           1872	
 04/21-09:21	2207.000	2209.000	2207.000	2207.600	           2042	
 04/21-09:22	2207.600	2207.600	2205.600	2205.600	           1466	
 04/21-09:23	2205.400	2206.800	2205.200	2206.000	           1366	
 04/21-09:24	2206.200	2207.200	2206.000	2206.800	            575	
 04/21-09:25	2207.000	2207.000	2205.000	2205.000	           1670	
 04/21-09:26	2205.000	2206.800	2203.400	2206.800	           2652	
 04/21-09:27	2206.600	2207.000	2205.200	2205.200	           1086	
 04/21-09:28	2205.400	2206.000	2204.000	2205.800	           1484	
 04/21-09:29	2205.800	2206.400	2205.000	2205.800	            890	
 04/21-09:30	2205.400	2210.400	2205.400	2210.400	           2821	
 04/21-09:31	2210.400	2214.600	2210.000	2210.200	           6277	
 04/21-09:32	2210.200	2212.800	2209.000	2212.200	           2600	
 04/21-09:33	2212.400	2212.400	2211.200	2211.600	            664	
 04/21-09:34	2211.400	2216.200	2210.200	2215.400	           6990	
 04/21-09:35	2215.400	2216.000	2214.200	2215.800	           2153	
 04/21-09:36	2216.000	2217.600	2216.000	2217.400	           1216	
 04/21-09:37	2217.400	2218.000	2214.200	2215.200	           4068	
 04/21-09:38	2215.600	2216.600	2213.600	2214.000	           4501	
 04/21-09:39	2214.000	2221.600	2213.800	2220.600	           7119	
 04/21-09:40	2221.600	2222.000	2218.800	2220.400	           4997	
 04/21-09:41	2220.600	2220.800	2218.600	2220.600	           3450	
 04/21-09:42	2220.200	2220.600	2218.800	2220.200	           2453	
 04/21-09:43	2220.400	2223.000	2219.400	2222.000	           3556	
 04/21-09:44	2221.600	2221.600	2218.800	2219.000	           2871	
 04/21-09:45	2218.600	2219.400	2218.200	2218.400	           2405	
 04/21-09:46	2218.200	2218.600	2217.200	2218.200	           2499	
 04/21-09:47	2218.200	2219.400	2217.600	2217.600	           1632	
 04/21-09:48	2217.400	2219.600	2217.200	2219.400	           1779	
 04/21-09:49	2219.600	2221.800	2218.000	2219.000	           4135	
 04/21-09:50	2219.400	2219.400	2216.000	2217.000	           3627	
 04/21-09:51	2217.000	2220.400	2216.800	2219.600	           2776	
 04/21-09:52	2219.600	2219.800	2218.000	2219.200	           2093	
 04/21-09:53	2219.200	2219.400	2217.400	2218.000	           1392	
 04/21-09:54	2218.000	2221.400	2218.000	2221.000	           3289	
 04/21-09:55	2221.000	2222.000	2219.400	2222.000	           2775	
 04/21-09:56	2222.200	2224.000	2221.000	2222.000	           4166	
 04/21-09:57	2221.800	2222.200	2220.600	2221.400	           2361	
 04/21-09:58	2221.400	2221.400	2219.400	2220.000	           2199	
 04/21-09:59	2220.000	2222.000	2219.600	2221.800	           1718	
 04/21-10:00	2221.800	2222.400	2220.600	2221.600	           1640	
 04/21-10:01	2221.800	2221.800	2218.400	2219.200	           2642	
 04/21-10:02	2219.200	2220.200	2217.600	2220.000	           2880	
 04/21-10:03	2219.800	2219.800	2217.600	2217.800	           1796	
 04/21-10:04	2217.800	2218.800	2217.000	2218.400	           1912	
 04/21-10:05	2218.200	2218.800	2217.600	2218.200	           1238	
 04/21-10:06	2218.000	2218.800	2215.400	2218.200	           4199	
 04/21-10:07	2218.400	2220.000	2218.000	2218.600	           2904	
 04/21-10:08	2218.600	2226.600	2218.600	2225.800	           6808	
 04/21-10:09	2225.400	2229.000	2225.000	2229.000	           8789	
 04/21-10:10	2228.400	2228.800	2226.600	2227.000	           4015	
 04/21-10:11	2227.000	2227.600	2226.400	2227.200	           1945	
 04/21-10:12	2227.200	2227.600	2226.000	2227.000	           2648	
 04/21-10:13	2227.200	2227.400	2226.000	2227.000	           1377	
 04/21-10:14	2227.000	2228.000	2226.600	2227.200	           1978	
 04/21-10:15	2227.200	2227.800	2226.000	2227.800	           2047	
 04/21-10:16	2227.400	2227.600	2225.800	2226.200	           2454	
 04/21-10:17	2226.200	2227.000	2224.000	2224.400	           3053	
 04/21-10:18	2224.000	2225.600	2223.000	2224.800	           2864	
 04/21-10:19	2225.000	2226.400	2224.600	2225.200	           1490	
 04/21-10:20	2225.000	2225.800	2224.400	2224.600	           1400	
 04/21-10:21	2224.600	2227.000	2224.600	2226.600	           1807	
 04/21-10:22	2226.600	2227.200	2225.000	2226.400	           2104	
 04/21-10:23	2226.400	2227.000	2225.600	2226.800	           1029	
 04/21-10:24	2226.600	2226.800	2224.000	2224.400	           2265	
 04/21-10:25	2224.400	2225.200	2222.400	2223.800	           3120	
 04/21-10:26	2223.600	2224.400	2222.800	2223.000	           2018	
 04/21-10:27	2223.200	2225.200	2223.000	2224.800	           1532	
 04/21-10:28	2224.800	2226.000	2223.400	2224.800	           1980	
 04/21-10:29	2225.400	2234.000	2224.800	2232.200	          10962	
 04/21-10:30	2231.800	2232.200	2229.200	2229.800	           4430	
 04/21-10:31	2230.200	2233.200	2230.000	2231.600	           4261	
 04/21-10:32	2232.000	2233.400	2231.600	2232.200	           3540	
 04/21-10:33	2231.800	2238.000	2231.800	2237.000	           9349	
 04/21-10:34	2237.000	2237.200	2234.600	2235.200	           3651	
 04/21-10:35	2235.200	2236.600	2234.200	2236.200	           3096	
 04/21-10:36	2236.400	2236.400	2233.200	2233.600	           3032	
 04/21-10:37	2233.800	2235.400	2233.600	2235.200	           2070	
 04/21-10:38	2235.200	2237.600	2235.000	2237.000	           3785	
 04/21-10:39	2237.000	2238.600	2234.600	2236.600	           4660	
 04/21-10:40	2236.800	2237.000	2234.200	2234.600	           2892	
 04/21-10:41	2234.800	2235.200	2232.600	2233.800	           3247	
 04/21-10:42	2233.800	2235.400	2233.000	2234.600	           2181	
 04/21-10:43	2235.000	2235.800	2234.000	2235.200	           1707	
 04/21-10:44	2235.000	2235.000	2232.800	2233.200	           2098	
 04/21-10:45	2233.600	2233.600	2231.800	2232.200	           2880	
 04/21-10:46	2232.200	2232.600	2230.800	2230.800	           3382	
 04/21-10:47	2230.800	2233.200	2230.800	2233.000	           1982	
 04/21-10:48	2233.200	2234.600	2231.200	2231.200	           2422	
 04/21-10:49	2231.200	2231.400	2228.600	2229.800	           5055	
 04/21-10:50	2229.800	2230.400	2228.800	2229.000	           2231	
 04/21-10:51	2229.200	2231.200	2227.600	2227.600	           3180	
 04/21-10:52	2227.600	2229.200	2227.600	2228.200	           3000	
 04/21-10:53	2228.400	2231.000	2228.200	2230.200	           2177	
 04/21-10:54	2230.600	2231.000	2229.800	2230.000	           1991	
 04/21-10:55	2230.000	2230.600	2228.800	2229.000	           1839	
 04/21-10:56	2228.800	2230.400	2228.000	2229.000	           1872	
 04/21-10:57	2229.000	2230.200	2227.800	2228.400	           2121	
 04/21-10:58	2228.600	2228.800	2226.000	2226.800	           3783	
 04/21-10:59	2226.800	2227.000	2225.400	2225.800	           2777	
 04/21-11:00	2225.600	2226.600	2224.600	2225.200	           3276	
 04/21-11:01	2225.600	2227.000	2225.000	2226.200	           2743	
 04/21-11:02	2226.000	2226.800	2225.600	2226.400	           1499	
 04/21-11:03	2226.400	2226.600	2225.200	2225.400	           1086	
 04/21-11:04	2225.400	2226.400	2225.000	2225.600	           1089	
 04/21-11:05	2225.600	2227.600	2225.200	2227.000	           2061	
 04/21-11:06	2227.200	2232.000	2227.000	2230.200	           6577	
 04/21-11:07	2230.000	2231.400	2229.600	2229.600	           2407	
 04/21-11:08	2229.600	2230.200	2229.000	2229.600	           1866	
 04/21-11:09	2229.600	2229.800	2228.600	2229.200	           1459	
 04/21-11:10	2229.400	2230.400	2228.200	2230.200	           1725	
 04/21-11:11	2230.200	2230.200	2227.600	2230.000	           1899	
 04/21-11:12	2230.200	2231.000	2229.000	2229.000	           2215	
 04/21-11:13	2229.200	2230.400	2228.600	2228.800	           1074	
 04/21-11:14	2229.000	2229.800	2228.400	2229.600	           1265	
 04/21-11:15	2229.600	2231.000	2229.200	2230.600	           2042	
 04/21-11:16	2230.800	2230.800	2226.200	2228.200	           3070	
 04/21-11:17	2228.000	2229.400	2225.800	2226.000	           3115	
 04/21-11:18	2226.000	2226.800	2224.200	2225.600	           3282	
 04/21-11:19	2225.400	2225.600	2220.200	2221.000	           8778	
 04/21-11:20	2221.000	2221.200	2218.800	2220.000	           5252	
 04/21-11:21	2220.200	2220.400	2219.000	2219.800	           2256	
 04/21-11:22	2219.800	2220.200	2219.000	2219.400	           2071	
 04/21-11:23	2219.400	2220.200	2219.000	2219.800	           1744	
 04/21-11:24	2219.800	2220.800	2219.000	2219.400	           1978	
 04/21-11:25	2219.400	2220.200	2218.800	2219.600	           1819	
 04/21-11:26	2219.800	2219.800	2218.200	2219.600	           1667	
 04/21-11:27	2219.600	2221.400	2219.200	2220.400	           2517	
 04/21-11:28	2220.400	2221.200	2219.600	2220.400	           1337	
 04/21-11:29	2220.000	2221.000	2219.600	2220.800	           1296	
 04/21-11:30	2220.400	2220.800	2218.400	2218.400	           2240	
 04/21-13:01	2218.800	2219.800	2217.000	2219.600	           3440	
 04/21-13:02	2219.600	2222.600	2219.600	2222.200	           2942	
 04/21-13:03	2222.000	2222.600	2221.400	2221.600	           1706	
 04/21-13:04	2221.600	2222.000	2220.600	2220.600	           1153	
 04/21-13:05	2220.400	2221.400	2219.800	2219.800	           1249	
 04/21-13:06	2219.800	2220.600	2219.200	2220.200	           1243	
 04/21-13:07	2220.400	2220.400	2218.000	2219.200	           1753	
 04/21-13:08	2219.200	2219.800	2218.400	2219.600	           1247	
 04/21-13:09	2219.800	2220.400	2219.600	2219.800	           1239	
 04/21-13:10	2219.800	2220.000	2218.400	2219.000	           1272	
 04/21-13:11	2219.200	2220.400	2218.600	2219.800	            940	
 04/21-13:12	2219.800	2220.600	2219.200	2220.000	           1281	
 04/21-13:13	2220.000	2221.600	2219.600	2220.000	           1676	
 04/21-13:14	2220.000	2221.200	2220.000	2220.400	           1072	
 04/21-13:15	2220.600	2220.600	2219.000	2219.400	           1865	
 04/21-13:16	2219.200	2219.600	2218.400	2219.200	           1528	
 04/21-13:17	2219.000	2221.000	2219.000	2220.600	           1493	
 04/21-13:18	2220.800	2221.400	2220.400	2220.800	           1785	
 04/21-13:19	2220.800	2221.000	2219.800	2220.400	           1194	
 04/21-13:20	2220.400	2220.800	2219.000	2220.800	           1282	
 04/21-13:21	2220.600	2220.600	2219.200	2220.200	            971	
 04/21-13:22	2220.000	2221.800	2220.000	2221.800	           1197	
 04/21-13:23	2222.000	2222.000	2219.800	2220.200	           1560	
 04/21-13:24	2220.200	2221.200	2219.800	2220.200	           1236	
 04/21-13:25	2220.400	2220.800	2219.400	2219.800	           1360	
 04/21-13:26	2219.800	2220.600	2219.000	2220.000	           1801	
 04/21-13:27	2219.800	2220.000	2216.800	2217.400	           4101	
 04/21-13:28	2217.400	2219.400	2216.400	2219.400	           3716	
 04/21-13:29	2219.200	2222.600	2218.800	2221.200	           5098	
 04/21-13:30	2221.200	2221.400	2220.000	2220.000	           2189	
 04/21-13:31	2220.200	2220.200	2219.000	2219.200	           1722	
 04/21-13:32	2219.400	2219.800	2217.000	2218.400	           2590	
 04/21-13:33	2218.400	2219.000	2216.200	2216.200	           2169	
 04/21-13:34	2216.200	2218.000	2216.200	2217.000	           2351	
 04/21-13:35	2217.000	2217.200	2215.600	2216.600	           2370	
 04/21-13:36	2216.400	2217.600	2216.000	2217.600	           1571	
 04/21-13:37	2217.800	2218.200	2216.800	2217.600	           1486	
 04/21-13:38	2217.600	2218.600	2217.400	2217.600	           1482	
 04/21-13:39	2217.400	2219.600	2217.200	2218.800	           2536	
 04/21-13:40	2218.600	2219.000	2217.800	2217.800	           1234	
 04/21-13:41	2218.000	2218.200	2216.800	2217.800	           1478	
 04/21-13:42	2217.400	2219.400	2217.000	2219.200	           1865	
 04/21-13:43	2219.600	2220.000	2218.800	2219.800	           2185	
 04/21-13:44	2219.600	2220.200	2219.200	2220.200	           1285	
 04/21-13:45	2220.400	2220.800	2219.400	2220.200	           1734	
 04/21-13:46	2220.000	2220.000	2218.000	2218.400	           1819	
 04/21-13:47	2218.200	2219.200	2218.200	2218.800	            635	
 04/21-13:48	2218.600	2218.800	2217.200	2217.800	           1736	
 04/21-13:49	2218.000	2218.400	2216.800	2217.800	           1818	
 04/21-13:50	2217.800	2218.000	2217.000	2217.600	            827	
 04/21-13:51	2217.200	2218.400	2216.800	2217.000	           1518	
 04/21-13:52	2217.000	2217.400	2216.000	2217.000	           1926	
 04/21-13:53	2217.200	2217.200	2216.000	2216.400	           1355	
 04/21-13:54	2216.400	2217.200	2216.200	2216.200	           1325	
 04/21-13:55	2216.200	2217.600	2214.800	2215.600	           3665	
 04/21-13:56	2215.600	2217.200	2215.400	2216.400	           1985	
 04/21-13:57	2216.600	2217.800	2216.200	2217.400	           1991	
 04/21-13:58	2217.200	2219.200	2217.000	2218.800	           3040	
 04/21-13:59	2218.600	2218.600	2218.000	2218.000	           1028	
 04/21-14:00	2218.200	2218.600	2217.400	2217.600	           1396	
 04/21-14:01	2217.400	2218.000	2216.200	2217.000	           1794	
 04/21-14:02	2217.200	2217.800	2217.000	2217.000	            793	
 04/21-14:03	2217.000	2217.400	2215.800	2216.200	           1759	
 04/21-14:04	2216.600	2216.600	2211.200	2211.800	           7573	
 04/21-14:05	2212.000	2213.400	2211.800	2212.400	           3620	
 04/21-14:06	2212.400	2213.400	2212.400	2212.800	           2470	
 04/21-14:07	2212.800	2213.000	2210.800	2210.800	           2459	
 04/21-14:08	2211.000	2212.400	2211.000	2212.200	           2146	
 04/21-14:09	2212.400	2212.600	2211.800	2212.000	           1065	
 04/21-14:10	2212.000	2212.800	2211.200	2211.200	           1763	
 04/21-14:11	2211.000	2212.200	2210.800	2211.600	           1894	
 04/21-14:12	2211.600	2211.600	2209.400	2210.400	           3956	
 04/21-14:13	2210.800	2211.000	2209.600	2210.200	           2472	
 04/21-14:14	2210.000	2211.800	2209.800	2211.600	           1919	
 04/21-14:15	2211.200	2212.800	2211.000	2212.200	           2941	
 04/21-14:16	2212.000	2212.600	2211.800	2212.600	           1486	
 04/21-14:17	2212.400	2212.800	2211.800	2212.400	           1665	
 04/21-14:18	2212.400	2213.400	2212.200	2213.400	           1915	
 04/21-14:19	2213.400	2213.800	2211.600	2212.000	           2623	
 04/21-14:20	2212.000	2212.600	2210.800	2211.200	           1615	
 04/21-14:21	2211.200	2211.600	2207.800	2208.800	           5352	
 04/21-14:22	2209.000	2210.200	2208.800	2210.000	           1761	
 04/21-14:23	2209.800	2210.200	2206.600	2207.200	           3921	
 04/21-14:24	2207.000	2207.600	2206.400	2206.800	           3475	
 04/21-14:25	2206.800	2207.000	2205.400	2205.800	           4141	
 04/21-14:26	2205.800	2206.600	2205.200	2205.600	           2728	
 04/21-14:27	2205.600	2205.800	2203.400	2204.200	           6250	
 04/21-14:28	2204.000	2206.000	2204.000	2206.000	           3402	
 04/21-14:29	2206.000	2206.000	2204.800	2205.000	           1902	
 04/21-14:30	2205.000	2205.000	2202.200	2202.200	           5526	
 04/21-14:31	2202.000	2202.000	2196.400	2197.800	          11000	
 04/21-14:32	2197.600	2198.800	2195.600	2196.200	           5696	
 04/21-14:33	2196.600	2198.800	2195.600	2198.800	           3707	
 04/21-14:34	2198.800	2199.000	2197.600	2198.600	           2972	
 04/21-14:35	2198.600	2199.400	2197.400	2197.400	           2568	
 04/21-14:36	2197.400	2198.800	2196.400	2198.200	           2634	
 04/21-14:37	2198.200	2199.000	2197.600	2198.600	           1538	
 04/21-14:38	2198.600	2198.600	2196.800	2197.600	           1839	
 04/21-14:39	2197.600	2198.200	2196.600	2197.600	           1823	
 04/21-14:40	2197.600	2197.600	2194.800	2196.800	           5220	
 04/21-14:41	2197.000	2197.200	2195.800	2196.200	           2038	
 04/21-14:42	2196.200	2196.600	2194.200	2194.800	           3208	
 04/21-14:43	2194.600	2197.000	2194.400	2196.600	           3048	
 04/21-14:44	2196.600	2197.400	2193.200	2193.400	           3770	
 04/21-14:45	2193.400	2193.400	2184.000	2185.000	          12198	
 04/21-14:46	2185.000	2188.600	2185.000	2188.600	           4624	
 04/21-14:47	2188.400	2188.800	2187.200	2188.000	           2253	
 04/21-14:48	2188.000	2188.600	2187.600	2188.000	           1570	
 04/21-14:49	2188.200	2188.400	2186.000	2188.200	           2723	
 04/21-14:50	2188.000	2189.200	2187.800	2188.800	           2591	
 04/21-14:51	2189.000	2189.600	2188.600	2188.800	           2523	
 04/21-14:52	2189.000	2189.600	2188.400	2189.400	           1959	
 04/21-14:53	2189.400	2190.200	2189.000	2189.800	           2757	
 04/21-14:54	2189.800	2189.800	2186.400	2187.400	           3566	
 04/21-14:55	2187.400	2187.800	2186.200	2186.800	           2460	
 04/21-14:56	2186.800	2187.400	2185.600	2186.400	           2372	
 04/21-14:57	2186.400	2186.400	2182.200	2182.400	           6062	
 04/21-14:58	2182.800	2184.800	2182.800	2184.200	           2633	
 04/21-14:59	2184.400	2184.800	2181.000	2181.600	           3479	
 04/21-15:00	2181.600	2182.200	2178.800	2180.400	           4826	
 04/21-15:01	2180.400	2181.600	2180.200	2181.200	           2588	
 04/21-15:02	2181.200	2181.200	2175.000	2177.800	           5066	
 04/21-15:03	2177.400	2179.400	2177.000	2179.400	           2632	
 04/21-15:04	2179.400	2179.400	2178.200	2178.200	           1833	
 04/21-15:05	2178.200	2179.800	2178.200	2179.200	           1755	
 04/21-15:06	2179.000	2179.200	2176.800	2178.000	           1826	
 04/21-15:07	2178.000	2179.000	2178.000	2178.600	           1262	
 04/21-15:08	2178.800	2178.800	2177.000	2178.000	           1631	
 04/21-15:09	2178.000	2178.400	2175.800	2176.800	           2475	
 04/21-15:10	2177.000	2179.600	2176.800	2179.200	           2276	
 04/21-15:11	2179.400	2179.400	2178.000	2178.800	           1680	
 04/21-15:12	2179.200	2179.200	2178.200	2179.000	           1447	
 04/21-15:13	2178.400	2180.000	2178.400	2180.000	           1969	
 04/21-15:14	2180.000	2181.000	2178.800	2180.600	           3891	
 04/21-15:15	2180.800	2180.800	2179.400	2179.800	           4169	