 04/02-09:16	2160.600	2163.800	2159.400	2160.400	           7101	   2156.181	   2157.187	      1.000	      1.000	      0.000	
 04/02-09:17	2160.600	2160.600	2158.800	2159.400	           2328	   2156.313	   2157.230	      0.000	      0.000	      0.000	
 04/02-09:18	2159.600	2160.000	2158.600	2159.200	           1480	   2156.467	   2157.290	      0.000	      0.000	      0.000	
 04/02-09:19	2159.200	2160.000	2159.000	2159.000	           1043	   2156.600	   2157.326	      0.000	      0.000	      0.000	
 04/02-09:20	2159.000	2160.800	2158.400	2160.600	           1637	   2156.754	   2157.397	      0.000	      0.000	      0.000	
 04/02-09:21	2160.200	2160.200	2158.200	2159.200	           1481	   2156.873	   2157.440	      0.000	      0.000	      0.000	
 04/02-09:22	2159.400	2160.000	2158.800	2159.600	            675	   2157.015	   2157.477	      0.000	      0.000	      0.000	
 04/02-09:23	2159.800	2160.600	2159.400	2159.800	            993	   2157.154	   2157.467	      0.000	      0.000	      0.000	
 04/02-09:24	2159.800	2160.200	2159.400	2159.600	            631	   2157.260	   2157.433	      0.000	      0.000	      0.000	
 04/02-09:25	2159.600	2161.000	2159.600	2161.000	           1283	   2157.427	   2157.440	      0.000	      0.000	      0.000	
 04/02-09:26	2161.000	2162.800	2160.200	2161.600	           2260	   2157.648	   2157.477	      0.000	      0.000	      0.000	
 04/02-09:27	2161.800	2162.600	2161.600	2162.400	           1595	   2157.867	   2157.520	      0.000	      0.000	      0.000	
 04/02-09:28	2162.000	2162.400	2160.600	2161.200	           1644	   2158.046	   2157.553	      0.000	      0.000	      0.000	
 04/02-09:29	2161.400	2161.400	2159.000	2160.800	           1975	   2158.206	   2157.583	      0.000	      0.000	      0.000	
 04/02-09:30	2160.800	2162.800	2160.800	2161.400	           1903	   2158.387	   2157.607	      0.000	      0.000	      0.000	
 04/02-09:31	2161.000	2161.400	2158.000	2159.400	           3363	   2158.527	   2157.580	      0.000	      0.000	      0.000	
 04/02-09:32	2159.000	2159.400	2158.000	2158.600	           2889	   2158.627	   2157.550	      0.000	      0.000	      0.000	
 04/02-09:33	2158.800	2162.800	2158.400	2161.600	           3576	   2158.813	   2157.580	      0.000	      0.000	      0.000	
 04/02-09:34	2161.400	2164.800	2161.400	2163.400	           5013	   2159.021	   2157.621	      1.000	      1.000	      0.000	
 04/02-09:35	2163.600	2164.000	2162.600	2163.200	           2302	   2159.233	   2157.660	      0.000	      0.000	      0.000	
 04/02-09:36	2163.200	2163.600	2160.200	2160.200	           3757	   2159.340	   2157.636	      0.000	      0.000	      0.000	
 04/02-09:37	2160.200	2163.200	2159.400	2162.800	           3999	   2159.554	   2157.667	      0.000	      0.000	      0.000	
 04/02-09:38	2162.400	2163.200	2161.200	2162.800	           2290	   2159.788	   2157.721	      1.000	      1.000	      0.000	
 04/02-09:39	2163.000	2163.600	2161.600	2161.600	           2243	   2159.960	   2157.790	      0.000	      0.000	      0.000	
 04/02-09:40	2162.000	2162.600	2159.000	2160.000	           3281	   2160.094	   2157.864	      0.000	      0.000	      0.000	
 04/02-09:41	2160.000	2161.200	2159.600	2160.000	           2298	   2160.227	   2157.923	      0.000	      0.000	      0.000	
 04/02-09:42	2160.200	2160.200	2159.200	2159.600	           1842	   2160.333	   2157.994	      0.000	      0.000	      0.000	
 04/02-09:43	2159.600	2161.000	2159.400	2160.200	           1375	   2160.473	   2158.080	      0.000	      0.000	      0.000	
 04/02-09:44	2160.600	2162.600	2160.000	2161.200	           2301	   2160.606	   2158.190	      0.000	      0.000	      0.000	
 04/02-09:45	2161.400	2163.200	2161.200	2163.000	           3264	   2160.760	   2158.364	      1.000	      1.000	      0.000	
 04/02-09:46	2163.200	2163.800	2162.000	2162.400	           2793	   2160.827	   2158.504	      0.000	      0.000	      0.000	
 04/02-09:47	2162.800	2164.400	2162.200	2163.800	           2606	   2160.973	   2158.643	      0.000	      0.000	      0.000	
 04/02-09:48	2164.000	2164.000	2162.200	2163.600	           2219	   2161.121	   2158.794	      0.000	      0.000	      0.000	
 04/02-09:49	2163.600	2163.600	2162.400	2163.400	           1805	   2161.267	   2158.933	      0.000	      0.000	      0.000	
 04/02-09:50	2163.600	2165.600	2163.400	2165.600	           4442	   2161.433	   2159.094	      0.000	      0.000	      0.000	
 04/02-09:51	2165.800	2166.800	2164.800	2165.800	           4257	   2161.654	   2159.263	      0.000	      0.000	      0.000	
 04/02-09:52	2166.200	2166.200	2163.000	2163.800	           4248	   2161.794	   2159.404	      0.000	      0.000	      0.000	
 04/02-09:53	2164.000	2165.600	2163.600	2165.600	           2295	   2161.985	   2159.570	      0.000	      0.000	      0.000	
 04/02-09:54	2165.600	2165.600	2163.000	2163.200	           3217	   2162.106	   2159.683	      0.000	      0.000	      0.000	
 04/02-09:55	2163.400	2164.600	2162.400	2163.000	           2748	   2162.173	   2159.800	      0.000	      0.000	      0.000	
 04/02-09:56	2163.200	2163.400	2161.200	2161.200	           3209	   2162.160	   2159.904	      0.000	      0.000	      0.000	
 04/02-09:57	2161.200	2163.400	2161.200	2163.200	           2275	   2162.188	   2160.027	      0.000	      0.000	      0.000	
 04/02-09:58	2163.000	2163.200	2161.600	2162.200	           1273	   2162.221	   2160.133	      0.000	      0.000	      0.000	
 04/02-09:59	2162.000	2162.800	2161.600	2162.000	           1377	   2162.260	   2160.233	      0.000	      0.000	      0.000	
 04/02-10:00	2162.000	2162.000	2161.000	2161.000	           2240	   2162.246	   2160.317	      0.000	      0.000	      0.000	
 04/02-10:01	2161.000	2161.800	2160.400	2161.200	           2455	   2162.306	   2160.417	      0.000	      0.000	      0.000	
 04/02-10:02	2161.200	2162.200	2161.000	2161.400	           1516	   2162.400	   2160.513	      0.000	      0.000	      0.000	
 04/02-10:03	2161.600	2162.400	2161.400	2161.400	           1069	   2162.394	   2160.603	      0.000	      0.000	      0.000	
 04/02-10:04	2161.400	2162.800	2161.400	2162.000	           1685	   2162.346	   2160.683	      0.000	      0.000	      0.000	
 04/02-10:05	2161.800	2162.600	2161.400	2162.400	           1221	   2162.319	   2160.776	      0.000	      0.000	      0.000	
 04/02-10:06	2162.400	2163.600	2162.200	2162.400	           1780	   2162.394	   2160.867	      0.000	      0.000	      0.000	
 04/02-10:07	2162.200	2162.200	2161.200	2161.400	           1511	   2162.346	   2160.950	      0.000	      0.000	      0.000	
 04/02-10:08	2161.400	2162.000	2160.200	2160.200	           2476	   2162.258	   2161.023	      0.000	      0.000	      0.000	
 04/02-10:09	2160.400	2161.600	2160.200	2161.600	           1967	   2162.260	   2161.110	      0.000	      0.000	      0.000	
 04/02-10:10	2161.600	2162.000	2160.600	2160.600	           1817	   2162.281	   2161.188	      0.000	      0.000	      0.000	
 04/02-10:11	2160.600	2161.200	2159.400	2160.000	           2620	   2162.281	   2161.254	     -1.000	      0.000	      1.000	
 04/02-10:12	2159.800	2160.000	2158.000	2159.200	           3371	   2162.267	   2161.300	      0.000	      0.000	      0.000	
 04/02-10:13	2159.400	2160.000	2158.600	2159.000	           1865	   2162.227	   2161.350	      0.000	      0.000	      0.000	
 04/02-10:14	2158.800	2160.400	2158.800	2160.000	           1575	   2162.188	   2161.397	      0.000	      0.000	      0.000	
 04/02-10:15	2160.000	2160.200	2158.600	2158.800	           1470	   2162.048	   2161.404	      0.000	      0.000	      0.000	
 04/02-10:16	2158.400	2159.600	2157.800	2159.600	           3174	   2161.952	   2161.390	      0.000	      0.000	      0.000	
 04/02-10:17	2159.400	2160.000	2159.000	2159.800	           1716	   2161.821	   2161.397	      0.000	      0.000	      0.000	
 04/02-10:18	2160.000	2160.800	2159.400	2160.400	           1870	   2161.712	   2161.417	      0.000	      0.000	      0.000	
 04/02-10:19	2160.400	2160.600	2159.600	2160.200	           1238	   2161.608	   2161.438	      0.000	      0.000	      0.000	
 04/02-10:20	2160.000	2160.600	2159.400	2160.000	           1733	   2161.421	   2161.427	      0.000	      0.000	      0.000	
 04/02-10:21	2159.800	2161.200	2159.800	2160.800	           1539	   2161.252	   2161.453	      0.000	      0.000	      0.000	
 04/02-10:22	2160.800	2161.400	2160.600	2161.200	           1310	   2161.167	   2161.480	      0.000	      0.000	      0.000	
 04/02-10:23	2161.400	2162.600	2161.000	2161.600	           2616	   2161.033	   2161.509	      0.000	      0.000	      0.000	
 04/02-10:24	2161.800	2162.000	2161.000	2161.400	           1309	   2160.975	   2161.541	      0.000	      0.000	      0.000	
 04/02-10:25	2161.400	2162.400	2161.000	2162.200	           1602	   2160.948	   2161.560	      0.000	      0.000	      0.000	
 04/02-10:26	2162.200	2163.000	2161.600	2162.200	           2422	   2160.979	   2161.570	      1.000	      1.000	      0.000	
 04/02-10:27	2162.400	2162.600	2161.800	2162.600	            958	   2160.960	   2161.574	      0.000	      0.000	      0.000	
 04/02-10:28	2162.400	2162.600	2161.400	2161.600	           1216	   2160.940	   2161.580	      0.000	      0.000	      0.000	
 04/02-10:29	2161.400	2162.000	2160.600	2160.600	           1627	   2160.894	   2161.577	      0.000	      0.000	      0.000	
 04/02-10:30	2160.600	2160.600	2159.200	2159.400	           3279	   2160.840	   2161.543	     -1.000	      0.000	      1.000	
 04/02-10:31	2159.600	2159.800	2159.000	2159.800	           1685	   2160.794	   2161.550	      0.000	      0.000	      0.000	
 04/02-10:32	2159.600	2160.400	2159.200	2159.800	           1619	   2160.740	   2161.570	      0.000	      0.000	      0.000	
 04/02-10:33	2159.400	2160.800	2159.400	2160.600	           1370	   2160.712	   2161.553	      0.000	      0.000	      0.000	
 04/02-10:34	2160.600	2162.000	2160.400	2162.000	           2158	   2160.712	   2161.529	      0.000	      0.000	      0.000	
 04/02-10:35	2161.800	2162.600	2161.400	2162.400	           1803	   2160.715	   2161.517	      0.000	      0.000	      0.000	
 04/02-10:36	2162.200	2162.800	2161.400	2161.800	           1718	   2160.694	   2161.544	      0.000	      0.000	      0.000	
 04/02-10:37	2161.800	2165.400	2161.800	2164.800	           4203	   2160.806	   2161.576	      1.000	      1.000	      0.000	
 04/02-10:38	2164.600	2165.200	2163.200	2164.400	           3115	   2160.948	   2161.603	      0.000	      0.000	      0.000	
 04/02-10:39	2164.200	2165.800	2163.800	2164.600	           3353	   2161.046	   2161.653	      0.000	      0.000	      0.000	
 04/02-10:40	2164.600	2165.800	2163.800	2164.200	           2767	   2161.167	   2161.724	      0.000	      0.000	      0.000	
 04/02-10:41	2164.600	2164.800	2163.800	2164.600	           1592	   2161.319	   2161.800	      0.000	      0.000	      0.000	
 04/02-10:42	2164.400	2166.000	2164.200	2165.400	           2684	   2161.527	   2161.897	      0.000	      0.000	      0.000	
 04/02-10:43	2166.000	2168.400	2165.800	2166.200	           6302	   2161.767	   2161.997	      0.000	      0.000	      0.000	
 04/02-10:44	2166.200	2166.600	2164.800	2166.000	           2470	   2161.967	   2162.077	      0.000	      0.000	      0.000	
 04/02-10:45	2166.000	2166.200	2165.000	2166.200	           2065	   2162.212	   2162.130	      0.000	      0.000	      0.000	
 04/02-10:46	2166.200	2168.200	2166.000	2166.800	           3889	   2162.454	   2162.203	      0.000	      0.000	      0.000	
 04/02-10:47	2166.800	2168.800	2166.200	2168.600	           3457	   2162.746	   2162.283	      0.000	      0.000	      0.000	
 04/02-10:48	2168.200	2168.400	2165.800	2165.800	           3163	   2162.927	   2162.320	      0.000	      0.000	      0.000	
 04/02-10:49	2165.600	2166.400	2164.400	2165.200	           4447	   2163.092	   2162.350	      0.000	      0.000	      0.000	
 04/02-10:50	2165.600	2166.800	2165.200	2166.200	           1720	   2163.300	   2162.360	      0.000	      0.000	      0.000	
 04/02-10:51	2165.800	2169.200	2165.800	2167.600	           4981	   2163.527	   2162.390	      0.000	      0.000	      0.000	
 04/02-10:52	2167.800	2169.800	2167.600	2168.400	           5261	   2163.767	   2162.467	      0.000	      0.000	      0.000	
 04/02-10:53	2168.400	2169.600	2167.800	2169.000	           2859	   2164.015	   2162.524	      0.000	      0.000	      0.000	
 04/02-10:54	2169.000	2169.200	2167.800	2168.400	           2486	   2164.246	   2162.610	      0.000	      0.000	      0.000	
 04/02-10:55	2168.400	2171.800	2168.400	2171.800	           6301	   2164.567	   2162.757	      0.000	      0.000	      0.000	
 04/02-10:56	2172.000	2173.200	2171.200	2172.400	           5587	   2164.906	   2162.943	      0.000	      0.000	      0.000	
 04/02-10:57	2172.400	2175.000	2172.200	2174.200	           6572	   2165.292	   2163.126	      0.000	      0.000	      0.000	
 04/02-10:58	2174.400	2177.400	2172.800	2176.400	           8631	   2165.788	   2163.364	      0.000	      0.000	      0.000	
 04/02-10:59	2176.600	2177.800	2174.400	2174.400	           5090	   2166.246	   2163.570	      0.000	      0.000	      0.000	
 04/02-11:00	2174.600	2175.600	2173.800	2175.000	           4002	   2166.767	   2163.803	      0.000	      0.000	      0.000	
 04/02-11:01	2175.400	2175.800	2172.600	2174.200	           4561	   2167.246	   2164.020	      0.000	      0.000	      0.000	
 04/02-11:02	2174.000	2174.400	2172.600	2172.800	           2665	   2167.679	   2164.209	      0.000	      0.000	      0.000	
 04/02-11:03	2172.800	2174.200	2172.600	2173.800	           2360	   2168.121	   2164.417	      0.000	      0.000	      0.000	
 04/02-11:04	2173.800	2175.000	2173.000	2174.000	           2419	   2168.521	   2164.617	      0.000	      0.000	      0.000	
 04/02-11:05	2174.000	2174.000	2170.200	2171.200	           7233	   2168.813	   2164.763	      0.000	      0.000	      0.000	
 04/02-11:06	2171.400	2172.000	2170.600	2171.600	           2874	   2169.140	   2164.917	      0.000	      0.000	      0.000	
 04/02-11:07	2171.400	2171.800	2170.200	2170.800	           2141	   2169.342	   2165.074	      0.000	      0.000	      0.000	
 04/02-11:08	2170.800	2170.800	2168.400	2169.800	           4808	   2169.519	   2165.233	      0.000	      0.000	      0.000	
 04/02-11:09	2169.600	2173.200	2169.600	2173.200	           3513	   2169.808	   2165.427	      0.000	      0.000	      0.000	
 04/02-11:10	2173.000	2174.000	2172.400	2173.200	           4105	   2170.106	   2165.636	      1.000	      1.000	      0.000	
 04/02-11:11	2173.200	2174.200	2172.200	2173.400	           2435	   2170.400	   2165.859	      0.000	      0.000	      0.000	
 04/02-11:12	2173.600	2173.600	2170.400	2171.600	           3141	   2170.606	   2166.067	      0.000	      0.000	      0.000	
 04/02-11:13	2171.400	2172.600	2170.800	2171.200	           1555	   2170.773	   2166.270	      1.000	      1.000	      0.000	
 04/02-11:14	2171.400	2172.200	2170.200	2170.600	           1856	   2170.927	   2166.447	      0.000	      0.000	      0.000	
 04/02-11:15	2170.800	2171.400	2167.400	2168.200	           5937	   2170.994	   2166.603	      0.000	      0.000	      0.000	
 04/02-11:16	2168.200	2169.200	2168.000	2168.200	           3474	   2171.040	   2166.747	      0.000	      0.000	      0.000	
 04/02-11:17	2168.000	2168.200	2166.000	2166.400	           6185	   2170.967	   2166.856	      0.000	      0.000	      0.000	
 04/02-11:18	2166.400	2167.200	2166.200	2166.400	           2914	   2170.988	   2166.957	      0.000	      0.000	      0.000	
 04/02-11:19	2166.400	2167.200	2165.200	2166.600	           3193	   2171.033	   2167.063	      0.000	      0.000	      0.000	
 04/02-11:20	2166.200	2167.600	2166.000	2166.000	           3221	   2171.025	   2167.163	      0.000	      0.000	      0.000	
 04/02-11:21	2166.200	2168.600	2166.000	2167.600	           2749	   2171.027	   2167.277	      0.000	      0.000	      0.000	
 04/02-11:22	2167.200	2169.000	2167.200	2168.400	           2191	   2171.025	   2167.396	      0.000	      0.000	      0.000	
 04/02-11:23	2168.600	2168.800	2167.800	2168.800	           1338	   2171.019	   2167.517	      0.000	      0.000	      0.000	
 04/02-11:24	2168.800	2170.200	2168.800	2169.000	           2847	   2171.040	   2167.643	      0.000	      0.000	      0.000	
 04/02-11:25	2168.800	2169.600	2167.600	2167.800	           2034	   2170.906	   2167.737	      0.000	      0.000	      0.000	
 04/02-11:26	2168.000	2168.400	2167.000	2168.000	           2054	   2170.760	   2167.833	      0.000	      0.000	      0.000	
 04/02-11:27	2168.000	2169.000	2167.200	2168.200	           1391	   2170.560	   2167.926	      0.000	      0.000	      0.000	
 04/02-11:28	2168.000	2169.000	2167.400	2168.400	           1159	   2170.294	   2168.041	      0.000	      0.000	      0.000	
 04/02-11:29	2168.400	2169.000	2167.600	2167.800	           1382	   2170.073	   2168.159	      0.000	      0.000	      0.000	
 04/02-11:30	2167.600	2167.800	2166.400	2167.600	           2740	   2169.827	   2168.297	     -1.000	      0.000	      1.000	
 04/02-13:01	2167.800	2168.800	2166.400	2167.800	           2460	   2169.615	   2168.430	      0.000	      0.000	      0.000	
 04/02-13:02	2167.800	2167.800	2166.600	2167.600	           1124	   2169.440	   2168.559	     -1.000	      0.000	      1.000	
 04/02-13:03	2167.400	2168.000	2167.000	2167.200	            959	   2169.221	   2168.671	      0.000	      0.000	      0.000	
 04/02-13:04	2167.000	2167.400	2165.800	2166.000	           1523	   2168.954	   2168.738	      0.000	      0.000	      0.000	
 04/02-13:05	2166.200	2167.400	2166.200	2166.600	            939	   2168.800	   2168.806	      0.000	      0.000	      0.000	
 04/02-13:06	2166.400	2167.400	2165.800	2166.200	           1628	   2168.619	   2168.879	      0.000	      0.000	      0.000	
 04/02-13:07	2166.000	2166.600	2163.000	2163.600	           5701	   2168.379	   2168.860	      0.000	      0.000	      0.000	
 04/02-13:08	2163.400	2163.800	2162.400	2162.600	           3827	   2168.142	   2168.830	      0.000	      0.000	      0.000	
 04/02-13:09	2162.600	2163.400	2162.400	2162.800	           2961	   2167.792	   2168.800	      0.000	      0.000	      0.000	
 04/02-13:10	2162.800	2163.400	2162.200	2162.600	           1664	   2167.440	   2168.773	      0.000	      0.000	      0.000	
 04/02-13:11	2162.800	2163.600	2162.400	2163.400	           2024	   2167.106	   2168.753	      0.000	      0.000	      0.000	
 04/02-13:12	2163.600	2163.800	2162.600	2162.800	           2236	   2166.813	   2168.709	      0.000	      0.000	      0.000	
 04/02-13:13	2162.800	2164.400	2162.800	2164.000	           1870	   2166.573	   2168.673	      0.000	      0.000	      0.000	
 04/02-13:14	2163.800	2164.400	2163.400	2163.400	           1150	   2166.333	   2168.630	      0.000	      0.000	      0.000	
 04/02-13:15	2163.400	2164.000	2163.200	2163.400	           1278	   2166.173	   2168.583	      0.000	      0.000	      0.000	
 04/02-13:16	2163.600	2164.200	2162.800	2162.800	           1599	   2165.994	   2168.517	      0.000	      0.000	      0.000	
 04/02-13:17	2162.800	2164.600	2162.800	2164.400	           1647	   2165.927	   2168.447	      0.000	      0.000	      0.000	
 04/02-13:18	2164.400	2164.400	2163.400	2163.400	           1118	   2165.827	   2168.407	      0.000	      0.000	      0.000	
 04/02-13:19	2163.200	2164.200	2162.600	2163.000	           1541	   2165.708	   2168.371	      0.000	      0.000	      0.000	
 04/02-13:20	2163.000	2163.600	2162.800	2163.600	            896	   2165.627	   2168.326	      0.000	      0.000	      0.000	
 04/02-13:21	2163.200	2164.200	2163.000	2163.400	           1376	   2165.488	   2168.257	      0.000	      0.000	      0.000	
 04/02-13:22	2163.400	2163.600	2162.600	2163.200	           1244	   2165.315	   2168.170	      0.000	      0.000	      0.000	
 04/02-13:23	2163.400	2163.600	2163.000	2163.200	            783	   2165.127	   2168.073	      0.000	      0.000	      0.000	
 04/02-13:24	2163.600	2164.400	2162.800	2164.200	           1670	   2164.967	   2168.003	      0.000	      0.000	      0.000	
 04/02-13:25	2164.200	2164.600	2163.600	2164.000	           1529	   2164.840	   2167.873	      0.000	      0.000	      0.000	
 04/02-13:26	2164.000	2165.800	2164.000	2165.000	           3117	   2164.740	   2167.750	      0.000	      0.000	      0.000	
 04/02-13:27	2165.000	2165.400	2164.200	2165.400	           1610	   2164.648	   2167.604	      0.000	      0.000	      0.000	
 04/02-13:28	2165.200	2166.800	2165.200	2166.000	           3167	   2164.567	   2167.430	      0.000	      0.000	      0.000	
 04/02-13:29	2166.200	2166.400	2165.000	2165.000	           2091	   2164.475	   2167.274	      0.000	      0.000	      0.000	
 04/02-13:30	2165.000	2165.200	2164.200	2164.800	           1497	   2164.379	   2167.103	      0.000	      0.000	      0.000	
 04/02-13:31	2164.800	2165.000	2163.600	2163.600	           2019	   2164.240	   2166.927	      0.000	      0.000	      0.000	
 04/02-13:32	2163.800	2164.400	2162.600	2163.200	           2323	   2164.094	   2166.767	      0.000	      0.000	      0.000	
 04/02-13:33	2163.200	2163.800	2162.600	2163.000	           1293	   2163.952	   2166.586	     -1.000	      0.000	      1.000	
 04/02-13:34	2163.000	2163.600	2161.800	2162.800	           3295	   2163.846	   2166.400	      0.000	      0.000	      0.000	
 04/02-13:35	2162.800	2162.800	2161.200	2161.600	           2340	   2163.681	   2166.241	      0.000	      0.000	      0.000	
 04/02-13:36	2161.600	2163.000	2161.200	2162.200	           1969	   2163.548	   2166.083	      0.000	      0.000	      0.000	
 04/02-13:37	2162.400	2163.000	2162.200	2163.000	           1276	   2163.527	   2165.953	      0.000	      0.000	      0.000	
 04/02-13:38	2163.200	2163.400	2162.200	2163.000	           1356	   2163.540	   2165.841	      0.000	      0.000	      0.000	
 04/02-13:39	2163.200	2164.600	2162.600	2164.200	           2143	   2163.587	   2165.690	      0.000	      0.000	      0.000	
 04/02-13:40	2164.000	2166.200	2164.000	2166.200	           4102	   2163.706	   2165.573	      0.000	      0.000	      0.000	
 04/02-13:41	2166.200	2166.200	2164.800	2164.800	           1944	   2163.754	   2165.430	      0.000	      0.000	      0.000	
 04/02-13:42	2165.000	2165.600	2164.800	2165.000	           1197	   2163.827	   2165.320	      0.000	      0.000	      0.000	
 04/02-13:43	2165.200	2169.000	2165.000	2168.600	           6435	   2163.981	   2165.277	      0.000	      0.000	      0.000	
 04/02-13:44	2168.600	2170.600	2168.400	2170.600	           5334	   2164.219	   2165.276	      1.000	      1.000	      0.000	
 04/02-13:45	2170.600	2171.200	2169.400	2170.000	           4041	   2164.440	   2165.306	      0.000	      0.000	      0.000	
 04/02-13:46	2170.200	2170.400	2169.400	2169.800	           2797	   2164.673	   2165.333	      0.000	      0.000	      0.000	
 04/02-13:47	2170.000	2171.200	2169.400	2171.200	           2738	   2164.900	   2165.414	      0.000	      0.000	      0.000	
 04/02-13:48	2171.400	2171.400	2168.800	2169.800	           4147	   2165.113	   2165.470	      0.000	      0.000	      0.000	
 04/02-13:49	2169.800	2173.400	2169.600	2172.600	           6540	   2165.433	   2165.571	      0.000	      0.000	      0.000	
 04/02-13:50	2172.800	2173.400	2172.000	2172.200	           3899	   2165.721	   2165.674	      0.000	      0.000	      0.000	
 04/02-13:51	2172.200	2173.200	2170.000	2170.200	           4883	   2165.946	   2165.717	      0.000	      0.000	      0.000	
 04/02-13:52	2170.600	2172.200	2170.400	2172.200	           2548	   2166.248	   2165.781	      0.000	      0.000	      0.000	
 04/02-13:53	2172.400	2172.400	2170.200	2170.800	           2580	   2166.500	   2165.813	      0.000	      0.000	      0.000	
 04/02-13:54	2171.000	2171.400	2169.200	2169.600	           3271	   2166.681	   2165.824	      0.000	      0.000	      0.000	
 04/02-13:55	2169.400	2170.600	2169.000	2169.800	           2599	   2166.873	   2165.856	      0.000	      0.000	      0.000	
 04/02-13:56	2169.800	2170.200	2169.200	2170.200	           1456	   2167.048	   2165.894	      0.000	      0.000	      0.000	
 04/02-13:57	2170.000	2171.000	2169.600	2170.200	           1762	   2167.204	   2165.926	      0.000	      0.000	      0.000	
 04/02-13:58	2170.200	2170.800	2169.200	2169.200	           1231	   2167.313	   2165.940	      0.000	      0.000	      0.000	
 04/02-13:59	2169.200	2170.400	2168.400	2170.200	           2803	   2167.488	   2165.981	      0.000	      0.000	      0.000	
 04/02-14:00	2170.200	2172.600	2170.200	2171.800	           3477	   2167.721	   2166.050	      0.000	      0.000	      0.000	
 04/02-14:01	2172.000	2172.400	2169.400	2169.400	           3134	   2167.913	   2166.076	      0.000	      0.000	      0.000	
 04/02-14:02	2169.200	2170.800	2169.200	2170.200	           1498	   2168.148	   2166.121	      0.000	      0.000	      0.000	
 04/02-14:03	2170.200	2170.200	2167.400	2168.200	           4307	   2168.319	   2166.135	      0.000	      0.000	      0.000	
 04/02-14:04	2168.200	2168.200	2165.600	2166.400	           4599	   2168.442	   2166.144	      0.000	      0.000	      0.000	
 04/02-14:05	2166.600	2167.000	2164.800	2164.800	           3805	   2168.546	   2166.114	      0.000	      0.000	      0.000	
 04/02-14:06	2164.800	2166.600	2164.800	2165.800	           3045	   2168.665	   2166.106	      0.000	      0.000	      0.000	
 04/02-14:07	2166.000	2167.800	2165.800	2167.600	           2558	   2168.819	   2166.173	      0.000	      0.000	      0.000	
 04/02-14:08	2167.800	2167.800	2166.800	2167.400	           1585	   2168.965	   2166.252	      0.000	      0.000	      0.000	
 04/02-14:09	2167.400	2169.400	2167.200	2168.600	           3076	   2169.113	   2166.350	      0.000	      0.000	      0.000	
 04/02-14:10	2168.600	2169.000	2167.400	2167.400	           1775	   2169.152	   2166.429	      0.000	      0.000	      0.000	
 04/02-14:11	2167.400	2168.400	2167.200	2167.400	           1508	   2169.242	   2166.498	      0.000	      0.000	      0.000	
 04/02-14:12	2167.600	2168.400	2166.600	2168.000	           2147	   2169.342	   2166.584	      0.000	      0.000	      0.000	
 04/02-14:13	2167.800	2168.000	2167.200	2167.600	            927	   2169.304	   2166.643	      0.000	      0.000	      0.000	
 04/02-14:14	2167.600	2167.600	2167.000	2167.400	           1061	   2169.202	   2166.710	      0.000	      0.000	      0.000	
 04/02-14:15	2167.600	2168.000	2166.200	2166.400	           2267	   2169.081	   2166.760	      0.000	      0.000	      0.000	
 04/02-14:16	2166.600	2168.000	2166.600	2167.400	           1324	   2169.000	   2166.836	      0.000	      0.000	      0.000	
 04/02-14:17	2167.400	2167.800	2166.800	2167.400	           1350	   2168.873	   2166.886	      0.000	      0.000	      0.000	
 04/02-14:18	2167.400	2170.000	2167.400	2169.200	           3203	   2168.854	   2166.983	      0.000	      0.000	      0.000	
 04/02-14:19	2169.200	2169.200	2167.600	2168.000	           1744	   2168.700	   2167.067	      0.000	      0.000	      0.000	
 04/02-14:20	2168.000	2168.000	2164.000	2164.800	           6555	   2168.452	   2167.086	      0.000	      0.000	      0.000	
 04/02-14:21	2164.400	2165.000	2163.600	2164.800	           2823	   2168.275	   2167.110	     -1.000	      0.000	      1.000	
 04/02-14:22	2164.800	2165.200	2164.600	2164.600	           1673	   2168.017	   2167.132	      0.000	      0.000	      0.000	
 04/02-14:23	2164.600	2164.800	2163.400	2164.400	           2728	   2167.808	   2167.154	      0.000	      0.000	      0.000	
 04/02-14:24	2164.600	2168.400	2164.400	2167.600	           4757	   2167.738	   2167.209	      0.000	      0.000	      0.000	
 04/02-14:25	2167.600	2167.800	2166.200	2166.600	           2807	   2167.633	   2167.253	      0.000	      0.000	      0.000	
 04/02-14:26	2166.400	2166.400	2165.200	2165.600	           1989	   2167.479	   2167.263	     -1.000	      0.000	      1.000	
 04/02-14:27	2165.600	2165.600	2164.400	2165.000	           1680	   2167.308	   2167.256	      0.000	      0.000	      0.000	
 04/02-14:28	2165.000	2167.000	2165.000	2166.000	           1784	   2167.200	   2167.256	      0.000	      0.000	      0.000	
 04/02-14:29	2165.600	2166.600	2165.200	2166.200	           1409	   2167.067	   2167.277	      0.000	      0.000	      0.000	
 04/02-14:30	2166.000	2168.000	2165.800	2167.200	           2774	   2166.913	   2167.317	      0.000	      0.000	      0.000	
 04/02-14:31	2167.200	2167.200	2165.000	2165.200	           2162	   2166.775	   2167.344	      0.000	      0.000	      0.000	
 04/02-14:32	2165.400	2167.000	2165.200	2166.000	           1596	   2166.633	   2167.391	      0.000	      0.000	      0.000	
 04/02-14:33	2165.800	2167.000	2165.400	2166.600	           1869	   2166.583	   2167.451	      0.000	      0.000	      0.000	
 04/02-14:34	2166.600	2168.400	2166.200	2167.600	           2771	   2166.617	   2167.529	      0.000	      0.000	      0.000	
 04/02-14:35	2167.000	2168.200	2166.800	2168.200	           1550	   2166.733	   2167.640	      0.000	      0.000	      0.000	
 04/02-14:36	2168.200	2168.800	2167.400	2168.600	           2946	   2166.829	   2167.747	      0.000	      0.000	      0.000	
 04/02-14:37	2168.600	2169.000	2167.800	2168.200	           2174	   2166.846	   2167.832	      0.000	      0.000	      0.000	
 04/02-14:38	2168.200	2168.800	2167.600	2168.200	           1570	   2166.875	   2167.920	      0.000	      0.000	      0.000	
 04/02-14:39	2168.400	2168.600	2167.600	2168.400	           1298	   2166.867	   2167.990	      0.000	      0.000	      0.000	
 04/02-14:40	2168.600	2168.600	2167.000	2167.200	           1886	   2166.863	   2168.007	      0.000	      0.000	      0.000	
 04/02-14:41	2167.400	2167.600	2166.000	2167.200	           2491	   2166.850	   2168.046	      0.000	      0.000	      0.000	
 04/02-14:42	2167.000	2167.400	2166.600	2167.000	           1012	   2166.817	   2168.079	      0.000	      0.000	      0.000	
 04/02-14:43	2167.000	2168.200	2166.600	2167.800	           1403	   2166.829	   2168.067	      0.000	      0.000	      0.000	
 04/02-14:44	2167.600	2168.000	2166.800	2168.000	           1086	   2166.846	   2168.024	      0.000	      0.000	      0.000	
 04/02-14:45	2168.000	2168.800	2167.600	2168.600	           2262	   2166.921	   2168.001	      0.000	      0.000	      0.000	
 04/02-14:46	2168.600	2169.400	2167.600	2168.000	           2464	   2166.942	   2167.971	      0.000	      0.000	      0.000	
 04/02-14:47	2167.800	2168.200	2167.000	2168.000	           2017	   2166.962	   2167.918	      0.000	      0.000	      0.000	
 04/02-14:48	2168.000	2168.600	2167.600	2168.400	            830	   2166.933	   2167.894	      0.000	      0.000	      0.000	
 04/02-14:49	2168.400	2168.600	2167.600	2167.800	           1002	   2166.925	   2167.813	      0.000	      0.000	      0.000	
 04/02-14:50	2167.800	2168.200	2167.200	2167.400	            972	   2167.012	   2167.732	      0.000	      0.000	      0.000	
 04/02-14:51	2167.400	2168.400	2167.200	2167.800	           1247	   2167.113	   2167.694	      0.000	      0.000	      0.000	
 04/02-14:52	2167.800	2168.000	2167.200	2167.400	            835	   2167.208	   2167.613	      0.000	      0.000	      0.000	
 04/02-14:53	2167.400	2167.400	2166.200	2166.800	           2276	   2167.283	   2167.546	      0.000	      0.000	      0.000	
 04/02-14:54	2166.800	2167.000	2166.000	2166.400	           2038	   2167.250	   2167.494	     -1.000	      0.000	      1.000	
 04/02-14:55	2166.400	2167.400	2166.400	2167.400	           1345	   2167.275	   2167.454	      0.000	      0.000	      0.000	
 04/02-14:56	2167.400	2167.800	2167.200	2167.600	           1035	   2167.342	   2167.410	      0.000	      0.000	      0.000	
 04/02-14:57	2167.400	2168.400	2167.400	2168.000	           1959	   2167.442	   2167.375	      0.000	      0.000	      0.000	
 04/02-14:58	2168.200	2168.800	2168.000	2168.600	           1237	   2167.525	   2167.363	      1.000	      1.000	      0.000	
 04/02-14:59	2168.400	2168.600	2167.800	2168.400	           1093	   2167.600	   2167.333	      0.000	      0.000	      0.000	
 04/02-15:00	2168.200	2168.800	2168.000	2168.600	           1565	   2167.646	   2167.279	      0.000	      0.000	      0.000	
 04/02-15:01	2168.400	2170.800	2168.400	2170.800	           3721	   2167.833	   2167.304	      0.000	      0.000	      0.000	
 04/02-15:02	2170.400	2170.800	2169.600	2170.400	           2229	   2167.979	   2167.306	      0.000	      0.000	      0.000	
 04/02-15:03	2170.400	2170.600	2169.600	2170.200	           1366	   2168.100	   2167.342	      0.000	      0.000	      0.000	
 04/02-15:04	2170.000	2170.200	2169.200	2169.400	           1229	   2168.163	   2167.390	      0.000	      0.000	      0.000	
 04/02-15:05	2169.800	2171.000	2169.600	2170.400	           1790	   2168.233	   2167.483	      0.000	      0.000	      0.000	
 04/02-15:06	2170.200	2171.200	2170.000	2170.800	           1171	   2168.304	   2167.567	      0.000	      0.000	      0.000	
 04/02-15:07	2170.800	2173.000	2170.600	2172.800	           3393	   2168.462	   2167.654	      0.000	      0.000	      0.000	
 04/02-15:08	2173.000	2173.000	2171.600	2172.200	           1676	   2168.592	   2167.733	      0.000	      0.000	      0.000	
 04/02-15:09	2172.200	2173.600	2172.000	2173.200	           2499	   2168.754	   2167.810	      0.000	      0.000	      0.000	
 04/02-15:10	2173.200	2173.400	2172.600	2172.800	           1663	   2168.938	   2167.900	      0.000	      0.000	      0.000	
 04/02-15:11	2173.000	2174.800	2172.800	2174.800	           3023	   2169.196	   2168.023	      0.000	      0.000	      0.000	
 04/02-15:12	2174.800	2176.200	2174.600	2174.600	           4091	   2169.450	   2168.133	      0.000	      0.000	      0.000	
 04/02-15:13	2174.800	2175.200	2174.000	2174.400	           2213	   2169.667	   2168.248	      0.000	      0.000	      0.000	
 04/02-15:14	2174.600	2175.800	2174.200	2174.800	           2373	   2169.892	   2168.369	      0.000	      0.000	      0.000	
 04/02-15:15	2174.800	2175.200	2173.800	2175.000	           3998	   2170.104	   2168.512	      0.000	      0.000	      0.000	
 04/03-09:16	2180.200	2188.200	2180.200	2184.000	          11954	   2170.637	   2168.790	      0.000	      0.000	      0.000	
 04/03-09:17	2184.200	2185.000	2183.400	2183.800	           2932	   2171.167	   2169.065	      0.000	      0.000	      0.000	
 04/03-09:18	2183.600	2183.800	2182.400	2183.600	           2670	   2171.671	   2169.302	      0.000	      0.000	      0.000	
 04/03-09:19	2183.200	2184.600	2183.000	2184.000	           1503	   2172.212	   2169.569	      0.000	      0.000	      0.000	
 04/03-09:20	2183.800	2184.600	2183.400	2184.400	           1555	   2172.783	   2169.898	      0.000	      0.000	      0.000	
 04/03-09:21	2184.400	2185.200	2183.400	2184.400	           2012	   2173.333	   2170.223	      0.000	      0.000	      0.000	
 04/03-09:22	2185.000	2187.600	2184.000	2187.200	           4045	   2173.992	   2170.600	      0.000	      0.000	      0.000	
 04/03-09:23	2187.000	2187.600	2183.800	2183.800	           2907	   2174.563	   2170.923	      0.000	      0.000	      0.000	
 04/03-09:24	2184.400	2186.600	2184.000	2186.200	           2025	   2175.217	   2171.233	      0.000	      0.000	      0.000	
 04/03-09:25	2186.000	2189.000	2186.000	2187.800	           4720	   2175.900	   2171.587	      0.000	      0.000	      0.000	
 04/03-09:26	2187.800	2187.800	2186.000	2186.200	           1868	   2176.517	   2171.929	      0.000	      0.000	      0.000	
 04/03-09:27	2186.400	2188.600	2185.600	2188.600	           2278	   2177.204	   2172.323	      0.000	      0.000	      0.000	
 04/03-09:28	2188.600	2189.800	2187.400	2187.400	           3348	   2177.833	   2172.679	      0.000	      0.000	      0.000	
 04/03-09:29	2187.800	2189.000	2186.800	2189.000	           1738	   2178.517	   2173.058	      0.000	      0.000	      0.000	
 04/03-09:30	2189.200	2189.200	2187.600	2188.600	           1889	   2179.188	   2173.417	      0.000	      0.000	      0.000	
 04/03-09:31	2188.600	2188.800	2186.600	2186.600	           2271	   2179.712	   2173.773	      0.000	      0.000	      0.000	
 04/03-09:32	2186.600	2186.600	2185.200	2186.000	           2908	   2180.233	   2174.106	      0.000	      0.000	      0.000	
 04/03-09:33	2185.800	2192.000	2185.800	2190.600	           7070	   2180.913	   2174.506	      0.000	      0.000	      0.000	
 04/03-09:34	2190.400	2191.000	2185.600	2187.200	           4578	   2181.504	   2174.833	      0.000	      0.000	      0.000	
 04/03-09:35	2186.800	2188.800	2186.200	2187.200	           2444	   2182.067	   2175.150	      0.000	      0.000	      0.000	
 04/03-09:36	2187.200	2187.400	2184.600	2185.600	           4042	   2182.563	   2175.433	      0.000	      0.000	      0.000	
 04/03-09:37	2185.600	2185.800	2183.600	2185.800	           3355	   2182.992	   2175.727	      0.000	      0.000	      0.000	
 04/03-09:38	2185.600	2187.600	2184.600	2186.600	           2756	   2183.475	   2176.033	      0.000	      0.000	      0.000	
 04/03-09:39	2186.800	2186.800	2185.000	2185.600	           1791	   2183.887	   2176.321	      0.000	      0.000	      0.000	
 04/03-09:40	2185.400	2187.200	2185.400	2185.600	           2415	   2184.317	   2176.627	      0.000	      0.000	      0.000	
 04/03-09:41	2185.600	2186.600	2184.200	2184.200	           2411	   2184.625	   2176.910	      0.000	      0.000	      0.000	
 04/03-09:42	2184.000	2188.600	2184.000	2188.200	           4734	   2185.079	   2177.265	      0.000	      0.000	      0.000	
 04/03-09:43	2187.800	2188.400	2186.600	2187.200	           2418	   2185.504	   2177.585	      1.000	      1.000	      0.000	
 04/03-09:44	2187.200	2188.400	2186.800	2188.000	           1923	   2185.946	   2177.919	      0.000	      0.000	      0.000	
 04/03-09:45	2188.000	2189.600	2188.000	2189.600	           3269	   2186.433	   2178.269	      0.000	      0.000	      0.000	
 04/03-09:46	2189.800	2194.600	2189.800	2193.200	          10137	   2186.742	   2178.690	      0.000	      0.000	      0.000	
 04/03-09:47	2192.800	2193.200	2190.400	2191.600	           3712	   2187.000	   2179.083	      0.000	      0.000	      0.000	
 04/03-09:48	2191.400	2193.800	2191.000	2193.800	           3079	   2187.342	   2179.506	      0.000	      0.000	      0.000	
 04/03-09:49	2193.800	2194.800	2192.600	2193.800	           4878	   2187.667	   2179.940	      0.000	      0.000	      0.000	
 04/03-09:50	2193.800	2194.600	2191.400	2192.400	           3863	   2187.933	   2180.358	      0.000	      0.000	      0.000	
 04/03-09:51	2192.600	2192.600	2190.200	2191.400	           2531	   2188.167	   2180.750	      0.000	      0.000	      0.000	
 04/03-09:52	2191.600	2192.800	2189.200	2191.800	           3517	   2188.321	   2181.156	      0.000	      0.000	      0.000	
 04/03-09:53	2191.800	2192.600	2190.200	2190.600	           2489	   2188.546	   2181.554	      0.000	      0.000	      0.000	
 04/03-09:54	2190.600	2193.000	2190.400	2192.400	           2023	   2188.754	   2181.985	      0.000	      0.000	      0.000	
 04/03-09:55	2192.200	2192.800	2190.000	2191.200	           3336	   2188.867	   2182.383	      0.000	      0.000	      0.000	
 04/03-09:56	2191.200	2193.400	2190.800	2192.800	           2661	   2189.087	   2182.802	      0.000	      0.000	      0.000	
 04/03-09:57	2192.600	2194.200	2190.800	2190.800	           2787	   2189.163	   2183.183	      0.000	      0.000	      0.000	
 04/03-09:58	2190.800	2191.600	2188.000	2190.800	           5055	   2189.275	   2183.554	      0.000	      0.000	      0.000	
 04/03-09:59	2190.600	2190.600	2188.400	2189.000	           2689	   2189.275	   2183.896	      0.000	      0.000	      0.000	
 04/03-10:00	2188.800	2190.000	2186.400	2187.200	           3999	   2189.229	   2184.208	      0.000	      0.000	      0.000	
 04/03-10:01	2187.000	2188.600	2186.600	2187.600	           3227	   2189.258	   2184.485	      0.000	      0.000	      0.000	
 04/03-10:02	2187.800	2188.000	2184.200	2184.800	           5291	   2189.221	   2184.727	      0.000	      0.000	      0.000	
 04/03-10:03	2185.000	2187.400	2185.000	2187.200	           2555	   2189.104	   2185.008	      0.000	      0.000	      0.000	
 04/03-10:04	2187.200	2189.400	2186.800	2187.200	           3055	   2189.108	   2185.306	      0.000	      0.000	      0.000	
 04/03-10:05	2187.000	2187.600	2186.000	2186.200	           1860	   2189.075	   2185.571	      0.000	      0.000	      0.000	
 04/03-10:06	2186.200	2188.000	2186.000	2187.800	           1961	   2189.146	   2185.854	      0.000	      0.000	      0.000	
 04/03-10:07	2188.000	2188.000	2185.400	2185.800	           2085	   2189.146	   2186.069	      0.000	      0.000	      0.000	
 04/03-10:08	2185.800	2186.800	2185.000	2185.400	           2113	   2189.108	   2186.292	      0.000	      0.000	      0.000	
 04/03-10:09	2185.200	2185.800	2178.400	2180.800	          12286	   2188.946	   2186.417	     -1.000	      0.000	      1.000	
 04/03-10:10	2181.000	2181.800	2180.200	2181.200	           4315	   2188.800	   2186.558	      0.000	      0.000	      0.000	
 04/03-10:11	2181.200	2182.800	2181.000	2181.800	           3341	   2188.721	   2186.673	      0.000	      0.000	      0.000	
 04/03-10:12	2181.800	2182.800	2181.200	2182.600	           2675	   2188.533	   2186.806	      0.000	      0.000	      0.000	
 04/03-10:13	2182.600	2184.000	2182.400	2183.800	           2821	   2188.421	   2186.962	      0.000	      0.000	      0.000	
 04/03-10:14	2183.600	2184.000	2182.600	2183.200	           1673	   2188.262	   2187.104	      0.000	      0.000	      0.000	
 04/03-10:15	2183.400	2184.400	2182.800	2183.400	           2090	   2188.054	   2187.244	      0.000	      0.000	      0.000	
 04/03-10:16	2183.600	2185.400	2183.400	2183.800	           2896	   2187.738	   2187.240	      0.000	      0.000	      0.000	
 04/03-10:17	2184.000	2185.200	2183.600	2184.800	           1616	   2187.512	   2187.256	      0.000	      0.000	      0.000	
 04/03-10:18	2185.000	2186.000	2183.600	2184.000	           2426	   2187.188	   2187.265	      0.000	      0.000	      0.000	
 04/03-10:19	2184.400	2184.400	2182.600	2183.600	           2233	   2186.850	   2187.258	      0.000	      0.000	      0.000	
 04/03-10:20	2183.600	2184.000	2182.600	2183.000	           1470	   2186.533	   2187.233	      0.000	      0.000	      0.000	
 04/03-10:21	2183.000	2185.400	2182.800	2185.400	           2013	   2186.333	   2187.250	      0.000	      0.000	      0.000	
 04/03-10:22	2185.400	2186.400	2185.000	2185.000	           2721	   2186.108	   2187.215	      0.000	      0.000	      0.000	
 04/03-10:23	2185.000	2186.200	2184.800	2186.200	           1768	   2185.958	   2187.252	      0.000	      0.000	      0.000	
 04/03-10:24	2186.000	2186.800	2185.800	2186.200	           1769	   2185.754	   2187.254	      0.000	      0.000	      0.000	
 04/03-10:25	2186.200	2186.200	2184.600	2185.000	           1775	   2185.546	   2187.206	      0.000	      0.000	      0.000	
 04/03-10:26	2185.200	2186.200	2185.200	2186.000	           1232	   2185.321	   2187.204	      0.000	      0.000	      0.000	
 04/03-10:27	2186.000	2186.000	2184.200	2185.000	           1493	   2185.125	   2187.144	      0.000	      0.000	      0.000	
 04/03-10:28	2184.800	2186.000	2184.600	2185.600	           1342	   2184.954	   2187.115	      0.000	      0.000	      0.000	
 04/03-10:29	2185.600	2185.800	2183.400	2183.800	           1733	   2184.779	   2187.027	      0.000	      0.000	      0.000	
 04/03-10:30	2183.800	2184.400	2182.600	2183.000	           2450	   2184.637	   2186.933	     -1.000	      0.000	      1.000	
 04/03-10:31	2182.800	2184.400	2182.600	2183.200	           1776	   2184.496	   2186.877	      0.000	      0.000	      0.000	
 04/03-10:32	2183.800	2184.200	2181.600	2183.400	           2633	   2184.446	   2186.833	      0.000	      0.000	      0.000	
 04/03-10:33	2183.400	2183.400	2181.200	2181.400	           1982	   2184.254	   2186.679	      0.000	      0.000	      0.000	
 04/03-10:34	2181.600	2182.400	2181.200	2182.200	           1845	   2184.087	   2186.598	      0.000	      0.000	      0.000	
 04/03-10:35	2182.000	2184.600	2181.800	2184.200	           2531	   2184.017	   2186.546	      0.000	      0.000	      0.000	
 04/03-10:36	2184.000	2184.200	2182.000	2182.200	           2101	   2183.833	   2186.490	      0.000	      0.000	      0.000	
 04/03-10:37	2182.000	2184.200	2182.000	2184.200	           1587	   2183.783	   2186.465	      0.000	      0.000	      0.000	
 04/03-10:38	2184.200	2186.400	2184.000	2185.800	           3374	   2183.792	   2186.450	      0.000	      0.000	      0.000	
 04/03-10:39	2185.800	2186.000	2185.200	2185.400	           1356	   2183.946	   2186.446	      0.000	      0.000	      0.000	
 04/03-10:40	2185.800	2186.000	2184.800	2185.200	           1569	   2184.079	   2186.440	      0.000	      0.000	      0.000	
 04/03-10:41	2185.400	2185.800	2184.800	2185.400	           1340	   2184.200	   2186.460	      0.000	      0.000	      0.000	
 04/03-10:42	2185.400	2185.400	2184.000	2185.000	           1484	   2184.279	   2186.406	      0.000	      0.000	      0.000	
 04/03-10:43	2185.400	2186.000	2184.400	2185.400	           1974	   2184.333	   2186.377	      0.000	      0.000	      0.000	
 04/03-10:44	2185.600	2185.800	2184.800	2185.200	           1502	   2184.400	   2186.331	      0.000	      0.000	      0.000	
 04/03-10:45	2185.200	2185.400	2183.600	2184.000	           1562	   2184.421	   2186.238	      0.000	      0.000	      0.000	
 04/03-10:46	2184.200	2187.600	2184.200	2186.800	           3979	   2184.521	   2186.129	      0.000	      0.000	      0.000	
 04/03-10:47	2186.800	2188.200	2186.600	2187.600	           3573	   2184.613	   2186.063	      1.000	      1.000	      0.000	
 04/03-10:48	2187.400	2187.800	2186.600	2187.000	           1799	   2184.712	   2185.950	      0.000	      0.000	      0.000	
 04/03-10:49	2187.000	2187.600	2185.200	2185.200	           2251	   2184.767	   2185.808	      0.000	      0.000	      0.000	
 04/03-10:50	2185.800	2187.200	2185.600	2186.800	           1359	   2184.892	   2185.712	      0.000	      0.000	      0.000	
 04/03-10:51	2186.800	2186.800	2185.400	2186.200	           1582	   2184.921	   2185.627	      0.000	      0.000	      0.000	
 04/03-10:52	2186.400	2188.800	2186.200	2188.000	           2635	   2185.021	   2185.565	      1.000	      1.000	      0.000	
 04/03-10:53	2188.000	2189.000	2187.600	2189.000	           2448	   2185.117	   2185.538	      0.000	      0.000	      0.000	
 04/03-10:54	2188.800	2189.200	2188.200	2188.600	           2171	   2185.192	   2185.473	      0.000	      0.000	      0.000	
 04/03-10:55	2188.800	2189.000	2187.200	2187.400	           2462	   2185.275	   2185.410	      0.000	      0.000	      0.000	
 04/03-10:56	2187.600	2188.200	2187.200	2187.800	           1467	   2185.333	   2185.327	      0.000	      0.000	      0.000	
 04/03-10:57	2187.800	2187.800	2186.000	2186.600	           2251	   2185.387	   2185.256	      0.000	      0.000	      0.000	
 04/03-10:58	2186.400	2186.800	2185.000	2185.600	           2702	   2185.387	   2185.171	      0.000	      0.000	      0.000	
 04/03-10:59	2185.600	2186.400	2184.200	2184.800	           2311	   2185.421	   2185.100	      0.000	      0.000	      0.000	
 04/03-11:00	2184.800	2186.000	2184.600	2185.600	           1427	   2185.508	   2185.073	      0.000	      0.000	      0.000	
 04/03-11:01	2185.600	2186.200	2184.800	2185.600	           1038	   2185.587	   2185.042	      0.000	      0.000	      0.000	
 04/03-11:02	2185.600	2186.800	2185.600	2186.000	           1566	   2185.675	   2185.060	      0.000	      0.000	      0.000	
 04/03-11:03	2185.800	2188.000	2185.800	2187.400	           2680	   2185.875	   2185.065	      0.000	      0.000	      0.000	
 04/03-11:04	2187.200	2188.800	2186.600	2186.600	           2525	   2186.021	   2185.054	      1.000	      1.000	      0.000	
 04/03-11:05	2186.200	2187.000	2185.200	2186.600	           2503	   2186.100	   2185.058	      0.000	      0.000	      0.000	
 04/03-11:06	2186.600	2188.000	2186.600	2187.800	           1351	   2186.288	   2185.060	      1.000	      1.000	      0.000	
 04/03-11:07	2188.000	2188.800	2187.000	2188.600	           2064	   2186.433	   2185.108	      0.000	      0.000	      0.000	
 04/03-11:08	2188.400	2189.000	2186.400	2186.400	           2123	   2186.454	   2185.123	      0.000	      0.000	      0.000	
 04/03-11:09	2186.800	2187.600	2185.000	2185.600	           2395	   2186.462	   2185.204	      0.000	      0.000	      0.000	
 04/03-11:10	2185.400	2185.600	2183.000	2184.200	           4672	   2186.425	   2185.252	      0.000	      0.000	      0.000	
 04/03-11:11	2184.200	2184.200	2182.800	2183.600	           3256	   2186.367	   2185.283	     -1.000	      0.000	      1.000	
 04/03-11:12	2183.200	2184.000	2182.400	2183.800	           2219	   2186.325	   2185.302	      0.000	      0.000	      0.000	
 04/03-11:13	2183.800	2184.000	2182.800	2183.000	           1649	   2186.246	   2185.290	      0.000	      0.000	      0.000	
 04/03-11:14	2183.400	2185.200	2182.600	2185.200	           2615	   2186.246	   2185.323	      0.000	      0.000	      0.000	
 04/03-11:15	2185.200	2185.600	2182.400	2182.600	           2762	   2186.200	   2185.310	      0.000	      0.000	      0.000	
 04/03-11:16	2182.600	2184.000	2182.600	2183.400	           1400	   2186.087	   2185.304	     -1.000	      0.000	      1.000	
 04/03-11:17	2183.400	2184.800	2183.400	2184.600	           1434	   2185.988	   2185.300	      0.000	      0.000	      0.000	
 04/03-11:18	2184.600	2184.600	2183.200	2183.600	           1298	   2185.875	   2185.294	      0.000	      0.000	      0.000	
 04/03-11:19	2183.200	2184.000	2182.400	2183.000	           2057	   2185.800	   2185.283	      0.000	      0.000	      0.000	
 04/03-11:20	2183.000	2184.200	2183.000	2183.600	           1011	   2185.692	   2185.292	      0.000	      0.000	      0.000	
 04/03-11:21	2183.600	2184.600	2183.200	2184.000	           1568	   2185.617	   2185.269	      0.000	      0.000	      0.000	
 04/03-11:22	2184.000	2186.200	2184.000	2185.000	           3025	   2185.517	   2185.269	      0.000	      0.000	      0.000	
 04/03-11:23	2185.000	2187.600	2184.600	2186.800	           3108	   2185.446	   2185.281	      0.000	      0.000	      0.000	
 04/03-11:24	2187.000	2187.600	2185.600	2186.200	           2169	   2185.367	   2185.279	      1.000	      1.000	      0.000	
 04/03-11:25	2186.400	2186.400	2184.800	2185.600	           1770	   2185.304	   2185.290	      0.000	      0.000	      0.000	
 04/03-11:26	2185.600	2185.800	2184.000	2185.200	           1444	   2185.221	   2185.277	      0.000	      0.000	      0.000	
 04/03-11:27	2185.200	2185.600	2184.600	2185.400	            662	   2185.179	   2185.283	      0.000	      0.000	      0.000	
 04/03-11:28	2185.200	2185.400	2184.400	2184.800	            846	   2185.150	   2185.269	      0.000	      0.000	      0.000	
 04/03-11:29	2184.600	2185.400	2184.000	2185.200	           1195	   2185.167	   2185.294	      0.000	      0.000	      0.000	
 04/03-11:30	2185.400	2185.400	2184.200	2185.200	           1688	   2185.154	   2185.331	      0.000	      0.000	      0.000	
 04/03-13:01	2185.000	2187.000	2184.600	2186.600	           2347	   2185.183	   2185.385	      0.000	      0.000	      0.000	
 04/03-13:02	2186.600	2187.000	2185.800	2186.000	           1342	   2185.183	   2185.429	      1.000	      1.000	      0.000	
 04/03-13:03	2185.800	2186.200	2184.200	2184.800	           1312	   2185.100	   2185.488	      0.000	      0.000	      0.000	
 04/03-13:04	2184.600	2185.000	2183.600	2183.800	           1410	   2185.004	   2185.512	     -1.000	      0.000	      1.000	
 04/03-13:05	2183.800	2184.200	2183.400	2183.600	           1171	   2184.908	   2185.504	      0.000	      0.000	      0.000	
 04/03-13:06	2183.400	2183.600	2181.200	2182.000	           3698	   2184.712	   2185.500	      0.000	      0.000	      0.000	
 04/03-13:07	2182.000	2182.800	2181.800	2182.200	           1541	   2184.500	   2185.467	      0.000	      0.000	      0.000	
 04/03-13:08	2182.000	2182.600	2181.800	2182.400	           1492	   2184.367	   2185.410	      0.000	      0.000	      0.000	
 04/03-13:09	2182.400	2183.400	2182.000	2183.000	           1361	   2184.279	   2185.371	      0.000	      0.000	      0.000	
 04/03-13:10	2183.200	2183.200	2182.200	2182.200	           1039	   2184.212	   2185.319	      0.000	      0.000	      0.000	
 04/03-13:11	2182.600	2182.800	2181.400	2181.400	           1386	   2184.142	   2185.254	      0.000	      0.000	      0.000	
 04/03-13:12	2181.400	2181.800	2180.600	2180.800	           2686	   2184.042	   2185.183	      0.000	      0.000	      0.000	
 04/03-13:13	2181.000	2181.000	2178.600	2179.200	           4952	   2183.917	   2185.081	      0.000	      0.000	      0.000	
 04/03-13:14	2179.600	2180.400	2179.200	2179.400	           2150	   2183.721	   2184.983	      0.000	      0.000	      0.000	
 04/03-13:15	2179.600	2180.200	2178.800	2178.800	           2040	   2183.592	   2184.896	      0.000	      0.000	      0.000	
 04/03-13:16	2178.600	2178.600	2173.200	2173.200	           8405	   2183.254	   2184.671	      0.000	      0.000	      0.000	
 04/03-13:17	2172.400	2175.200	2171.600	2173.600	           6648	   2182.887	   2184.438	      0.000	      0.000	      0.000	
 04/03-13:18	2173.800	2175.200	2173.200	2174.000	           3009	   2182.567	   2184.221	      0.000	      0.000	      0.000	
 04/03-13:19	2174.000	2174.600	2173.200	2173.800	           1981	   2182.258	   2184.029	      0.000	      0.000	      0.000	
 04/03-13:20	2173.600	2175.200	2173.600	2174.000	           3097	   2181.942	   2183.817	      0.000	      0.000	      0.000	
 04/03-13:21	2174.000	2174.800	2172.200	2172.200	           2668	   2181.550	   2183.583	      0.000	      0.000	      0.000	
 04/03-13:22	2172.000	2174.000	2172.000	2172.800	           3127	   2181.142	   2183.329	      0.000	      0.000	      0.000	
 04/03-13:23	2172.800	2173.600	2171.800	2173.400	           3182	   2180.692	   2183.069	      0.000	      0.000	      0.000	
 04/03-13:24	2173.400	2174.200	2173.200	2174.000	           2037	   2180.288	   2182.827	      0.000	      0.000	      0.000	
 04/03-13:25	2174.200	2174.200	2173.400	2173.800	           1674	   2179.896	   2182.600	      0.000	      0.000	      0.000	
 04/03-13:26	2173.600	2174.800	2173.400	2174.400	           2110	   2179.533	   2182.377	      0.000	      0.000	      0.000	
 04/03-13:27	2174.400	2174.600	2173.400	2174.000	           1734	   2179.154	   2182.167	      0.000	      0.000	      0.000	
 04/03-13:28	2174.000	2174.200	2173.400	2173.600	           1385	   2178.783	   2181.967	      0.000	      0.000	      0.000	
 04/03-13:29	2173.600	2173.800	2172.400	2173.200	           2328	   2178.379	   2181.773	      0.000	      0.000	      0.000	
 04/03-13:30	2173.200	2173.200	2171.400	2171.400	           3341	   2177.917	   2181.535	      0.000	      0.000	      0.000	
 04/03-13:31	2171.000	2173.600	2170.000	2172.800	           6076	   2177.462	   2181.323	      0.000	      0.000	      0.000	
 04/03-13:32	2172.600	2173.200	2171.800	2172.800	           1912	   2177.021	   2181.102	      0.000	      0.000	      0.000	
 04/03-13:33	2172.800	2173.000	2170.600	2170.600	           2833	   2176.546	   2180.823	      0.000	      0.000	      0.000	
 04/03-13:34	2170.600	2171.800	2170.000	2170.200	           2702	   2176.096	   2180.550	      0.000	      0.000	      0.000	
 04/03-13:35	2170.200	2171.200	2168.600	2169.000	           3949	   2175.608	   2180.258	      0.000	      0.000	      0.000	
 04/03-13:36	2168.800	2170.800	2168.800	2170.000	           2660	   2175.208	   2179.960	      0.000	      0.000	      0.000	
 04/03-13:37	2169.800	2172.200	2169.800	2172.200	           2694	   2174.871	   2179.685	      0.000	      0.000	      0.000	
 04/03-13:38	2172.200	2172.200	2171.000	2171.000	           1408	   2174.492	   2179.429	      0.000	      0.000	      0.000	
 04/03-13:39	2171.000	2172.200	2170.800	2171.800	           1433	   2174.121	   2179.200	      0.000	      0.000	      0.000	
 04/03-13:40	2171.800	2173.000	2171.800	2173.000	           2267	   2173.817	   2179.015	      0.000	      0.000	      0.000	
 04/03-13:41	2172.600	2173.400	2172.200	2172.400	           2201	   2173.512	   2178.827	      0.000	      0.000	      0.000	
 04/03-13:42	2172.400	2173.200	2172.200	2173.000	            952	   2173.254	   2178.648	      0.000	      0.000	      0.000	
 04/03-13:43	2173.200	2173.200	2172.200	2172.400	           1233	   2173.025	   2178.471	      0.000	      0.000	      0.000	
 04/03-13:44	2172.600	2172.600	2171.800	2171.800	           1372	   2172.771	   2178.246	     -1.000	      0.000	      1.000	
 04/03-13:45	2171.800	2172.800	2170.600	2171.000	           2268	   2172.512	   2178.052	      0.000	      0.000	      0.000	
 04/03-13:46	2171.200	2172.200	2171.000	2171.800	           1610	   2172.467	   2177.860	     -1.000	      0.000	      1.000	
 04/03-13:47	2171.400	2172.400	2170.800	2171.200	           1316	   2172.383	   2177.635	      0.000	      0.000	      0.000	
 04/03-13:48	2171.200	2171.800	2170.600	2171.000	           1169	   2172.283	   2177.425	     -1.000	      0.000	      1.000	
 04/03-13:49	2170.800	2172.000	2170.800	2171.800	           1201	   2172.221	   2177.240	      0.000	      0.000	      0.000	
 04/03-13:50	2171.800	2172.200	2170.400	2170.400	           1937	   2172.100	   2177.021	      0.000	      0.000	      0.000	
 04/03-13:51	2170.600	2172.200	2169.400	2172.000	           3109	   2172.092	   2176.821	      0.000	      0.000	      0.000	
 04/03-13:52	2172.200	2174.200	2172.000	2173.600	           4441	   2172.121	   2176.631	      0.000	      0.000	      0.000	
 04/03-13:53	2173.200	2173.600	2172.800	2173.400	           1418	   2172.121	   2176.406	      0.000	      0.000	      0.000	
 04/03-13:54	2173.400	2173.400	2172.600	2173.200	           1207	   2172.096	   2176.192	      0.000	      0.000	      0.000	
 04/03-13:55	2173.000	2173.000	2172.200	2172.800	           1367	   2172.058	   2175.977	      0.000	      0.000	      0.000	
 04/03-13:56	2172.600	2172.800	2171.400	2171.800	           1644	   2171.971	   2175.752	      0.000	      0.000	      0.000	
 04/03-13:57	2171.800	2172.400	2171.200	2171.600	           1213	   2171.892	   2175.523	      0.000	      0.000	      0.000	
 04/03-13:58	2171.400	2171.600	2170.800	2170.800	           1125	   2171.800	   2175.292	     -1.000	      0.000	      1.000	
 04/03-13:59	2170.600	2170.800	2165.400	2166.200	           8645	   2171.567	   2174.973	      0.000	      0.000	      0.000	
 04/03-14:00	2166.400	2166.600	2163.000	2163.800	           7068	   2171.317	   2174.617	      0.000	      0.000	      0.000	
 04/03-14:01	2163.600	2164.200	2162.200	2163.000	           5657	   2170.988	   2174.225	      0.000	      0.000	      0.000	
 04/03-14:02	2163.000	2164.200	2162.400	2163.600	           3372	   2170.679	   2173.850	      0.000	      0.000	      0.000	
 04/03-14:03	2163.600	2164.200	2163.000	2163.600	           2217	   2170.446	   2173.496	      0.000	      0.000	      0.000	
 04/03-14:04	2163.400	2163.600	2161.000	2163.000	           4302	   2170.204	   2173.150	      0.000	      0.000	      0.000	
 04/03-14:05	2163.000	2163.800	2162.200	2163.800	           1878	   2170.033	   2172.821	      0.000	      0.000	      0.000	
 04/03-14:06	2163.800	2164.400	2163.200	2164.200	           2369	   2169.837	   2172.523	      0.000	      0.000	      0.000	
 04/03-14:07	2164.400	2166.000	2163.800	2165.400	           4347	   2169.613	   2172.242	      0.000	      0.000	      0.000	
 04/03-14:08	2165.200	2166.800	2165.200	2166.800	           3376	   2169.475	   2171.983	      0.000	      0.000	      0.000	
 04/03-14:09	2166.800	2166.800	2165.400	2165.800	           2341	   2169.271	   2171.696	      0.000	      0.000	      0.000	
 04/03-14:10	2165.600	2165.800	2164.000	2164.400	           2247	   2168.983	   2171.400	      0.000	      0.000	      0.000	
 04/03-14:11	2164.600	2165.600	2164.400	2165.000	           1976	   2168.738	   2171.125	      0.000	      0.000	      0.000	
 04/03-14:12	2165.000	2165.400	2164.000	2164.800	           1434	   2168.467	   2170.860	      0.000	      0.000	      0.000	
 04/03-14:13	2165.000	2165.200	2164.400	2164.800	           1018	   2168.212	   2170.619	      0.000	      0.000	      0.000	
 04/03-14:14	2164.800	2165.000	2163.400	2163.600	           2089	   2167.942	   2170.356	      0.000	      0.000	      0.000	
 04/03-14:15	2163.400	2164.400	2162.600	2164.000	           2303	   2167.708	   2170.110	      0.000	      0.000	      0.000	
 04/03-14:16	2163.800	2164.000	2160.000	2161.000	           5279	   2167.346	   2169.906	      0.000	      0.000	      0.000	
 04/03-14:17	2161.200	2162.000	2159.400	2160.400	           3843	   2166.988	   2169.685	      0.000	      0.000	      0.000	
 04/03-14:18	2160.400	2164.000	2159.600	2163.600	           4586	   2166.742	   2169.512	      0.000	      0.000	      0.000	
 04/03-14:19	2163.400	2164.400	2162.600	2163.800	           2619	   2166.471	   2169.346	      0.000	      0.000	      0.000	
 04/03-14:20	2163.800	2164.600	2163.600	2164.000	           2051	   2166.258	   2169.179	      0.000	      0.000	      0.000	
 04/03-14:21	2164.000	2164.000	2162.600	2162.600	           1872	   2165.946	   2169.019	      0.000	      0.000	      0.000	
 04/03-14:22	2162.600	2165.000	2162.600	2165.000	           2856	   2165.658	   2168.890	      0.000	      0.000	      0.000	
 04/03-14:23	2165.200	2166.200	2165.200	2165.600	           3192	   2165.400	   2168.760	      0.000	      0.000	      0.000	
 04/03-14:24	2165.400	2166.000	2164.600	2165.800	           2020	   2165.150	   2168.623	      0.000	      0.000	      0.000	
 04/03-14:25	2165.800	2165.800	2164.800	2164.800	           1694	   2164.887	   2168.473	      0.000	      0.000	      0.000	
 04/03-14:26	2164.800	2166.200	2164.200	2165.800	           2095	   2164.688	   2168.329	      0.000	      0.000	      0.000	
 04/03-14:27	2166.000	2166.000	2164.800	2164.800	           1145	   2164.462	   2168.177	      0.000	      0.000	      0.000	
 04/03-14:28	2164.800	2165.400	2164.200	2164.400	           1488	   2164.246	   2168.023	      0.000	      0.000	      0.000	
 04/03-14:29	2164.800	2165.200	2163.400	2164.400	           2062	   2164.188	   2167.877	      0.000	      0.000	      0.000	
 04/03-14:30	2164.400	2165.600	2164.000	2165.200	           1678	   2164.233	   2167.775	      0.000	      0.000	      0.000	
 04/03-14:31	2165.400	2167.800	2165.200	2166.000	           4507	   2164.333	   2167.660	      0.000	      0.000	      0.000	
 04/03-14:32	2166.000	2167.000	2165.200	2166.600	           2261	   2164.433	   2167.556	      0.000	      0.000	      0.000	
 04/03-14:33	2166.400	2167.800	2166.200	2167.600	           1978	   2164.567	   2167.506	      0.000	      0.000	      0.000	
 04/03-14:34	2167.600	2167.600	2166.200	2166.400	           2254	   2164.679	   2167.442	      0.000	      0.000	      0.000	
 04/03-14:35	2166.200	2166.600	2165.800	2166.000	           1758	   2164.750	   2167.392	      0.000	      0.000	      0.000	
 04/03-14:36	2166.200	2167.000	2165.800	2165.800	           1486	   2164.808	   2167.323	      0.000	      0.000	      0.000	
 04/03-14:37	2166.000	2167.000	2165.800	2166.000	           1675	   2164.829	   2167.221	      0.000	      0.000	      0.000	
 04/03-14:38	2166.000	2166.800	2165.800	2166.600	           1364	   2164.821	   2167.148	      0.000	      0.000	      0.000	
 04/03-14:39	2166.200	2166.400	2164.400	2165.200	           2815	   2164.800	   2167.035	      0.000	      0.000	      0.000	
 04/03-14:40	2165.200	2165.600	2164.600	2165.400	           1523	   2164.833	   2166.908	      0.000	      0.000	      0.000	
 04/03-14:41	2165.600	2166.600	2165.400	2166.200	           1728	   2164.875	   2166.806	      0.000	      0.000	      0.000	
 04/03-14:42	2166.200	2166.600	2165.400	2165.800	           1292	   2164.904	   2166.685	      0.000	      0.000	      0.000	
 04/03-14:43	2166.000	2167.200	2166.000	2166.600	           2181	   2164.967	   2166.590	      0.000	      0.000	      0.000	
 04/03-14:44	2166.400	2167.200	2165.800	2165.800	           1978	   2165.042	   2166.492	      0.000	      0.000	      0.000	
 04/03-14:45	2165.800	2167.000	2165.400	2167.000	           1711	   2165.142	   2166.425	      0.000	      0.000	      0.000	
 04/03-14:46	2167.200	2167.800	2166.200	2167.800	           2060	   2165.367	   2166.356	      0.000	      0.000	      0.000	
 04/03-14:47	2167.800	2168.000	2166.400	2166.600	           2647	   2165.575	   2166.281	      1.000	      1.000	      0.000	
 04/03-14:48	2166.600	2166.800	2164.600	2164.800	           2640	   2165.613	   2166.177	      0.000	      0.000	      0.000	
 04/03-14:49	2164.600	2165.400	2163.400	2165.000	           2885	   2165.654	   2166.063	     -1.000	      0.000	      1.000	
 04/03-14:50	2165.000	2165.000	2162.800	2164.000	           3147	   2165.654	   2165.956	      0.000	      0.000	      0.000	
 04/03-14:51	2163.800	2164.000	2161.000	2161.600	           4611	   2165.621	   2165.783	      0.000	      0.000	      0.000	
 04/03-14:52	2161.600	2163.400	2161.600	2163.200	           2515	   2165.563	   2165.610	      0.000	      0.000	      0.000	
 04/03-14:53	2163.200	2164.000	2162.600	2163.600	           1601	   2165.492	   2165.446	      0.000	      0.000	      0.000	
 04/03-14:54	2163.800	2164.600	2162.800	2163.200	           2222	   2165.408	   2165.279	      0.000	      0.000	      0.000	
 04/03-14:55	2163.200	2163.400	2162.000	2163.200	           1995	   2165.354	   2165.121	      0.000	      0.000	      0.000	
 04/03-14:56	2163.000	2163.200	2161.800	2162.200	           1950	   2165.233	   2164.960	      0.000	      0.000	      0.000	
 04/03-14:57	2162.000	2162.400	2161.000	2161.600	           2404	   2165.125	   2164.794	      0.000	      0.000	      0.000	
 04/03-14:58	2161.800	2161.800	2157.800	2158.600	           5871	   2164.933	   2164.590	      0.000	      0.000	      0.000	
 04/03-14:59	2158.800	2161.200	2158.800	2160.200	           2779	   2164.792	   2164.490	      0.000	      0.000	      0.000	
 04/03-15:00	2160.200	2160.600	2159.400	2160.200	           1881	   2164.625	   2164.429	      0.000	      0.000	      0.000	
 04/03-15:01	2160.400	2160.400	2158.800	2159.800	           1722	   2164.417	   2164.375	      0.000	      0.000	      0.000	
 04/03-15:02	2159.800	2160.000	2158.800	2159.600	           1500	   2164.188	   2164.310	      0.000	      0.000	      0.000	
 04/03-15:03	2159.600	2161.400	2159.600	2160.600	           2443	   2163.954	   2164.260	      0.000	      0.000	      0.000	
 04/03-15:04	2160.800	2161.400	2160.600	2161.200	           1287	   2163.783	   2164.231	      0.000	      0.000	      0.000	
 04/03-15:05	2161.000	2162.200	2160.800	2162.000	           2224	   2163.650	   2164.200	      0.000	      0.000	      0.000	
 04/03-15:06	2162.200	2162.200	2161.200	2162.000	           1790	   2163.521	   2164.165	      0.000	      0.000	      0.000	
 04/03-15:07	2161.600	2162.200	2161.400	2161.600	           1836	   2163.371	   2164.100	      0.000	      0.000	      0.000	
 04/03-15:08	2161.400	2161.400	2160.600	2160.800	           1433	   2163.179	   2164.000	      0.000	      0.000	      0.000	
 04/03-15:09	2160.600	2161.200	2160.200	2160.400	           1249	   2163.021	   2163.910	      0.000	      0.000	      0.000	
 04/03-15:10	2160.400	2162.000	2160.400	2162.000	           1661	   2162.908	   2163.871	      0.000	      0.000	      0.000	
 04/03-15:11	2162.000	2162.000	2161.400	2161.800	           1448	   2162.758	   2163.817	      0.000	      0.000	      0.000	
 04/03-15:12	2161.800	2161.800	2159.600	2160.400	           2911	   2162.583	   2163.744	      0.000	      0.000	      0.000	
 04/03-15:13	2160.400	2160.600	2159.000	2160.200	           2588	   2162.367	   2163.667	      0.000	      0.000	      0.000	
 04/03-15:14	2160.400	2161.000	2159.400	2161.000	           2643	   2162.204	   2163.623	      0.000	      0.000	      0.000	
 04/03-15:15	2160.800	2161.000	2159.600	2159.600	           4105	   2161.958	   2163.550	      0.000	      0.000	      0.000	