 05/14-09:16	2516.200	2518.000	2514.000	2518.000	           2758	   2519.380	   2519.554	   2518.798	           	
 05/14-09:17	2517.800	2519.400	2517.800	2519.000	           1891	   2519.341	   2519.450	   2518.760	           	
 05/14-09:18	2519.200	2520.800	2518.800	2519.800	           1764	   2519.333	   2519.360	   2518.727	           	
 05/14-09:19	2519.800	2520.600	2518.800	2520.200	           1371	   2519.333	   2519.313	   2518.695	           	
 05/14-09:20	2520.400	2520.800	2519.000	2520.600	           1118	   2519.327	   2519.250	   2518.670	           	
 05/14-09:21	2520.200	2520.800	2519.000	2519.400	           1026	   2519.294	   2519.167	   2518.643	           	
 05/14-09:22	2519.400	2521.200	2519.400	2520.400	           1183	   2519.179	   2519.120	   2518.683	           	
 05/14-09:23	2520.400	2520.400	2516.800	2517.200	           1528	   2519.007	   2518.990	   2518.732	           	
 05/14-09:24	2517.000	2518.400	2516.800	2518.200	           1047	   2518.906	   2518.893	   2518.768	           	
 05/14-09:25	2518.000	2518.000	2517.000	2518.000	            802	   2518.786	   2518.770	   2518.807	           	
 05/14-09:26	2517.200	2518.800	2515.200	2515.400	           1011	   2518.567	   2518.620	   2518.815	           	
 05/14-09:27	2515.200	2515.400	2509.000	2512.200	           4155	   2518.220	   2518.423	   2518.807	           	
 05/14-09:28	2511.800	2518.000	2511.400	2518.000	           2309	   2518.093	   2518.386	   2518.848	           	
 05/14-09:29	2518.200	2522.000	2518.200	2522.000	           4587	   2518.079	   2518.413	   2518.920	           	
 05/14-09:30	2521.800	2521.800	2520.000	2521.000	           2283	   2518.086	   2518.427	   2519.020	           	
 05/14-09:31	2521.600	2521.800	2520.000	2521.400	           1526	   2518.173	   2518.453	   2519.142	           	
 05/14-09:32	2521.000	2522.600	2519.000	2519.200	           2118	   2518.241	   2518.444	   2519.222	           	
 05/14-09:33	2519.200	2519.200	2517.200	2517.800	           2204	   2518.220	   2518.437	   2519.285	           	
 05/14-09:34	2517.200	2518.400	2516.000	2516.800	           1909	   2518.187	   2518.464	   2519.335	           	
 05/14-09:35	2517.200	2519.000	2515.000	2516.000	           2133	   2518.074	   2518.527	   2519.367	           	
 05/14-09:36	2516.000	2516.600	2515.000	2515.600	           1501	   2517.947	   2518.580	   2519.385	           	
 05/14-09:37	2515.600	2517.600	2515.000	2515.000	           1301	   2517.800	   2518.614	   2519.380	           	
 05/14-09:38	2515.000	2517.600	2513.200	2513.200	           1880	   2517.613	   2518.590	   2519.370	           	
 05/14-09:39	2513.000	2516.200	2513.000	2515.400	           1937	   2517.526	   2518.596	   2519.376	           	
 05/14-09:40	2515.400	2516.200	2512.000	2512.000	           1819	   2517.320	   2518.560	   2519.352	           	
 05/14-09:41	2511.800	2513.800	2511.800	2512.200	           1988	   2517.167	   2518.513	   2519.312	           	
 05/14-09:42	2512.000	2513.600	2511.600	2511.600	           1702	   2517.013	   2518.440	   2519.258	           	
 05/14-09:43	2511.200	2512.200	2509.400	2510.000	           3335	   2516.833	   2518.327	   2519.202	           	
 05/14-09:44	2510.200	2512.600	2509.000	2509.000	           2302	   2516.641	   2518.160	   2519.135	           	
 05/14-09:45	2508.800	2511.400	2506.000	2506.800	           5500	   2516.379	   2517.927	   2519.037	           	
 05/14-09:46	2506.400	2509.600	2506.400	2508.000	           2818	   2516.046	   2517.713	   2518.968	           	
 05/14-09:47	2507.600	2510.000	2507.600	2509.200	           2037	   2515.720	   2517.530	   2518.910	           	
 05/14-09:48	2508.600	2510.200	2508.400	2508.400	           1678	   2515.341	   2517.337	   2518.848	           	
 05/14-09:49	2508.400	2509.000	2504.200	2506.600	           3633	   2514.886	   2517.110	   2518.762	           	
 05/14-09:50	2506.600	2507.000	2502.000	2503.200	           5358	   2514.306	   2516.817	   2518.635	           	
 05/14-09:51	2503.400	2504.800	2496.600	2496.600	           5618	   2513.546	   2516.420	   2518.463	           	
 05/14-09:52	2496.400	2498.400	2492.600	2496.800	           6651	   2512.760	   2515.970	   2518.302	           	
 05/14-09:53	2497.000	2497.400	2495.000	2496.000	           2821	   2512.053	   2515.530	   2518.145	           	
 05/14-09:54	2496.000	2497.000	2491.200	2491.600	           3382	   2511.167	   2515.036	   2517.925	           	
 05/14-09:55	2491.800	2493.800	2488.400	2492.800	           5785	   2510.327	   2514.557	   2517.695	           	
 05/14-09:56	2493.400	2496.800	2493.400	2495.800	           3374	   2509.673	   2514.120	   2517.498	           	
 05/14-09:57	2495.800	2496.800	2494.000	2495.400	           2598	   2509.114	   2513.667	   2517.300	           	
 05/14-09:58	2495.600	2495.800	2493.600	2494.800	           1854	   2508.341	   2513.217	   2517.088	           	
 05/14-09:59	2495.200	2496.600	2494.800	2496.600	           1755	   2507.494	   2512.786	   2516.885	           	
 05/14-10:00	2496.600	2497.400	2489.800	2489.800	           3763	   2506.454	   2512.270	   2516.628	           	
 05/14-10:01	2490.000	2491.400	2486.200	2486.800	           7171	   2505.300	   2511.737	   2516.353	           	
 05/14-10:02	2486.600	2490.200	2483.600	2490.200	           5393	   2504.333	   2511.287	   2516.100	           	
 05/14-10:03	2490.600	2491.600	2488.800	2491.600	           2503	   2503.460	   2510.840	   2515.865	           	
 05/14-10:04	2491.800	2495.000	2491.800	2493.000	           3263	   2502.667	   2510.427	   2515.647	           	
 05/14-10:05	2493.000	2497.600	2492.400	2495.800	           3170	   2501.993	   2510.033	   2515.420	           	
 05/14-10:06	2495.600	2496.600	2494.000	2495.200	           1876	   2501.313	   2509.630	   2515.185	           	
 05/14-10:07	2495.200	2497.200	2494.000	2496.800	           2236	   2500.706	   2509.253	   2514.965	           	
 05/14-10:08	2496.800	2497.000	2495.000	2496.400	           2042	   2500.147	   2508.880	   2514.745	           	
 05/14-10:09	2496.200	2503.600	2496.000	2501.600	           7908	   2499.687	   2508.606	   2514.548	           	
 05/14-10:10	2501.200	2502.000	2500.000	2501.800	           3184	   2499.347	   2508.333	   2514.377	           	
 05/14-10:11	2501.800	2502.000	2499.400	2500.000	           2553	   2498.940	   2508.053	   2514.195	           	
 05/14-10:12	2500.000	2500.000	2497.800	2498.600	           2389	   2498.506	   2507.760	   2513.982	           	
 05/14-10:13	2498.600	2499.400	2498.000	2499.200	            937	   2498.147	   2507.490	   2513.755	           	
 05/14-10:14	2499.400	2500.200	2497.600	2498.600	           1512	   2497.799	   2507.220	   2513.535	           	
 05/14-10:15	2498.600	2500.200	2496.400	2500.200	           1920	   2497.581	   2506.980	   2513.319	           	
 05/14-10:16	2500.800	2501.000	2497.000	2498.200	           1886	   2497.254	   2506.650	   2513.102	           	
 05/14-10:17	2498.400	2499.200	2497.600	2498.400	            969	   2496.893	   2506.306	   2512.878	           	
 05/14-10:18	2498.400	2499.000	2495.200	2495.400	           2870	   2496.460	   2505.901	   2512.630	           	
 05/14-10:19	2495.400	2496.800	2494.200	2494.200	           1767	   2496.047	   2505.467	   2512.390	           	
 05/14-10:20	2494.000	2494.000	2492.600	2493.600	           2923	   2495.726	   2505.016	   2512.133	           	
 05/14-10:21	2493.600	2496.000	2493.400	2495.600	           1869	   2495.694	   2504.620	   2511.893	           	
 05/14-10:22	2495.600	2496.800	2494.800	2495.000	           1255	   2495.633	   2504.197	   2511.658	           	
 05/14-10:23	2495.000	2497.200	2495.000	2496.200	            879	   2495.640	   2503.846	   2511.418	           	
 05/14-10:24	2496.600	2496.800	2492.200	2492.600	           2425	   2495.674	   2503.420	   2511.157	           	
 05/14-10:25	2493.000	2497.000	2492.400	2496.400	           2391	   2495.793	   2503.060	   2510.915	           	
 05/14-10:26	2496.600	2499.000	2496.000	2498.400	           2240	   2495.881	   2502.777	   2510.698	           	
 05/14-10:27	2498.400	2498.400	2496.200	2496.400	           1137	   2495.914	   2502.513	   2510.468	           	
 05/14-10:28	2496.200	2496.600	2494.400	2495.800	           1197	   2495.947	   2502.144	   2510.265	           	
 05/14-10:29	2495.800	2496.800	2493.200	2495.000	           1615	   2495.894	   2501.694	   2510.053	           	
 05/14-10:30	2494.800	2496.600	2494.800	2495.400	            829	   2496.079	   2501.267	   2509.847	           	
 05/14-10:31	2495.400	2499.200	2493.800	2496.000	           2734	   2496.386	   2500.843	   2509.648	           	
 05/14-10:32	2495.800	2497.400	2495.000	2496.600	           1051	   2496.600	   2500.467	   2509.455	           	
 05/14-10:33	2496.800	2496.800	2491.200	2492.800	           3597	   2496.641	   2500.051	   2509.243	           	
 05/14-10:34	2492.600	2494.400	2492.000	2493.200	           1464	   2496.647	   2499.657	   2509.060	           	
 05/14-10:35	2493.200	2494.200	2492.200	2493.800	            980	   2496.581	   2499.287	   2508.907	           	
 05/14-10:36	2493.400	2494.400	2489.600	2489.600	           2801	   2496.393	   2498.853	   2508.717	           	
 05/14-10:37	2489.600	2491.200	2489.200	2489.600	           2146	   2496.154	   2498.430	   2508.522	           	
 05/14-10:38	2490.000	2493.200	2489.600	2492.400	           1548	   2496.020	   2498.083	   2508.336	           	
 05/14-10:39	2492.600	2493.800	2492.000	2492.000	            905	   2495.700	   2497.693	   2508.145	           	
 05/14-10:40	2491.800	2491.800	2489.600	2490.400	           1647	   2495.321	   2497.334	   2507.947	           	
 05/14-10:41	2490.600	2493.200	2490.600	2493.200	           1362	   2495.094	   2497.017	   2507.765	           	
 05/14-10:42	2493.400	2495.200	2493.400	2495.000	           2204	   2494.974	   2496.740	   2507.590	           	
 05/14-10:43	2494.800	2494.800	2492.600	2493.600	            747	   2494.785	   2496.466	   2507.396	           	
 05/14-10:44	2493.400	2496.200	2492.400	2494.800	           1796	   2494.660	   2496.230	   2507.195	           	
 05/14-10:45	2494.600	2497.800	2494.600	2497.600	           2514	   2494.573	   2496.077	   2507.002	           	
 05/14-10:46	2497.600	2497.800	2495.200	2495.400	           1913	   2494.479	   2495.867	   2506.790	           	
 05/14-10:47	2495.600	2495.600	2493.200	2494.000	           1301	   2494.333	   2495.613	   2506.572	           	
 05/14-10:48	2494.000	2494.200	2490.600	2491.400	           2442	   2494.200	   2495.330	   2506.333	           	
 05/14-10:49	2491.800	2491.800	2488.800	2491.600	           2244	   2494.113	   2495.080	   2506.095	           	
 05/14-10:50	2491.600	2494.200	2491.200	2494.200	           1835	   2494.133	   2494.930	   2505.873	           	
 05/14-10:51	2493.600	2494.800	2493.000	2493.000	           1493	   2494.046	   2494.870	   2505.645	           	
 05/14-10:52	2493.000	2494.400	2490.400	2494.200	           1500	   2494.021	   2494.827	   2505.398	           	
 05/14-10:53	2494.200	2495.600	2493.800	2494.400	           2103	   2493.960	   2494.800	   2505.165	           	
 05/14-10:54	2494.400	2495.600	2492.400	2492.400	           1204	   2493.952	   2494.813	   2504.925	           	
 05/14-10:55	2492.200	2492.600	2489.600	2492.400	           3013	   2493.821	   2494.807	   2504.682	   2512.671	
 05/14-10:56	2492.400	2492.600	2489.600	2489.600	           1183	   2493.525	   2494.703	   2504.411	   2512.528	
 05/14-10:57	2489.600	2492.000	2489.600	2490.600	           1094	   2493.333	   2494.624	   2504.145	   2512.385	
 05/14-10:58	2491.000	2492.000	2488.000	2492.000	           2426	   2493.206	   2494.577	   2503.897	   2512.259	
 05/14-10:59	2491.600	2492.800	2491.000	2492.000	           1074	   2493.106	   2494.500	   2503.643	   2512.126	
 05/14-11:00	2492.200	2492.400	2488.000	2488.200	           1930	   2492.867	   2494.473	   2503.372	   2511.978	
 05/14-11:01	2488.000	2489.800	2486.800	2489.600	           3094	   2492.654	   2494.520	   2503.128	   2511.834	
 05/14-11:02	2489.400	2490.400	2487.400	2490.000	           2221	   2492.433	   2494.517	   2502.902	   2511.690	
 05/14-11:03	2490.400	2490.400	2486.800	2487.000	           2025	   2492.240	   2494.440	   2502.640	   2511.527	
 05/14-11:04	2487.800	2488.800	2485.000	2485.000	           2866	   2491.967	   2494.307	   2502.367	   2511.358	
 05/14-11:05	2484.600	2484.600	2478.600	2478.800	           9387	   2491.467	   2494.024	   2502.029	   2511.171	
 05/14-11:06	2478.400	2480.800	2477.000	2479.800	           4951	   2491.140	   2493.766	   2501.698	   2510.991	
 05/14-11:07	2480.000	2482.600	2480.000	2482.000	           2387	   2490.885	   2493.520	   2501.386	   2510.834	
 05/14-11:08	2481.600	2483.200	2481.600	2482.600	           2840	   2490.560	   2493.290	   2501.085	   2510.674	
 05/14-11:09	2482.800	2483.200	2481.400	2481.600	           1395	   2490.215	   2492.957	   2500.782	   2510.510	
 05/14-11:10	2481.600	2484.800	2481.600	2483.400	           2217	   2489.979	   2492.650	   2500.492	   2510.356	
 05/14-11:11	2483.200	2485.000	2483.000	2483.600	           1371	   2489.660	   2492.377	   2500.215	   2510.204	
 05/14-11:12	2483.400	2483.800	2482.000	2482.600	           1634	   2489.246	   2492.110	   2499.935	   2510.045	
 05/14-11:13	2483.000	2484.600	2482.600	2484.400	           1101	   2488.942	   2491.864	   2499.677	   2509.892	
 05/14-11:14	2484.400	2485.400	2483.400	2483.800	           1644	   2488.573	   2491.617	   2499.418	   2509.738	
 05/14-11:15	2483.600	2483.800	2481.400	2481.600	           1795	   2488.040	   2491.306	   2499.143	   2509.575	
 05/14-11:16	2481.200	2481.200	2479.200	2479.400	           3207	   2487.506	   2490.993	   2498.821	   2509.398	
 05/14-11:17	2479.200	2481.000	2478.200	2479.600	           1918	   2487.027	   2490.680	   2498.493	   2509.220	
 05/14-11:18	2479.600	2481.400	2479.400	2480.200	           1749	   2486.652	   2490.426	   2498.163	   2509.047	
 05/14-11:19	2480.000	2481.800	2479.800	2480.000	           1369	   2486.267	   2490.190	   2497.828	   2508.874	
 05/14-11:20	2480.000	2480.000	2473.000	2474.200	           5876	   2485.600	   2489.867	   2497.441	   2508.677	
 05/14-11:21	2474.600	2475.000	2471.800	2475.000	           3862	   2485.000	   2489.523	   2497.071	   2508.487	
 05/14-11:22	2475.000	2475.200	2473.200	2473.800	           1734	   2484.319	   2489.170	   2496.683	   2508.295	
 05/14-11:23	2473.600	2475.600	2473.600	2475.600	           1253	   2483.694	   2488.827	   2496.337	   2508.105	
 05/14-11:24	2475.600	2476.200	2471.200	2471.200	           2896	   2482.988	   2488.470	   2495.945	   2507.894	
 05/14-11:25	2471.400	2471.400	2468.800	2470.600	           4288	   2482.260	   2488.041	   2495.550	   2507.675	
 05/14-11:26	2471.000	2471.400	2467.600	2468.000	           2276	   2481.542	   2487.533	   2495.155	   2507.450	
 05/14-11:27	2467.800	2469.400	2463.600	2464.000	           6429	   2480.654	   2486.994	   2494.754	   2507.212	
 05/14-11:28	2464.000	2465.400	2462.000	2463.600	           3239	   2479.706	   2486.456	   2494.300	   2506.971	
 05/14-11:29	2463.600	2464.800	2463.400	2464.800	           2017	   2478.800	   2485.953	   2493.823	   2506.734	
 05/14-11:30	2464.400	2466.200	2461.800	2464.200	           3461	   2478.000	   2485.433	   2493.350	   2506.497	
 05/14-13:01	2464.200	2470.000	2464.200	2468.600	           3735	   2477.300	   2484.977	   2492.910	   2506.281	
 05/14-13:02	2468.800	2469.400	2468.000	2468.600	            954	   2476.585	   2484.509	   2492.488	   2506.093	
 05/14-13:03	2468.600	2470.000	2467.000	2469.400	           2045	   2476.000	   2484.120	   2492.085	   2505.925	
 05/14-13:04	2469.200	2470.400	2469.000	2470.200	           1251	   2475.506	   2483.737	   2491.697	   2505.750	
 05/14-13:05	2470.000	2470.800	2469.000	2470.000	           1660	   2475.212	   2483.340	   2491.313	   2505.577	
 05/14-13:06	2470.200	2470.200	2468.200	2468.400	           1199	   2474.833	   2482.987	   2490.920	   2505.393	
 05/14-13:07	2468.200	2469.200	2467.800	2468.600	           1042	   2474.387	   2482.636	   2490.533	   2505.214	
 05/14-13:08	2468.800	2469.600	2468.000	2469.000	            866	   2473.933	   2482.247	   2490.165	   2505.038	
 05/14-13:09	2469.200	2469.400	2466.400	2467.200	           1873	   2473.452	   2481.833	   2489.763	   2504.854	
 05/14-13:10	2467.400	2469.000	2467.000	2468.800	            948	   2472.967	   2481.473	   2489.403	   2504.693	
 05/14-13:11	2468.800	2469.600	2467.000	2467.600	           1311	   2472.433	   2481.047	   2489.032	   2504.536	
 05/14-13:12	2467.200	2468.200	2466.800	2467.400	            999	   2471.927	   2480.586	   2488.663	   2504.367	
 05/14-13:13	2467.400	2468.600	2466.800	2467.600	           1031	   2471.367	   2480.154	   2488.310	   2504.197	
 05/14-13:14	2467.600	2470.400	2466.800	2469.600	           2003	   2470.894	   2479.733	   2487.981	   2504.032	
 05/14-13:15	2469.800	2473.000	2469.400	2472.800	           3032	   2470.600	   2479.320	   2487.698	   2503.875	
 05/14-13:16	2472.400	2472.400	2470.400	2471.400	           1594	   2470.333	   2478.920	   2487.393	   2503.706	
 05/14-13:17	2471.000	2474.400	2470.400	2474.400	           2319	   2470.160	   2478.594	   2487.103	   2503.542	
 05/14-13:18	2474.600	2474.800	2471.800	2472.600	           2832	   2469.906	   2478.279	   2486.805	   2503.374	
 05/14-13:19	2472.800	2474.400	2472.000	2474.000	           1647	   2469.706	   2477.987	   2486.533	   2503.212	
 05/14-13:20	2473.800	2474.000	2471.600	2472.800	           1579	   2469.660	   2477.630	   2486.280	   2503.043	
 05/14-13:21	2472.400	2473.200	2471.600	2473.000	           1182	   2469.594	   2477.297	   2486.083	   2502.867	
 05/14-13:22	2473.200	2474.600	2472.400	2474.600	           1247	   2469.621	   2476.970	   2485.898	   2502.694	
 05/14-13:23	2474.400	2475.600	2472.000	2472.800	           2379	   2469.527	   2476.610	   2485.705	   2502.518	
 05/14-13:24	2472.400	2473.000	2471.800	2472.400	           1041	   2469.567	   2476.277	   2485.545	   2502.339	
 05/14-13:25	2472.400	2474.800	2472.000	2473.800	           1759	   2469.673	   2475.967	   2485.387	   2502.160	
 05/14-13:26	2473.800	2474.600	2473.200	2473.200	           1051	   2469.846	   2475.694	   2485.198	   2501.988	
 05/14-13:27	2473.400	2474.600	2472.000	2474.400	           1255	   2470.192	   2475.423	   2485.023	   2501.821	
 05/14-13:28	2474.000	2474.800	2473.200	2474.400	           1318	   2470.554	   2475.130	   2484.853	   2501.655	
 05/14-13:29	2474.600	2475.600	2474.200	2474.600	           2162	   2470.879	   2474.840	   2484.670	   2501.486	
 05/14-13:30	2474.400	2474.400	2472.400	2473.600	           1628	   2471.194	   2474.597	   2484.535	   2501.306	
 05/14-13:31	2473.600	2474.000	2471.400	2472.600	           1776	   2471.327	   2474.313	   2484.417	   2501.128	
 05/14-13:32	2472.600	2472.800	2470.600	2471.200	           2033	   2471.415	   2474.000	   2484.258	   2500.948	
 05/14-13:33	2471.200	2472.600	2471.200	2472.400	           1121	   2471.512	   2473.756	   2484.098	   2500.778	
 05/14-13:34	2472.600	2476.400	2472.600	2475.600	           3157	   2471.694	   2473.600	   2483.953	   2500.609	
 05/14-13:35	2475.400	2476.200	2474.600	2475.600	           1523	   2471.879	   2473.546	   2483.785	   2500.429	
 05/14-13:36	2475.400	2475.400	2474.200	2474.600	            965	   2472.087	   2473.460	   2483.613	   2500.250	
 05/14-13:37	2474.400	2474.800	2473.000	2473.400	           1017	   2472.246	   2473.317	   2483.418	   2500.067	
 05/14-13:38	2473.400	2474.000	2472.400	2473.200	            857	   2472.387	   2473.160	   2483.225	   2499.879	
 05/14-13:39	2473.000	2473.000	2470.600	2471.800	           1988	   2472.540	   2472.996	   2482.977	   2499.682	
 05/14-13:40	2472.200	2472.600	2471.600	2472.400	            819	   2472.660	   2472.813	   2482.732	   2499.490	
 05/14-13:41	2472.200	2473.800	2470.600	2470.600	           1604	   2472.758	   2472.596	   2482.487	   2499.293	
 05/14-13:42	2471.000	2471.600	2470.400	2471.400	           1151	   2472.894	   2472.410	   2482.260	   2499.096	
 05/14-13:43	2471.400	2473.600	2471.200	2473.000	           1040	   2473.073	   2472.220	   2482.042	   2498.909	
 05/14-13:44	2473.200	2473.200	2472.400	2472.600	            462	   2473.173	   2472.033	   2481.825	   2498.722	
 05/14-13:45	2472.800	2473.400	2472.200	2473.400	            746	   2473.194	   2471.897	   2481.602	   2498.524	
 05/14-13:46	2473.400	2473.400	2471.000	2471.200	           1143	   2473.188	   2471.760	   2481.376	   2498.315	
 05/14-13:47	2471.000	2472.600	2470.800	2472.000	            681	   2473.106	   2471.633	   2481.157	   2498.110	
 05/14-13:48	2472.000	2473.200	2471.800	2472.200	            547	   2473.094	   2471.500	   2480.963	   2497.908	
 05/14-13:49	2472.400	2473.600	2472.200	2472.800	            804	   2473.054	   2471.380	   2480.785	   2497.698	
 05/14-13:50	2472.800	2474.200	2472.800	2474.000	           1090	   2473.094	   2471.377	   2480.622	   2497.505	
 05/14-13:51	2474.400	2477.800	2474.400	2477.400	           4022	   2473.240	   2471.417	   2480.470	   2497.327	
 05/14-13:52	2476.800	2476.800	2475.400	2475.600	           1520	   2473.273	   2471.447	   2480.308	   2497.133	
 05/14-13:53	2475.600	2475.800	2473.400	2473.800	           1557	   2473.306	   2471.417	   2480.122	   2496.922	
 05/14-13:54	2473.800	2474.000	2473.200	2473.800	            760	   2473.354	   2471.460	   2479.965	   2496.718	
 05/14-13:55	2473.800	2474.400	2473.200	2473.400	            954	   2473.340	   2471.506	   2479.773	   2496.506	
 05/14-13:56	2473.600	2474.600	2473.000	2474.000	            727	   2473.367	   2471.606	   2479.570	   2496.306	
 05/14-13:57	2474.200	2476.000	2474.200	2475.400	           1143	   2473.400	   2471.796	   2479.395	   2496.106	
 05/14-13:58	2475.000	2475.400	2473.400	2473.400	           1079	   2473.367	   2471.960	   2479.208	   2495.899	
 05/14-13:59	2473.200	2473.600	2472.200	2472.600	           1258	   2473.300	   2472.090	   2479.021	   2495.698	
 05/14-14:00	2472.600	2473.400	2472.200	2472.800	            829	   2473.273	   2472.233	   2478.833	   2495.491	
 05/14-14:01	2472.600	2473.600	2472.200	2473.600	            566	   2473.306	   2472.317	   2478.647	   2495.288	
 05/14-14:02	2473.600	2476.000	2473.400	2475.200	           1196	   2473.440	   2472.427	   2478.468	   2495.096	
 05/14-14:03	2475.000	2476.200	2474.200	2476.000	           1557	   2473.560	   2472.536	   2478.328	   2494.900	
 05/14-14:04	2475.800	2476.400	2474.600	2476.000	           1093	   2473.573	   2472.633	   2478.185	   2494.708	
 05/14-14:05	2476.400	2479.200	2475.800	2479.200	           3092	   2473.694	   2472.786	   2478.063	   2494.523	
 05/14-14:06	2479.400	2481.600	2477.800	2481.200	           3159	   2473.913	   2473.000	   2477.993	   2494.350	
 05/14-14:07	2481.000	2483.000	2480.400	2481.600	           4357	   2474.188	   2473.217	   2477.927	   2494.181	
 05/14-14:08	2481.400	2481.800	2479.400	2479.800	           2267	   2474.406	   2473.397	   2477.822	   2494.019	
 05/14-14:09	2479.600	2479.800	2477.400	2478.000	           2293	   2474.615	   2473.577	   2477.705	   2493.850	
 05/14-14:10	2477.800	2478.600	2476.800	2478.600	           1344	   2474.819	   2473.740	   2477.606	   2493.683	
 05/14-14:11	2478.600	2478.600	2476.200	2477.800	           1457	   2475.060	   2473.909	   2477.478	   2493.515	
 05/14-14:12	2477.400	2480.600	2477.400	2480.400	           1490	   2475.360	   2474.127	   2477.357	   2493.358	
 05/14-14:13	2480.200	2480.200	2476.600	2477.000	           1475	   2475.494	   2474.283	   2477.219	   2493.193	
 05/14-14:14	2477.000	2479.400	2476.600	2479.200	           1182	   2475.715	   2474.444	   2477.089	   2493.049	
 05/14-14:15	2479.000	2481.400	2479.000	2481.200	           1924	   2475.973	   2474.583	   2476.952	   2492.925	
 05/14-14:16	2481.400	2481.400	2479.200	2479.600	           1210	   2476.254	   2474.721	   2476.820	   2492.794	
 05/14-14:17	2479.600	2479.800	2477.600	2478.800	           1423	   2476.479	   2474.793	   2476.693	   2492.657	
 05/14-14:18	2478.600	2479.200	2478.200	2478.600	            907	   2476.694	   2474.894	   2476.586	   2492.513	
 05/14-14:19	2478.600	2478.600	2475.000	2475.600	           2962	   2476.788	   2474.921	   2476.454	   2492.355	
 05/14-14:20	2475.400	2476.600	2475.000	2476.000	           1627	   2476.854	   2474.974	   2476.302	   2492.202	
 05/14-14:21	2475.600	2476.600	2475.600	2476.000	            564	   2476.808	   2475.024	   2476.160	   2492.046	
 05/14-14:22	2475.800	2477.600	2474.800	2476.400	           1656	   2476.833	   2475.053	   2476.011	   2491.888	
 05/14-14:23	2476.000	2476.000	2474.200	2474.800	           1430	   2476.867	   2475.086	   2475.848	   2491.720	
 05/14-14:24	2475.000	2475.200	2473.800	2474.400	           1562	   2476.885	   2475.120	   2475.698	   2491.542	
 05/14-14:25	2474.600	2475.600	2474.000	2474.600	           1181	   2476.927	   2475.133	   2475.550	   2491.357	
 05/14-14:26	2474.400	2476.600	2474.400	2476.000	           1230	   2476.994	   2475.180	   2475.437	   2491.178	
 05/14-14:27	2476.000	2476.000	2475.000	2475.000	            587	   2476.981	   2475.191	   2475.307	   2490.997	
 05/14-14:28	2475.000	2476.000	2474.400	2476.000	            697	   2477.067	   2475.217	   2475.173	   2490.821	
 05/14-14:29	2476.000	2478.800	2475.600	2478.600	           1582	   2477.267	   2475.283	   2475.062	   2490.654	
 05/14-14:30	2478.800	2479.400	2478.200	2479.000	           1603	   2477.473	   2475.373	   2474.985	   2490.487	
 05/14-14:31	2479.200	2481.000	2479.000	2479.200	           2096	   2477.660	   2475.483	   2474.898	   2490.323	
 05/14-14:32	2479.200	2479.400	2478.000	2478.000	           1353	   2477.754	   2475.597	   2474.798	   2490.139	
 05/14-14:33	2478.200	2479.000	2478.000	2478.800	            900	   2477.846	   2475.703	   2474.730	   2489.965	
 05/14-14:34	2479.000	2479.800	2478.400	2479.800	            796	   2477.973	   2475.773	   2474.687	   2489.799	
 05/14-14:35	2479.800	2480.400	2477.600	2479.200	           1369	   2477.973	   2475.833	   2474.690	   2489.629	
 05/14-14:36	2479.200	2479.400	2476.200	2476.400	           2050	   2477.815	   2475.864	   2474.662	   2489.447	
 05/14-14:37	2476.200	2476.600	2474.400	2475.000	           2176	   2477.594	   2475.891	   2474.604	   2489.257	
 05/14-14:38	2475.200	2475.800	2474.200	2474.200	           1232	   2477.406	   2475.906	   2474.533	   2489.066	
 05/14-14:39	2474.200	2474.600	2473.200	2473.600	           1904	   2477.260	   2475.938	   2474.467	   2488.871	
 05/14-14:40	2473.600	2474.800	2473.600	2474.400	            827	   2477.121	   2475.970	   2474.392	   2488.686	
 05/14-14:41	2474.400	2475.600	2474.400	2474.800	            775	   2477.021	   2476.041	   2474.318	   2488.510	
 05/14-14:42	2474.600	2475.400	2474.000	2474.400	            844	   2476.819	   2476.090	   2474.250	   2488.338	
 05/14-14:43	2474.400	2475.200	2474.200	2475.000	            616	   2476.752	   2476.123	   2474.171	   2488.165	
 05/14-14:44	2475.000	2477.200	2475.000	2477.200	           1500	   2476.685	   2476.200	   2474.117	   2488.002	
 05/14-14:45	2477.000	2477.200	2474.600	2475.400	           1091	   2476.494	   2476.233	   2474.065	   2487.826	
 05/14-14:46	2475.400	2475.600	2473.800	2474.600	           1035	   2476.325	   2476.290	   2474.025	   2487.647	
 05/14-14:47	2474.600	2476.000	2474.000	2475.600	           1012	   2476.221	   2476.350	   2473.992	   2487.472	
 05/14-14:48	2475.600	2477.600	2475.600	2476.000	           1288	   2476.133	   2476.414	   2473.957	   2487.301	
 05/14-14:49	2476.400	2477.600	2475.800	2476.800	           1399	   2476.173	   2476.480	   2473.930	   2487.136	
 05/14-14:50	2477.000	2478.600	2476.600	2478.000	           1517	   2476.240	   2476.547	   2473.962	   2486.975	
 05/14-14:51	2478.000	2479.400	2478.000	2478.600	           1491	   2476.325	   2476.567	   2473.992	   2486.822	
 05/14-14:52	2478.400	2479.800	2477.600	2479.800	           1737	   2476.440	   2476.636	   2474.042	   2486.677	
 05/14-14:53	2480.000	2480.200	2478.600	2479.800	           1598	   2476.606	   2476.737	   2474.077	   2486.534	
 05/14-14:54	2479.800	2481.000	2479.400	2480.600	           1704	   2476.815	   2476.850	   2474.155	   2486.398	
 05/14-14:55	2481.000	2486.400	2480.800	2485.200	           4016	   2477.167	   2477.047	   2474.277	   2486.280	
 05/14-14:56	2485.400	2485.600	2483.400	2483.400	           2608	   2477.413	   2477.203	   2474.405	   2486.142	
 05/14-14:57	2483.600	2484.400	2482.200	2483.800	           1679	   2477.706	   2477.344	   2474.570	   2486.001	
 05/14-14:58	2483.800	2484.200	2482.000	2483.000	           1581	   2477.940	   2477.503	   2474.732	   2485.854	
 05/14-14:59	2483.000	2485.000	2482.400	2485.000	           1364	   2478.154	   2477.710	   2474.900	   2485.713	
 05/14-15:00	2485.600	2486.200	2483.600	2486.200	           2099	   2478.394	   2477.933	   2475.083	   2485.575	
 05/14-15:01	2486.200	2487.400	2483.800	2483.800	           2409	   2478.546	   2478.103	   2475.210	   2485.433	
 05/14-15:02	2483.800	2484.400	2483.000	2483.800	           1053	   2478.740	   2478.247	   2475.337	   2485.287	
 05/14-15:03	2483.800	2484.400	2482.600	2484.200	           1107	   2478.921	   2478.383	   2475.460	   2485.154	
 05/14-15:04	2484.400	2485.000	2483.800	2483.800	            970	   2479.054	   2478.513	   2475.573	   2485.017	
 05/14-15:05	2484.000	2484.600	2483.200	2484.600	           1035	   2479.233	   2478.603	   2475.695	   2484.883	
 05/14-15:06	2484.600	2485.400	2484.200	2485.200	           1126	   2479.527	   2478.671	   2475.835	   2484.762	
 05/14-15:07	2485.400	2485.800	2484.400	2485.000	           1510	   2479.860	   2478.727	   2475.972	   2484.654	
 05/14-15:08	2485.000	2485.600	2484.600	2485.600	            995	   2480.240	   2478.823	   2476.110	   2484.524	
 05/14-15:09	2485.000	2486.000	2485.000	2485.800	           1371	   2480.646	   2478.953	   2476.265	   2484.379	
 05/14-15:10	2485.800	2486.200	2485.200	2485.400	           1348	   2481.012	   2479.067	   2476.403	   2484.237	
 05/14-15:11	2485.600	2486.000	2485.400	2486.000	            667	   2481.385	   2479.203	   2476.556	   2484.095	
 05/14-15:12	2485.600	2485.600	2484.200	2484.800	           1640	   2481.733	   2479.276	   2476.702	   2483.958	
 05/14-15:13	2485.000	2485.400	2484.600	2484.600	           1040	   2482.054	   2479.403	   2476.843	   2483.825	
 05/14-15:14	2484.600	2485.000	2484.000	2484.200	           1414	   2482.288	   2479.487	   2476.965	   2483.694	
 05/14-15:15	2484.000	2484.800	2483.800	2484.600	           2135	   2482.594	   2479.544	   2477.063	   2483.569	