 09/05-09:16	2349.000	2349.000	2346.000	2347.800	           5830	      1.000	   2346.667	   2345.254	   2345.756	   2345.627	           	      0.067	      0.079	     -0.021	      0.000	
 09/05-09:17	2347.200	2348.800	2347.200	2348.800	           2366	      2.000	   2346.725	   2345.346	   2345.773	   2345.625	           	      0.058	      0.092	      0.029	      0.000	
 09/05-09:18	2348.400	2348.800	2347.800	2348.600	           1748	      3.000	   2346.783	   2345.442	   2345.794	   2345.632	           	      0.058	      0.096	      0.037	      0.000	
 09/05-09:19	2348.800	2349.000	2348.200	2348.400	           1570	      4.000	   2346.850	   2345.546	   2345.800	   2345.638	           	      0.067	      0.104	      0.027	      0.000	
 09/05-09:20	2348.600	2348.800	2348.200	2348.600	            933	      5.000	   2346.908	   2345.654	   2345.802	   2345.640	           	      0.058	      0.108	      0.008	      0.000	
 09/05-09:21	2348.400	2348.600	2347.600	2347.800	           1207	      6.000	   2346.933	   2345.733	   2345.792	   2345.643	           	      0.025	      0.079	     -0.008	      0.000	
 09/05-09:22	2347.800	2348.000	2347.200	2347.400	           1164	      7.000	   2346.975	   2345.808	   2345.781	   2345.636	           	      0.042	      0.075	     -0.021	      0.000	
 09/05-09:23	2347.200	2347.400	2345.000	2345.000	           2576	      8.000	   2346.942	   2345.829	   2345.750	   2345.619	           	     -0.033	      0.021	     -0.042	      0.000	
 09/05-09:24	2344.800	2346.600	2344.800	2345.800	           1873	      9.000	   2346.900	   2345.871	   2345.735	   2345.602	           	     -0.042	      0.042	     -0.046	      0.000	
 09/05-09:25	2345.600	2346.000	2345.000	2345.200	           1722	     10.000	   2346.850	   2345.887	   2345.725	   2345.582	           	     -0.050	      0.017	     -0.025	      0.000	
 09/05-09:26	2345.200	2346.200	2345.000	2345.600	           1276	     11.000	   2346.800	   2345.908	   2345.715	   2345.564	           	     -0.050	      0.021	     -0.021	      0.000	
 09/05-09:27	2345.800	2346.400	2345.600	2345.600	           1058	     12.000	   2346.783	   2345.938	   2345.706	   2345.546	           	     -0.017	      0.029	     -0.019	      0.000	
 09/05-09:28	2345.600	2346.600	2345.600	2346.200	            940	     13.000	   2346.767	   2345.975	   2345.698	   2345.534	           	     -0.017	      0.038	     -0.017	      0.000	
 09/05-09:29	2346.600	2346.600	2345.400	2345.600	            986	     14.000	   2346.725	   2346.008	   2345.690	   2345.518	           	     -0.042	      0.033	     -0.017	      0.000	
 09/05-09:30	2345.600	2346.400	2345.200	2345.400	            954	     15.000	   2346.683	   2346.029	   2345.677	   2345.510	           	     -0.042	      0.021	     -0.021	      0.000	
 09/05-09:31	2345.400	2346.000	2343.400	2345.600	           2546	     16.000	   2346.608	   2346.042	   2345.663	   2345.505	           	     -0.075	      0.013	     -0.027	      0.000	
 09/05-09:32	2345.600	2345.800	2344.000	2344.400	           1646	     17.000	   2346.500	   2346.038	   2345.650	   2345.496	           	     -0.108	     -0.004	     -0.027	      0.000	
 09/05-09:33	2344.400	2345.200	2343.000	2344.800	           2824	     18.000	   2346.400	   2346.050	   2345.637	   2345.492	           	     -0.100	      0.012	     -0.025	      0.000	
 09/05-09:34	2344.800	2345.800	2344.400	2345.600	           1558	     19.000	   2346.350	   2346.083	   2345.625	   2345.485	           	     -0.050	      0.033	     -0.025	      0.000	
 09/05-09:35	2345.600	2346.000	2344.800	2346.000	           1420	     20.000	   2346.300	   2346.117	   2345.619	   2345.479	           	     -0.050	      0.033	     -0.019	      0.000	
 09/05-09:36	2346.000	2347.000	2345.800	2346.000	           2831	     21.000	   2346.242	   2346.137	   2345.610	   2345.467	           	     -0.058	      0.021	     -0.015	      0.000	
 09/05-09:37	2346.000	2346.600	2345.400	2345.400	           1226	     22.000	   2346.167	   2346.192	   2345.596	   2345.454	           	     -0.075	      0.054	     -0.023	      0.000	
 09/05-09:38	2345.400	2345.600	2342.800	2342.800	           3058	     23.000	   2346.008	   2346.183	   2345.552	   2345.434	           	     -0.158	     -0.008	     -0.058	      0.000	
 09/05-09:39	2342.800	2343.600	2341.600	2342.400	           4150	     24.000	   2345.850	   2346.179	   2345.496	   2345.416	           	     -0.158	     -0.004	     -0.100	      0.000	
 09/05-09:40	2342.200	2343.000	2341.200	2342.000	           3234	     25.000	   2345.700	   2346.154	   2345.442	   2345.400	           	     -0.150	     -0.025	     -0.110	      0.000	
 09/05-09:41	2342.200	2343.200	2341.400	2342.600	           2156	     26.000	   2345.558	   2346.133	   2345.387	   2345.389	           	     -0.142	     -0.021	     -0.108	      0.000	
 09/05-09:42	2342.400	2343.000	2341.200	2341.400	           1607	     27.000	   2345.400	   2346.087	   2345.317	   2345.372	           	     -0.158	     -0.046	     -0.125	      0.000	
 09/05-09:43	2341.400	2342.600	2340.800	2341.400	           2452	     28.000	   2345.275	   2346.029	   2345.244	   2345.354	           	     -0.125	     -0.058	     -0.144	      0.000	
 09/05-09:44	2341.400	2342.800	2341.200	2342.200	           1627	     29.000	   2345.233	   2345.979	   2345.165	   2345.340	           	     -0.042	     -0.050	     -0.152	      0.000	
 09/05-09:45	2342.000	2343.200	2341.800	2342.400	           2330	     30.000	   2345.233	   2345.917	   2345.106	   2345.325	           	      0.000	     -0.063	     -0.137	      0.000	
 09/05-09:46	2342.400	2343.000	2341.600	2342.400	           1820	     31.000	   2345.042	   2345.854	   2345.052	   2345.309	           	     -0.192	     -0.063	     -0.113	      0.000	
 09/05-09:47	2342.200	2342.800	2342.000	2342.200	            896	     32.000	   2344.825	   2345.775	   2345.000	   2345.296	           	     -0.217	     -0.079	     -0.106	      0.000	
 09/05-09:48	2342.200	2342.400	2341.000	2341.400	           2092	     33.000	   2344.592	   2345.688	   2344.944	   2345.280	           	     -0.233	     -0.087	     -0.108	      0.000	
 09/05-09:49	2341.600	2342.400	2341.200	2342.000	           1416	     34.000	   2344.375	   2345.613	   2344.892	   2345.260	           	     -0.217	     -0.075	     -0.108	      0.000	
 09/05-09:50	2342.000	2343.800	2341.800	2343.000	           2402	     35.000	   2344.192	   2345.550	   2344.865	   2345.241	           	     -0.183	     -0.063	     -0.079	      0.000	
 09/05-09:51	2343.000	2344.600	2342.800	2344.000	           2312	     36.000	   2344.067	   2345.500	   2344.842	   2345.224	           	     -0.125	     -0.050	     -0.050	      0.000	
 09/05-09:52	2344.000	2345.000	2343.600	2344.800	           2968	     37.000	   2343.975	   2345.475	   2344.835	   2345.210	           	     -0.092	     -0.025	     -0.029	      0.000	
 09/05-09:53	2344.600	2345.600	2344.000	2345.400	           2488	     38.000	   2343.983	   2345.462	   2344.831	   2345.199	           	      0.008	     -0.013	     -0.010	      0.000	
 09/05-09:54	2345.200	2345.400	2344.000	2344.000	           1705	     39.000	   2343.925	   2345.413	   2344.819	   2345.184	           	     -0.058	     -0.050	     -0.017	      0.000	
 09/05-09:55	2344.200	2344.400	2343.800	2344.000	           1404	     40.000	   2343.883	   2345.367	   2344.808	   2345.176	           	     -0.042	     -0.046	     -0.023	      0.000	
 09/05-09:56	2344.000	2344.200	2341.400	2341.600	           3981	     41.000	   2343.758	   2345.279	   2344.779	   2345.163	           	     -0.125	     -0.088	     -0.040	      0.000	
 09/05-09:57	2341.400	2342.000	2341.400	2341.600	           2505	     42.000	   2343.617	   2345.200	   2344.754	   2345.145	           	     -0.142	     -0.079	     -0.054	      0.000	
 09/05-09:58	2341.800	2342.400	2339.200	2339.200	           5082	     43.000	   2343.383	   2345.075	   2344.712	   2345.115	           	     -0.233	     -0.125	     -0.067	      0.000	
 09/05-09:59	2339.400	2339.800	2336.600	2338.200	           7370	     44.000	   2343.142	   2344.933	   2344.658	   2345.087	           	     -0.242	     -0.142	     -0.096	      0.000	
 09/05-10:00	2338.400	2339.200	2334.400	2335.200	           7754	     45.000	   2342.800	   2344.742	   2344.587	   2345.053	           	     -0.342	     -0.192	     -0.125	      0.000	
 09/05-10:01	2335.200	2338.200	2335.200	2337.800	           3407	     46.000	   2342.542	   2344.575	   2344.540	   2345.028	           	     -0.258	     -0.167	     -0.119	      0.000	
 09/05-10:02	2337.600	2338.000	2337.000	2337.200	           1627	     47.000	   2342.300	   2344.400	   2344.492	   2345.001	           	     -0.242	     -0.175	     -0.096	      0.000	
 09/05-10:03	2337.200	2337.800	2336.400	2336.400	           1988	     48.000	   2342.017	   2344.208	   2344.435	   2344.966	           	     -0.283	     -0.192	     -0.104	      0.000	
 09/05-10:04	2336.600	2337.400	2336.000	2336.400	           1637	     49.000	   2341.717	   2344.033	   2344.377	   2344.931	           	     -0.300	     -0.175	     -0.115	      0.000	
 09/05-10:05	2336.600	2337.600	2336.400	2336.800	           1582	     50.000	   2341.408	   2343.854	   2344.317	   2344.900	           	     -0.308	     -0.179	     -0.119	      0.000	
 09/05-10:06	2336.800	2338.200	2335.600	2337.600	           2660	     51.000	   2341.125	   2343.683	   2344.260	   2344.874	           	     -0.283	     -0.171	     -0.117	      0.000	
 09/05-10:07	2337.600	2338.200	2336.000	2337.400	           1704	     52.000	   2340.858	   2343.512	   2344.204	   2344.849	           	     -0.267	     -0.171	     -0.113	      0.000	
 09/05-10:08	2337.400	2338.600	2337.200	2337.200	           1901	     53.000	   2340.675	   2343.342	   2344.148	   2344.816	           	     -0.183	     -0.171	     -0.113	      0.000	
 09/05-10:09	2337.200	2340.200	2336.800	2339.200	           3528	     54.000	   2340.567	   2343.208	   2344.110	   2344.792	           	     -0.108	     -0.133	     -0.094	      0.000	
 09/05-10:10	2339.000	2339.200	2338.400	2338.800	           1478	     55.000	   2340.458	   2343.079	   2344.073	   2344.763	           	     -0.108	     -0.129	     -0.075	      0.000	
 09/05-10:11	2338.600	2339.400	2338.200	2338.800	           1455	     56.000	   2340.333	   2342.946	   2344.029	   2344.742	           	     -0.125	     -0.133	     -0.081	      0.000	
 09/05-10:12	2339.000	2339.400	2338.000	2338.800	           1473	     57.000	   2340.242	   2342.821	   2343.990	   2344.717	           	     -0.092	     -0.125	     -0.083	      0.000	
 09/05-10:13	2338.600	2338.600	2337.600	2338.200	           1578	     58.000	   2340.142	   2342.708	   2343.944	   2344.694	           	     -0.100	     -0.113	     -0.085	      0.000	
 09/05-10:14	2338.000	2338.600	2337.600	2338.400	            908	     59.000	   2340.017	   2342.625	   2343.910	   2344.672	           	     -0.125	     -0.083	     -0.079	      0.000	
 09/05-10:15	2338.400	2341.000	2338.400	2340.200	           3530	     60.000	   2339.933	   2342.583	   2343.879	   2344.656	           	     -0.083	     -0.042	     -0.065	      0.000	
 09/05-10:16	2340.200	2340.200	2339.000	2339.200	           1889	     61.000	   2339.833	   2342.438	   2343.846	   2344.639	           	     -0.100	     -0.146	     -0.064	      0.000	
 09/05-10:17	2339.200	2339.400	2338.000	2338.600	           1473	     62.000	   2339.717	   2342.271	   2343.808	   2344.612	           	     -0.117	     -0.167	     -0.071	      0.000	
 09/05-10:18	2338.400	2338.800	2337.200	2338.800	           2273	     63.000	   2339.625	   2342.108	   2343.775	   2344.587	           	     -0.092	     -0.162	     -0.071	      0.000	
 09/05-10:19	2339.000	2339.000	2337.200	2337.600	           1355	     64.000	   2339.475	   2341.925	   2343.735	   2344.559	           	     -0.150	     -0.183	     -0.073	      0.000	
 09/05-10:20	2337.400	2338.600	2337.200	2338.400	           1074	     65.000	   2339.325	   2341.758	   2343.706	   2344.531	           	     -0.150	     -0.167	     -0.069	      0.000	
 09/05-10:21	2338.600	2339.200	2338.400	2339.200	           1391	     66.000	   2339.167	   2341.617	   2343.675	   2344.503	           	     -0.158	     -0.142	     -0.060	      0.000	
 09/05-10:22	2339.200	2339.400	2337.600	2338.000	           1321	     67.000	   2338.942	   2341.458	   2343.633	   2344.471	           	     -0.225	     -0.158	     -0.073	      0.000	
 09/05-10:23	2338.200	2338.200	2337.000	2337.800	           2322	     68.000	   2338.692	   2341.337	   2343.583	   2344.438	           	     -0.250	     -0.121	     -0.092	      0.000	
 09/05-10:24	2337.600	2339.000	2337.400	2338.800	           1129	     69.000	   2338.517	   2341.221	   2343.546	   2344.410	           	     -0.175	     -0.116	     -0.087	      0.000	
 09/05-10:25	2338.800	2339.000	2336.600	2337.600	           1695	     70.000	   2338.300	   2341.092	   2343.490	   2344.380	           	     -0.217	     -0.129	     -0.094	      0.000	
 09/05-10:26	2337.800	2338.000	2336.600	2337.200	           1549	     71.000	   2338.150	   2340.954	   2343.431	   2344.349	           	     -0.150	     -0.137	     -0.115	      0.000	
 09/05-10:27	2337.400	2337.400	2335.800	2336.800	           2103	     72.000	   2337.992	   2340.804	   2343.371	   2344.319	           	     -0.158	     -0.150	     -0.119	      0.000	
 09/05-10:28	2337.000	2338.200	2336.800	2337.800	           1550	     73.000	   2337.950	   2340.667	   2343.321	   2344.295	           	     -0.042	     -0.137	     -0.110	      0.000	
 09/05-10:29	2338.000	2339.200	2337.600	2338.800	           2265	     74.000	   2337.967	   2340.554	   2343.281	   2344.275	           	      0.017	     -0.113	     -0.090	      0.000	
 09/05-10:30	2338.800	2339.600	2338.400	2338.800	           2062	     75.000	   2338.083	   2340.442	   2343.235	   2344.258	           	      0.117	     -0.113	     -0.085	      0.000	
 09/05-10:31	2338.600	2340.800	2338.000	2340.000	           2676	     76.000	   2338.158	   2340.350	   2343.196	   2344.241	           	      0.075	     -0.092	     -0.085	      0.000	
 09/05-10:32	2339.800	2340.000	2339.000	2339.000	           1582	     77.000	   2338.217	   2340.258	   2343.148	   2344.218	           	      0.058	     -0.092	     -0.087	      0.000	
 09/05-10:33	2338.800	2338.800	2337.600	2338.400	           2099	     78.000	   2338.292	   2340.154	   2343.102	   2344.194	           	      0.075	     -0.104	     -0.094	      0.000	
 09/05-10:34	2338.600	2339.400	2337.400	2339.200	           1512	     79.000	   2338.375	   2340.046	   2343.065	   2344.170	           	      0.083	     -0.108	     -0.083	      0.000	
 09/05-10:35	2339.200	2339.400	2338.200	2339.200	           1421	     80.000	   2338.458	   2339.933	   2343.025	   2344.146	           	      0.083	     -0.113	     -0.077	      0.000	
 09/05-10:36	2339.400	2339.600	2338.400	2339.400	           1050	     81.000	   2338.525	   2339.825	   2342.981	   2344.127	           	      0.067	     -0.108	     -0.083	      0.000	
 09/05-10:37	2339.200	2340.800	2339.200	2340.200	           2562	     82.000	   2338.617	   2339.738	   2342.965	   2344.110	           	      0.092	     -0.087	     -0.060	      0.000	
 09/05-10:38	2340.600	2340.800	2339.800	2340.800	           1879	     83.000	   2338.733	   2339.704	   2342.944	   2344.099	           	      0.117	     -0.033	     -0.037	      0.000	
 09/05-10:39	2340.800	2341.400	2339.800	2340.200	           2909	     84.000	   2338.767	   2339.667	   2342.923	   2344.084	           	      0.033	     -0.037	     -0.042	      0.000	
 09/05-10:40	2340.200	2340.400	2338.800	2339.400	           1815	     85.000	   2338.783	   2339.621	   2342.887	   2344.070	           	      0.017	     -0.046	     -0.056	      0.000	
 09/05-10:41	2339.600	2339.800	2338.000	2338.000	           2302	     86.000	   2338.758	   2339.546	   2342.840	   2344.052	           	     -0.025	     -0.075	     -0.083	      0.000	
 09/05-10:42	2338.400	2338.600	2337.400	2337.600	           1829	     87.000	   2338.725	   2339.483	   2342.785	   2344.031	           	     -0.033	     -0.063	     -0.102	      0.000	
 09/05-10:43	2337.600	2338.400	2337.400	2338.000	           1258	     88.000	   2338.717	   2339.429	   2342.729	   2344.017	           	     -0.009	     -0.054	     -0.110	      0.000	
 09/05-10:44	2338.200	2338.200	2335.600	2336.000	           3791	     89.000	   2338.633	   2339.325	   2342.652	   2343.999	           	     -0.083	     -0.104	     -0.133	      0.000	
 09/05-10:45	2336.200	2336.600	2331.400	2333.000	           9111	     90.000	   2338.400	   2339.167	   2342.542	   2343.963	           	     -0.233	     -0.158	     -0.188	      0.000	
 09/05-10:46	2333.000	2334.400	2332.600	2333.400	           3648	     91.000	   2338.200	   2339.017	   2342.435	   2343.930	           	     -0.200	     -0.150	     -0.217	      0.000	
 09/05-10:47	2333.800	2335.000	2333.400	2333.800	           2073	     92.000	   2338.033	   2338.875	   2342.325	   2343.898	           	     -0.167	     -0.142	     -0.217	      0.000	
 09/05-10:48	2333.800	2334.800	2333.600	2334.800	           1233	     93.000	   2337.908	   2338.767	   2342.227	   2343.872	           	     -0.125	     -0.108	     -0.208	      0.000	
 09/05-10:49	2334.600	2335.000	2334.000	2335.000	           1779	     94.000	   2337.825	   2338.650	   2342.131	   2343.843	           	     -0.083	     -0.117	     -0.194	      0.000	
 09/05-10:50	2335.000	2335.000	2334.200	2334.800	           1275	     95.000	   2337.700	   2338.512	   2342.031	   2343.809	           	     -0.125	     -0.137	     -0.196	      0.000	
 09/05-10:51	2335.000	2336.000	2334.600	2335.800	           2984	     96.000	   2337.583	   2338.375	   2341.938	   2343.776	           	     -0.117	     -0.137	     -0.194	      0.000	
 09/05-10:52	2335.600	2335.800	2334.600	2335.600	           1538	     97.000	   2337.500	   2338.221	   2341.848	   2343.741	           	     -0.083	     -0.154	     -0.183	      0.000	
 09/05-10:53	2335.400	2337.000	2335.200	2336.400	           2589	     98.000	   2337.458	   2338.075	   2341.769	   2343.708	           	     -0.042	     -0.146	     -0.169	      0.000	
 09/05-10:54	2336.400	2337.400	2335.800	2337.200	           2314	     99.000	   2337.408	   2337.962	   2341.688	   2343.676	           	     -0.050	     -0.113	     -0.160	      0.000	
 09/05-10:55	2337.400	2339.000	2337.000	2338.600	           4488	    100.000	   2337.442	   2337.871	   2341.619	   2343.650	           	      0.033	     -0.092	     -0.150	      0.000	
 09/05-10:56	2338.600	2339.400	2338.000	2338.400	           2616	    101.000	   2337.483	   2337.817	   2341.548	   2343.624	           	      0.042	     -0.054	     -0.140	      0.000	
 09/05-10:57	2338.400	2338.800	2337.400	2338.000	           1863	    102.000	   2337.525	   2337.758	   2341.479	   2343.597	           	      0.042	     -0.058	     -0.139	      0.000	
 09/05-10:58	2338.200	2338.400	2337.000	2338.000	           1542	    103.000	   2337.525	   2337.738	   2341.406	   2343.571	           	      0.000	     -0.021	     -0.142	      0.000	
 09/05-10:59	2337.800	2338.200	2337.200	2338.000	           1089	    104.000	   2337.500	   2337.733	   2341.333	   2343.545	           	     -0.025	     -0.004	     -0.146	      0.000	
 09/05-11:00	2337.800	2339.000	2337.600	2338.400	           1765	    105.000	   2337.483	   2337.783	   2341.262	   2343.518	           	     -0.017	      0.050	     -0.144	      0.000	
 09/05-11:01	2338.400	2338.400	2336.600	2337.400	           2092	    106.000	   2337.400	   2337.779	   2341.177	   2343.489	           	     -0.083	     -0.004	     -0.156	      0.000	
 09/05-11:02	2337.600	2338.800	2337.200	2338.800	           1531	    107.000	   2337.392	   2337.804	   2341.102	   2343.462	           	     -0.008	      0.025	     -0.160	      0.000	
 09/05-11:03	2338.600	2339.000	2337.000	2337.000	           1352	    108.000	   2337.342	   2337.817	   2341.012	   2343.434	           	     -0.050	      0.012	     -0.165	      0.000	
 09/05-11:04	2337.200	2338.000	2335.800	2337.800	           2157	    109.000	   2337.300	   2337.837	   2340.935	   2343.402	           	     -0.042	      0.021	     -0.167	      0.000	
 09/05-11:05	2337.600	2337.800	2336.000	2336.600	           1558	    110.000	   2337.217	   2337.837	   2340.846	   2343.371	           	     -0.083	      0.000	     -0.167	      0.000	
 09/05-11:06	2336.800	2337.400	2335.800	2337.400	           1347	    111.000	   2337.142	   2337.833	   2340.758	   2343.344	           	     -0.075	     -0.004	     -0.177	      0.000	
 09/05-11:07	2337.200	2338.000	2337.000	2338.000	           1478	    112.000	   2337.067	   2337.842	   2340.677	   2343.326	           	     -0.075	      0.008	     -0.169	      0.000	
 09/05-11:08	2338.200	2338.600	2336.800	2337.800	           1656	    113.000	   2336.975	   2337.854	   2340.598	   2343.304	           	     -0.092	      0.013	     -0.160	      0.000	
 09/05-11:09	2337.800	2339.000	2337.200	2338.400	           1362	    114.000	   2336.908	   2337.837	   2340.523	   2343.280	           	     -0.067	     -0.017	     -0.154	      0.000	
 09/05-11:10	2338.400	2339.800	2337.600	2339.000	           3124	    115.000	   2336.900	   2337.842	   2340.460	   2343.257	           	     -0.009	      0.004	     -0.137	      0.000	
 09/05-11:11	2339.000	2341.000	2338.600	2341.000	           3869	    116.000	   2337.000	   2337.879	   2340.413	   2343.239	           	      0.100	      0.038	     -0.110	      0.000	
 09/05-11:12	2340.800	2342.800	2340.800	2341.600	           6138	    117.000	   2337.133	   2337.929	   2340.375	   2343.224	           	      0.133	      0.050	     -0.085	      0.000	
 09/05-11:13	2341.600	2342.200	2340.600	2342.000	           2843	    118.000	   2337.267	   2337.992	   2340.350	   2343.208	           	      0.133	      0.063	     -0.063	      0.000	
 09/05-11:14	2342.200	2342.200	2341.200	2341.600	           1540	    119.000	   2337.450	   2338.042	   2340.333	   2343.191	           	      0.183	      0.050	     -0.042	      0.000	
 09/05-11:15	2341.600	2342.600	2340.800	2342.600	           2414	    120.000	   2337.767	   2338.083	   2340.333	   2343.181	           	      0.317	      0.042	     -0.017	      0.000	
 09/05-11:16	2342.600	2342.600	2340.800	2341.200	           1750	    121.000	   2338.033	   2338.117	   2340.277	   2343.166	           	      0.267	      0.033	     -0.056	      0.000	
 09/05-11:17	2341.000	2341.800	2340.800	2341.600	           1338	    122.000	   2338.300	   2338.167	   2340.219	   2343.150	           	      0.267	      0.050	     -0.115	      0.000	
 09/05-11:18	2341.600	2341.800	2341.000	2341.600	           1103	    123.000	   2338.517	   2338.212	   2340.160	   2343.130	           	      0.217	      0.046	     -0.117	      0.000	
 09/05-11:19	2341.600	2344.600	2340.400	2343.600	           4924	    124.000	   2338.800	   2338.313	   2340.119	   2343.116	           	      0.283	      0.100	     -0.100	      0.000	
 09/05-11:20	2343.600	2344.800	2343.400	2344.400	           3383	    125.000	   2339.125	   2338.413	   2340.085	   2343.105	           	      0.325	      0.100	     -0.075	      0.000	
 09/05-11:21	2344.200	2344.200	2343.400	2344.200	           2168	    126.000	   2339.408	   2338.496	   2340.056	   2343.095	           	      0.283	      0.083	     -0.063	      0.000	
 09/05-11:22	2343.800	2345.200	2343.800	2345.200	           2906	    127.000	   2339.733	   2338.617	   2340.038	   2343.085	           	      0.325	      0.121	     -0.048	      0.000	
 09/05-11:23	2345.000	2345.000	2343.600	2344.200	           2086	    128.000	   2339.983	   2338.721	   2340.029	   2343.073	           	      0.250	      0.104	     -0.027	      0.000	
 09/05-11:24	2344.000	2344.400	2343.200	2343.600	           1614	    129.000	   2340.200	   2338.804	   2340.012	   2343.062	           	      0.217	      0.083	     -0.025	      0.000	
 09/05-11:25	2343.600	2343.800	2342.600	2342.800	           2317	    130.000	   2340.342	   2338.892	   2339.992	   2343.047	           	      0.142	      0.087	     -0.037	      0.000	
 09/05-11:26	2343.200	2343.200	2341.800	2342.200	           2095	    131.000	   2340.467	   2338.975	   2339.965	   2343.030	           	      0.125	      0.083	     -0.048	      0.000	
 09/05-11:27	2342.400	2342.400	2341.200	2342.000	           2105	    132.000	   2340.600	   2339.063	   2339.933	   2343.011	           	      0.134	      0.087	     -0.058	      0.000	
 09/05-11:28	2341.800	2342.800	2341.400	2341.800	           1464	    133.000	   2340.725	   2339.125	   2339.896	   2342.994	           	      0.125	      0.063	     -0.069	      0.000	
 09/05-11:29	2341.800	2342.600	2341.000	2342.400	           1837	    134.000	   2340.875	   2339.188	   2339.871	   2342.973	           	      0.150	      0.063	     -0.063	      0.000	
 09/05-11:30	2342.400	2342.400	2340.800	2341.600	           1813	    135.000	   2340.983	   2339.233	   2339.837	   2342.946	           	      0.108	      0.046	     -0.058	      0.000	
 09/05-13:01	2341.600	2342.000	2338.200	2338.200	           4016	    136.000	   2341.008	   2339.204	   2339.777	   2342.903	           	      0.025	     -0.029	     -0.094	      0.000	
 09/05-13:02	2338.000	2339.200	2338.000	2338.600	           2340	    137.000	   2341.000	   2339.196	   2339.727	   2342.862	           	     -0.008	     -0.008	     -0.110	      0.000	
 09/05-13:03	2338.800	2339.200	2338.000	2338.200	           1419	    138.000	   2341.042	   2339.192	   2339.673	   2342.820	           	      0.042	     -0.004	     -0.104	      0.000	
 09/05-13:04	2338.000	2338.800	2338.000	2338.600	           1455	    139.000	   2341.067	   2339.183	   2339.615	   2342.784	           	      0.025	     -0.008	     -0.113	      0.000	
 09/05-13:05	2338.400	2338.800	2336.800	2336.800	           2409	    140.000	   2341.075	   2339.146	   2339.540	   2342.746	           	      0.008	     -0.038	     -0.133	      0.000	
 09/05-13:06	2336.800	2338.000	2336.800	2337.600	           1713	    141.000	   2341.083	   2339.113	   2339.469	   2342.709	           	      0.008	     -0.033	     -0.146	      0.000	
 09/05-13:07	2337.400	2337.800	2336.400	2337.200	           1670	    142.000	   2341.058	   2339.063	   2339.400	   2342.671	           	     -0.025	     -0.050	     -0.140	      0.000	
 09/05-13:08	2337.200	2338.000	2337.200	2337.200	           1473	    143.000	   2341.033	   2339.004	   2339.354	   2342.631	           	     -0.025	     -0.058	     -0.115	      0.000	
 09/05-13:09	2337.000	2337.600	2336.400	2337.400	           1811	    144.000	   2341.000	   2338.954	   2339.310	   2342.594	           	     -0.033	     -0.050	     -0.090	      0.000	
 09/05-13:10	2337.400	2337.800	2337.000	2337.000	           1452	    145.000	   2340.933	   2338.917	   2339.269	   2342.554	           	     -0.067	     -0.037	     -0.085	      0.000	
 09/05-13:11	2337.200	2337.600	2336.400	2336.800	           1166	    146.000	   2340.792	   2338.896	   2339.221	   2342.512	           	     -0.142	     -0.021	     -0.089	      0.000	
 09/05-13:12	2336.600	2337.000	2335.400	2336.200	           3082	    147.000	   2340.608	   2338.871	   2339.177	   2342.473	           	     -0.183	     -0.025	     -0.092	      0.000	
 09/05-13:13	2336.400	2336.800	2335.800	2336.200	           1343	    148.000	   2340.417	   2338.842	   2339.135	   2342.433	           	     -0.192	     -0.029	     -0.085	      0.000	
 09/05-13:14	2336.200	2337.400	2336.000	2337.200	           1836	    149.000	   2340.275	   2338.863	   2339.094	   2342.394	           	     -0.142	      0.021	     -0.083	      0.000	
 09/05-13:15	2337.200	2337.600	2336.800	2337.400	           1121	    150.000	   2340.100	   2338.933	   2339.050	   2342.356	           	     -0.175	      0.071	     -0.085	      0.000	
 09/05-13:16	2337.600	2337.800	2336.600	2336.600	           1380	    151.000	   2339.950	   2338.992	   2339.004	   2342.315	           	     -0.150	      0.058	     -0.090	      0.000	
 09/05-13:17	2336.800	2336.800	2336.000	2336.400	           1143	    152.000	   2339.767	   2339.033	   2338.954	   2342.271	           	     -0.183	      0.042	     -0.096	      0.000	
 09/05-13:18	2336.400	2337.000	2335.400	2335.600	           2189	    153.000	   2339.575	   2339.046	   2338.906	   2342.222	           	     -0.192	      0.012	     -0.098	      0.000	
 09/05-13:19	2335.600	2336.000	2334.400	2335.000	           3416	    154.000	   2339.292	   2339.046	   2338.848	   2342.165	           	     -0.283	      0.000	     -0.106	      0.000	
 09/05-13:20	2335.000	2335.400	2334.400	2334.400	           2060	    155.000	   2338.950	   2339.038	   2338.775	   2342.108	           	     -0.342	     -0.008	     -0.131	      0.000	
 09/05-13:21	2334.600	2336.400	2334.400	2335.200	           2284	    156.000	   2338.650	   2339.029	   2338.702	   2342.053	           	     -0.300	     -0.009	     -0.146	      0.000	
 09/05-13:22	2335.200	2336.200	2335.200	2335.800	           1260	    157.000	   2338.333	   2339.033	   2338.627	   2341.996	           	     -0.317	      0.004	     -0.148	      0.000	
 09/05-13:23	2335.600	2336.400	2335.000	2335.400	           1425	    158.000	   2338.050	   2339.017	   2338.546	   2341.938	           	     -0.283	     -0.017	     -0.156	      0.000	
 09/05-13:24	2335.600	2336.200	2335.200	2336.000	           1505	    159.000	   2337.792	   2338.996	   2338.479	   2341.875	           	     -0.258	     -0.021	     -0.148	      0.000	
 09/05-13:25	2335.800	2336.000	2334.800	2335.200	           1617	    160.000	   2337.542	   2338.942	   2338.406	   2341.818	           	     -0.250	     -0.054	     -0.140	      0.000	
 09/05-13:26	2335.000	2336.000	2334.800	2335.800	           1201	    161.000	   2337.325	   2338.896	   2338.356	   2341.766	           	     -0.217	     -0.046	     -0.123	      0.000	
 09/05-13:27	2335.800	2336.400	2335.800	2336.200	           1299	    162.000	   2337.133	   2338.867	   2338.313	   2341.717	           	     -0.192	     -0.029	     -0.094	      0.000	
 09/05-13:28	2336.200	2336.400	2335.400	2335.600	           1012	    163.000	   2336.925	   2338.825	   2338.281	   2341.666	           	     -0.208	     -0.042	     -0.075	      0.000	
 09/05-13:29	2335.600	2335.600	2334.800	2335.000	           1419	    164.000	   2336.675	   2338.775	   2338.254	   2341.613	           	     -0.250	     -0.050	     -0.058	      0.000	
 09/05-13:30	2335.000	2335.200	2334.000	2335.000	           2697	    165.000	   2336.458	   2338.721	   2338.252	   2341.568	           	     -0.217	     -0.054	     -0.029	      0.000	
 09/05-13:31	2335.200	2336.600	2335.200	2336.400	           2106	    166.000	   2336.400	   2338.704	   2338.242	   2341.527	           	     -0.058	     -0.017	     -0.012	      0.000	
 09/05-13:32	2336.400	2337.000	2336.000	2337.000	           2053	    167.000	   2336.350	   2338.675	   2338.240	   2341.493	           	     -0.050	     -0.029	     -0.013	      0.000	
 09/05-13:33	2337.000	2337.000	2336.000	2336.800	           1249	    168.000	   2336.300	   2338.671	   2338.244	   2341.457	           	     -0.050	     -0.004	      0.002	      0.000	
 09/05-13:34	2336.600	2336.600	2333.600	2333.800	           2557	    169.000	   2336.142	   2338.604	   2338.221	   2341.410	           	     -0.158	     -0.067	     -0.019	      0.000	
 09/05-13:35	2333.600	2334.600	2333.600	2334.000	           2087	    170.000	   2336.042	   2338.558	   2338.198	   2341.365	           	     -0.100	     -0.046	     -0.046	      0.000	
 09/05-13:36	2334.000	2334.200	2332.600	2333.600	           3283	    171.000	   2335.917	   2338.500	   2338.167	   2341.319	           	     -0.125	     -0.058	     -0.054	      0.000	
 09/05-13:37	2333.200	2333.800	2333.000	2333.000	           1506	    172.000	   2335.775	   2338.417	   2338.129	   2341.273	           	     -0.142	     -0.083	     -0.069	      0.000	
 09/05-13:38	2332.600	2332.800	2330.200	2331.400	           5897	    173.000	   2335.575	   2338.304	   2338.079	   2341.221	           	     -0.200	     -0.113	     -0.088	      0.000	
 09/05-13:39	2331.400	2331.600	2329.600	2330.000	           4796	    174.000	   2335.333	   2338.167	   2338.002	   2341.162	           	     -0.242	     -0.137	     -0.127	      0.000	
 09/05-13:40	2330.000	2332.600	2330.000	2332.400	           3035	    175.000	   2335.183	   2338.058	   2337.950	   2341.117	           	     -0.150	     -0.108	     -0.129	      0.000	
 09/05-13:41	2332.800	2333.200	2332.000	2332.400	           1777	    176.000	   2335.033	   2337.913	   2337.896	   2341.072	           	     -0.150	     -0.146	     -0.106	      0.000	
 09/05-13:42	2332.800	2333.400	2332.400	2333.000	           1810	    177.000	   2334.925	   2337.767	   2337.848	   2341.032	           	     -0.108	     -0.146	     -0.102	      0.000	
 09/05-13:43	2333.200	2334.200	2333.000	2334.000	           2528	    178.000	   2334.850	   2337.633	   2337.813	   2340.996	           	     -0.075	     -0.133	     -0.083	      0.000	
 09/05-13:44	2334.000	2334.600	2333.800	2334.200	           1977	    179.000	   2334.750	   2337.512	   2337.777	   2340.959	           	     -0.100	     -0.121	     -0.071	      0.000	
 09/05-13:45	2334.200	2335.800	2334.200	2335.800	           3471	    180.000	   2334.700	   2337.400	   2337.742	   2340.926	           	     -0.050	     -0.113	     -0.071	      0.000	
 09/05-13:46	2335.800	2336.600	2335.400	2336.000	           3209	    181.000	   2334.675	   2337.313	   2337.715	   2340.893	           	     -0.025	     -0.087	     -0.063	      0.000	
 09/05-13:47	2336.200	2337.600	2336.200	2336.800	           4167	    182.000	   2334.700	   2337.233	   2337.700	   2340.864	           	      0.025	     -0.079	     -0.042	      0.000	
 09/05-13:48	2336.800	2337.400	2336.200	2337.000	           2877	    183.000	   2334.742	   2337.158	   2337.685	   2340.836	           	      0.042	     -0.075	     -0.029	      0.000	
 09/05-13:49	2337.200	2337.200	2336.600	2337.200	           1759	    184.000	   2334.808	   2337.050	   2337.681	   2340.809	           	      0.067	     -0.108	     -0.019	      0.000	
 09/05-13:50	2337.000	2337.400	2336.600	2337.000	           1640	    185.000	   2334.900	   2336.925	   2337.669	   2340.784	           	      0.092	     -0.125	     -0.017	      0.000	
 09/05-13:51	2337.200	2337.200	2336.200	2336.800	           1977	    186.000	   2334.958	   2336.804	   2337.650	   2340.756	           	      0.058	     -0.121	     -0.031	      0.000	
 09/05-13:52	2336.600	2337.000	2335.800	2336.600	           1838	    187.000	   2334.983	   2336.658	   2337.637	   2340.728	           	      0.025	     -0.146	     -0.031	      0.000	
 09/05-13:53	2336.600	2338.000	2336.200	2337.600	           2512	    188.000	   2335.050	   2336.550	   2337.635	   2340.703	           	      0.067	     -0.108	     -0.014	      0.000	
 09/05-13:54	2338.000	2338.400	2337.000	2338.200	           2675	    189.000	   2335.125	   2336.458	   2337.631	   2340.686	           	      0.075	     -0.092	     -0.006	      0.000	
 09/05-13:55	2338.200	2338.200	2337.200	2337.600	           1417	    190.000	   2335.208	   2336.375	   2337.633	   2340.662	           	      0.083	     -0.083	     -0.002	      0.000	
 09/05-13:56	2337.600	2337.600	2336.600	2336.800	           1400	    191.000	   2335.242	   2336.283	   2337.629	   2340.636	           	      0.033	     -0.092	     -0.002	      0.000	
 09/05-13:57	2336.800	2338.800	2336.400	2338.800	           1971	    192.000	   2335.325	   2336.229	   2337.646	   2340.618	           	      0.083	     -0.054	      0.012	      0.000	
 09/05-13:58	2338.400	2338.400	2336.800	2337.600	           1696	    193.000	   2335.392	   2336.158	   2337.642	   2340.597	           	      0.067	     -0.071	      0.012	      0.000	
 09/05-13:59	2337.800	2338.000	2336.200	2336.400	           1525	    194.000	   2335.442	   2336.058	   2337.623	   2340.574	           	      0.050	     -0.100	     -0.023	      0.000	
 09/05-14:00	2336.400	2337.200	2336.000	2337.200	           1820	    195.000	   2335.517	   2335.988	   2337.610	   2340.555	           	      0.075	     -0.071	     -0.031	      0.000	
 09/05-14:01	2337.200	2337.400	2336.000	2337.000	           1980	    196.000	   2335.533	   2335.967	   2337.585	   2340.531	           	      0.017	     -0.021	     -0.037	      0.000	
 09/05-14:02	2336.600	2337.000	2336.000	2336.400	           1165	    197.000	   2335.508	   2335.929	   2337.563	   2340.504	           	     -0.025	     -0.037	     -0.048	      0.000	
 09/05-14:03	2336.400	2339.000	2336.000	2338.800	           3504	    198.000	   2335.583	   2335.942	   2337.567	   2340.485	           	      0.075	      0.012	     -0.019	      0.000	
 09/05-14:04	2338.600	2340.800	2338.200	2340.600	           5109	    199.000	   2335.808	   2335.975	   2337.579	   2340.474	           	      0.225	      0.033	      0.017	      0.000	
 09/05-14:05	2340.600	2342.200	2339.800	2341.600	           5398	    200.000	   2336.058	   2336.050	   2337.598	   2340.463	           	      0.250	      0.075	      0.031	      0.000	
 09/05-14:06	2341.800	2341.800	2340.600	2341.000	           2886	    201.000	   2336.300	   2336.108	   2337.610	   2340.450	           	      0.242	      0.058	      0.031	      0.000	
 09/05-14:07	2341.200	2342.800	2340.600	2342.600	           2975	    202.000	   2336.625	   2336.200	   2337.631	   2340.445	           	      0.325	      0.092	      0.033	      0.000	
 09/05-14:08	2342.400	2342.400	2340.800	2341.400	           2487	    203.000	   2336.958	   2336.267	   2337.635	   2340.434	           	      0.333	      0.067	      0.025	      0.000	
 09/05-14:09	2341.600	2341.800	2340.400	2341.200	           1875	    204.000	   2337.333	   2336.333	   2337.644	   2340.425	           	      0.375	      0.067	      0.012	      0.000	
 09/05-14:10	2341.200	2342.200	2340.200	2342.200	           2053	    205.000	   2337.658	   2336.421	   2337.669	   2340.417	           	      0.325	      0.088	      0.033	      0.000	
 09/05-14:11	2341.600	2342.200	2340.600	2341.400	           1827	    206.000	   2337.967	   2336.500	   2337.698	   2340.404	           	      0.308	      0.079	      0.054	      0.000	
 09/05-14:12	2341.200	2342.800	2341.200	2342.800	           2247	    207.000	   2338.292	   2336.608	   2337.740	   2340.396	           	      0.325	      0.108	      0.071	      0.000	
 09/05-14:13	2342.800	2342.800	2340.600	2341.400	           2501	    208.000	   2338.533	   2336.692	   2337.767	   2340.385	           	      0.242	      0.083	      0.069	      0.000	
 09/05-14:14	2341.400	2341.600	2340.000	2340.400	           2508	    209.000	   2338.742	   2336.746	   2337.804	   2340.373	           	      0.208	      0.054	      0.065	      0.000	
 09/05-14:15	2340.400	2343.200	2340.400	2343.200	           2720	    210.000	   2338.992	   2336.846	   2337.890	   2340.370	           	      0.250	      0.100	      0.123	      0.000	
 09/05-14:16	2343.400	2343.400	2340.200	2340.800	           3714	    211.000	   2339.150	   2336.913	   2337.952	   2340.354	           	      0.158	      0.067	      0.148	      0.000	
 09/05-14:17	2340.800	2340.800	2339.600	2340.400	           2348	    212.000	   2339.267	   2336.983	   2338.008	   2340.347	           	      0.117	      0.071	      0.119	      0.000	
 09/05-14:18	2340.200	2340.400	2339.400	2339.400	           1754	    213.000	   2339.342	   2337.042	   2338.044	   2340.331	           	      0.075	      0.058	      0.092	      0.000	
 09/05-14:19	2339.200	2340.600	2339.200	2340.600	           1730	    214.000	   2339.467	   2337.137	   2338.092	   2340.323	           	      0.125	      0.096	      0.083	      0.000	
 09/05-14:20	2340.800	2343.000	2340.600	2342.800	           3541	    215.000	   2339.658	   2337.279	   2338.158	   2340.320	           	      0.192	      0.142	      0.115	      0.000	
 09/05-14:21	2342.600	2343.200	2341.800	2343.200	           2334	    216.000	   2339.867	   2337.413	   2338.221	   2340.318	           	      0.208	      0.134	      0.129	      0.000	
 09/05-14:22	2343.000	2343.000	2341.600	2341.800	           1750	    217.000	   2340.042	   2337.512	   2338.273	   2340.308	           	      0.175	      0.100	      0.115	      0.000	
 09/05-14:23	2342.000	2342.400	2340.800	2342.200	           1932	    218.000	   2340.200	   2337.625	   2338.321	   2340.298	           	      0.158	      0.113	      0.100	      0.000	
 09/05-14:24	2342.200	2344.000	2341.400	2344.000	           3063	    219.000	   2340.392	   2337.758	   2338.377	   2340.293	           	      0.192	      0.133	      0.104	      0.000	
 09/05-14:25	2344.000	2344.000	2341.600	2341.800	           2848	    220.000	   2340.525	   2337.867	   2338.404	   2340.275	           	      0.133	      0.108	      0.083	      0.000	
 09/05-14:26	2342.000	2343.000	2341.000	2342.000	           2485	    221.000	   2340.700	   2337.971	   2338.433	   2340.259	           	      0.175	      0.104	      0.056	      0.000	
 09/05-14:27	2342.000	2342.600	2341.400	2341.800	           1452	    222.000	   2340.800	   2338.063	   2338.465	   2340.238	           	      0.100	      0.092	      0.061	      0.000	
 09/05-14:28	2342.000	2342.200	2340.200	2341.800	           2219	    223.000	   2340.942	   2338.167	   2338.496	   2340.218	           	      0.142	      0.104	      0.063	      0.000	
 09/05-14:29	2341.600	2342.200	2340.400	2340.400	           1094	    224.000	   2341.075	   2338.258	   2338.517	   2340.194	           	      0.133	      0.092	      0.052	      0.000	
 09/05-14:30	2340.800	2340.800	2339.000	2340.200	           4232	    225.000	   2341.175	   2338.346	   2338.533	   2340.168	           	      0.100	      0.088	      0.038	      0.000	
 09/05-14:31	2340.400	2341.600	2339.600	2340.600	           2519	    226.000	   2341.292	   2338.413	   2338.558	   2340.142	           	      0.117	      0.067	      0.042	      0.000	
 09/05-14:32	2340.200	2340.800	2339.800	2339.800	           1191	    227.000	   2341.408	   2338.458	   2338.567	   2340.116	           	      0.117	      0.046	      0.033	      0.000	
 09/05-14:33	2340.000	2340.800	2340.000	2340.600	            879	    228.000	   2341.467	   2338.525	   2338.598	   2340.095	           	      0.058	      0.067	      0.040	      0.000	
 09/05-14:34	2340.600	2341.800	2340.400	2341.400	           1831	    229.000	   2341.492	   2338.650	   2338.627	   2340.072	           	      0.025	      0.125	      0.061	      0.000	
 09/05-14:35	2341.400	2342.600	2340.200	2342.600	           2253	    230.000	   2341.533	   2338.796	   2338.677	   2340.056	           	      0.042	      0.146	      0.079	      0.000	
 09/05-14:36	2342.200	2344.000	2342.200	2343.000	           4441	    231.000	   2341.600	   2338.950	   2338.725	   2340.040	           	      0.067	      0.154	      0.098	      0.000	
 09/05-14:37	2343.000	2343.000	2341.800	2342.200	           2121	    232.000	   2341.575	   2339.100	   2338.758	   2340.023	           	     -0.025	      0.150	      0.081	      0.000	
 09/05-14:38	2342.000	2342.800	2341.800	2342.400	           1211	    233.000	   2341.617	   2339.288	   2338.796	   2340.006	           	      0.042	      0.188	      0.071	      0.000	
 09/05-14:39	2342.400	2342.400	2340.000	2341.000	           2891	    234.000	   2341.608	   2339.471	   2338.819	   2339.983	           	     -0.008	      0.183	      0.061	      0.000	
 09/05-14:40	2340.800	2341.600	2340.800	2341.400	            960	    235.000	   2341.583	   2339.621	   2338.840	   2339.962	           	     -0.025	      0.150	      0.044	      0.000	
 09/05-14:41	2341.600	2341.800	2340.200	2340.600	           1673	    236.000	   2341.550	   2339.758	   2338.835	   2339.933	           	     -0.033	      0.137	      0.017	      0.000	
 09/05-14:42	2340.600	2341.000	2340.000	2341.000	           1729	    237.000	   2341.492	   2339.892	   2338.829	   2339.906	           	     -0.058	      0.133	     -0.010	      0.000	
 09/05-14:43	2341.200	2342.600	2340.800	2342.400	           2170	    238.000	   2341.533	   2340.033	   2338.833	   2339.885	           	      0.042	      0.142	     -0.002	      0.000	
 09/05-14:44	2342.000	2342.000	2340.600	2341.000	           1346	    239.000	   2341.550	   2340.146	   2338.829	   2339.861	           	      0.017	      0.112	      0.000	      0.000	
 09/05-14:45	2341.200	2342.800	2341.000	2342.600	           1636	    240.000	   2341.525	   2340.258	   2338.829	   2339.841	           	     -0.025	      0.113	     -0.004	      0.000	
 09/05-14:46	2342.800	2342.800	2341.600	2341.800	           1023	    241.000	   2341.558	   2340.354	   2338.833	   2339.817	           	      0.033	      0.096	      0.004	      0.000	
 09/05-14:47	2341.600	2341.800	2340.400	2340.400	           1537	    242.000	   2341.558	   2340.413	   2338.823	   2339.788	           	      0.000	      0.058	     -0.006	      0.000	
 09/05-14:48	2340.400	2340.800	2339.800	2340.000	           2023	    243.000	   2341.583	   2340.462	   2338.810	   2339.758	           	      0.025	      0.050	     -0.023	      0.000	
 09/05-14:49	2339.800	2340.000	2337.600	2338.200	           4952	    244.000	   2341.500	   2340.483	   2338.767	   2339.722	           	     -0.083	      0.021	     -0.056	      0.000	
 09/05-14:50	2338.200	2338.400	2336.600	2338.000	           3859	    245.000	   2341.342	   2340.500	   2338.712	   2339.688	           	     -0.158	      0.017	     -0.098	      0.000	
 09/05-14:51	2338.000	2338.400	2337.200	2337.600	           2204	    246.000	   2341.150	   2340.508	   2338.656	   2339.651	           	     -0.192	      0.008	     -0.110	      0.000	
 09/05-14:52	2337.400	2338.000	2336.800	2336.800	           1763	    247.000	   2340.983	   2340.512	   2338.585	   2339.613	           	     -0.167	      0.004	     -0.127	      0.000	
 09/05-14:53	2337.000	2337.800	2337.000	2337.000	           1569	    248.000	   2340.808	   2340.504	   2338.527	   2339.581	           	     -0.175	     -0.008	     -0.129	      0.000	
 09/05-14:54	2337.000	2337.600	2336.800	2337.600	           1724	    249.000	   2340.600	   2340.496	   2338.477	   2339.558	           	     -0.208	     -0.008	     -0.108	      0.000	
 09/05-14:55	2337.400	2338.200	2337.200	2338.000	           2032	    250.000	   2340.475	   2340.500	   2338.438	   2339.540	           	     -0.125	      0.004	     -0.090	      0.000	
 09/05-14:56	2338.000	2338.000	2336.800	2336.800	           1878	    251.000	   2340.300	   2340.500	   2338.392	   2339.495	           	     -0.175	      0.000	     -0.085	      0.000	
 09/05-14:57	2336.800	2337.800	2336.800	2337.200	           1084	    252.000	   2340.150	   2340.475	   2338.352	   2339.449	           	     -0.150	     -0.025	     -0.085	      0.000	
 09/05-14:58	2337.200	2338.600	2337.200	2338.400	           2020	    253.000	   2340.033	   2340.488	   2338.323	   2339.408	           	     -0.116	      0.012	     -0.069	      0.000	
 09/05-14:59	2338.200	2338.800	2338.000	2338.600	           1505	    254.000	   2339.975	   2340.525	   2338.292	   2339.369	           	     -0.058	      0.037	     -0.060	      0.000	
 09/05-15:00	2338.600	2338.800	2338.200	2338.800	            899	    255.000	   2339.925	   2340.550	   2338.269	   2339.330	           	     -0.050	      0.025	     -0.054	      0.000	
 09/05-15:01	2338.800	2338.800	2337.600	2337.800	           1237	    256.000	   2339.833	   2340.563	   2338.265	   2339.290	           	     -0.092	      0.012	     -0.027	      0.000	
 09/05-15:02	2338.000	2338.200	2337.600	2338.200	           1114	    257.000	   2339.783	   2340.596	   2338.262	   2339.253	           	     -0.050	      0.033	     -0.006	      0.000	
 09/05-15:03	2338.000	2338.600	2337.800	2338.600	            857	    258.000	   2339.708	   2340.587	   2338.265	   2339.227	           	     -0.075	     -0.009	      0.000	      0.000	
 09/05-15:04	2338.600	2338.600	2337.600	2338.000	            937	    259.000	   2339.600	   2340.546	   2338.260	   2339.196	           	     -0.108	     -0.042	     -0.002	      0.000	
 09/05-15:05	2338.000	2338.600	2337.800	2338.400	           1017	    260.000	   2339.458	   2340.496	   2338.273	   2339.169	           	     -0.142	     -0.050	      0.008	      0.000	
 09/05-15:06	2338.600	2341.000	2338.200	2340.600	           3341	    261.000	   2339.375	   2340.488	   2338.298	   2339.149	           	     -0.083	     -0.008	      0.037	      0.000	
 09/05-15:07	2340.400	2340.600	2339.800	2340.600	           1791	    262.000	   2339.333	   2340.454	   2338.327	   2339.129	           	     -0.042	     -0.033	      0.054	      0.000	
 09/05-15:08	2340.600	2341.800	2340.200	2341.800	           2313	    263.000	   2339.308	   2340.462	   2338.365	   2339.111	           	     -0.025	      0.008	      0.067	      0.000	
 09/05-15:09	2341.800	2343.400	2341.400	2343.200	           3301	    264.000	   2339.383	   2340.496	   2338.415	   2339.102	           	      0.075	      0.033	      0.087	      0.000	
 09/05-15:10	2343.000	2344.800	2342.400	2344.400	           4346	    265.000	   2339.475	   2340.529	   2338.475	   2339.097	           	      0.092	      0.033	      0.111	      0.000	
 09/05-15:11	2344.400	2344.800	2343.400	2344.200	           1947	    266.000	   2339.600	   2340.575	   2338.538	   2339.092	           	      0.125	      0.046	      0.123	      0.000	
 09/05-15:12	2343.800	2344.200	2342.000	2343.000	           2419	    267.000	   2339.667	   2340.579	   2338.594	   2339.086	           	      0.067	      0.004	      0.119	      0.000	
 09/05-15:13	2342.800	2343.800	2342.200	2343.600	           1483	    268.000	   2339.700	   2340.617	   2338.654	   2339.081	           	      0.033	      0.038	      0.116	      0.000	
 09/05-15:14	2344.000	2344.400	2342.800	2343.200	           2537	    269.000	   2339.775	   2340.663	   2338.704	   2339.072	           	      0.075	      0.046	      0.110	      0.000	
 09/05-15:15	2343.400	2343.400	2341.600	2341.800	           4357	    270.000	   2339.750	   2340.637	   2338.742	   2339.055	           	     -0.025	     -0.025	      0.088	      0.000	