 07/16-09:16	2287.600	2288.600	2279.000	2281.000	           6144	      1.000	   2291.592	   2291.000	   2296.737	   2297.784	           	      0.000	      0.000	      1.000	      0.000	      0.000	      0.000	      0.000	      0.000	      0.000	
 07/16-09:17	2281.200	2282.200	2278.200	2281.800	           2707	      2.000	   2291.196	   2290.767	   2296.460	   2297.698	           	      0.000	      1.000	      0.000	      0.000	      0.000	      0.000	      0.000	      0.000	      1.000	
 07/16-09:18	2282.400	2287.000	2281.600	2285.000	           2681	      3.000	   2290.900	   2290.625	   2296.276	   2297.614	           	      0.000	      1.000	      0.000	      0.000	      0.000	      0.000	      0.000	      0.000	      0.000	
 07/16-09:19	2284.800	2286.200	2283.400	2285.200	           1644	      4.000	   2290.554	   2290.456	   2296.083	   2297.558	           	      0.000	      1.000	      0.000	      0.000	      0.000	      0.000	      0.000	      0.000	      0.000	
 07/16-09:20	2285.400	2287.600	2284.600	2284.600	           1740	      5.000	   2290.321	   2290.279	   2295.888	   2297.528	           	      0.000	      1.000	      0.000	      0.000	      0.000	      0.000	      0.000	      0.000	      0.000	
 07/16-09:21	2285.000	2285.000	2281.200	2283.800	           2148	      6.000	   2290.067	   2290.119	   2295.720	   2297.491	           	      0.000	      1.000	      0.000	      0.000	      0.000	      0.000	      0.000	      0.000	      0.000	
 07/16-09:22	2283.600	2291.000	2283.400	2287.800	           3385	      7.000	   2289.846	   2290.098	   2295.560	   2297.470	           	      0.000	      0.000	      1.000	      0.000	      0.000	      0.000	      0.000	      0.000	      0.000	
 07/16-09:23	2287.600	2289.200	2286.800	2288.000	           1410	      8.000	   2289.629	   2290.106	   2295.399	   2297.454	           	      0.000	      0.000	      1.000	      0.000	      0.000	      0.000	      0.000	      0.000	      0.000	
 07/16-09:24	2287.800	2289.800	2286.600	2289.200	           1091	      9.000	   2289.500	   2290.140	   2295.258	   2297.452	           	      0.000	      0.000	      1.000	      0.000	      0.000	      0.000	      0.000	      0.000	      0.000	
 07/16-09:25	2289.600	2289.600	2285.400	2285.400	           1538	     10.000	   2289.217	   2290.100	   2295.133	   2297.455	           	      0.000	      0.000	      1.000	      0.000	      0.000	      0.000	      0.000	      0.000	      0.000	
 07/16-09:26	2285.200	2288.400	2285.200	2285.800	           1213	     11.000	   2288.925	   2290.060	   2294.960	   2297.444	           	      0.000	      0.000	      1.000	      0.000	      0.000	      0.000	      0.000	      0.000	      0.000	
 07/16-09:27	2285.800	2286.000	2283.200	2285.400	           1879	     12.000	   2288.613	   2290.029	   2294.798	   2297.440	           	      0.000	      0.000	      1.000	      0.000	      0.000	      0.000	      0.000	      0.000	      0.000	
 07/16-09:28	2285.600	2286.600	2283.400	2283.400	           1124	     13.000	   2288.283	   2289.983	   2294.590	   2297.417	           	      0.000	      0.000	      1.000	      0.000	      0.000	      0.000	      0.000	      0.000	      0.000	
 07/16-09:29	2283.400	2284.600	2282.400	2283.600	           1455	     14.000	   2287.921	   2289.917	   2294.384	   2297.390	           	      0.000	      0.000	      1.000	      0.000	      0.000	      0.000	      0.000	      0.000	      0.000	
 07/16-09:30	2283.600	2285.000	2282.600	2285.000	           1128	     15.000	   2287.712	   2289.823	   2294.173	   2297.384	           	      0.000	      0.000	      1.000	      0.000	      0.000	      0.000	      0.000	      0.000	      0.000	
 07/16-09:31	2284.800	2287.200	2282.600	2285.800	           2614	     16.000	   2287.500	   2289.742	   2293.992	   2297.388	           	      0.000	      0.000	      1.000	      0.000	      0.000	      0.000	      0.000	      0.000	      0.000	
 07/16-09:32	2285.600	2287.600	2283.000	2283.000	           2125	     17.000	   2287.221	   2289.648	   2293.788	   2297.386	           	      0.000	      0.000	      1.000	      0.000	      0.000	      0.000	      0.000	      0.000	      0.000	
 07/16-09:33	2282.000	2285.800	2278.600	2283.200	           5817	     18.000	   2286.992	   2289.619	   2293.618	   2297.387	           	      0.000	      0.000	      1.000	      0.000	      0.000	      0.000	      0.000	      0.000	      0.000	
 07/16-09:34	2283.200	2292.600	2283.200	2290.000	           5844	     19.000	   2286.988	   2289.723	   2293.476	   2297.431	           	      0.000	      0.000	      1.000	      0.000	      0.000	      0.000	      0.000	      0.000	      0.000	
 07/16-09:35	2289.800	2294.400	2289.400	2291.200	           4770	     20.000	   2286.996	   2289.794	   2293.320	   2297.467	           	      0.000	      0.000	      1.000	      0.000	      0.000	      0.000	      0.000	      0.000	      0.000	
 07/16-09:36	2290.800	2293.400	2290.000	2290.800	           2340	     21.000	   2287.021	   2289.869	   2293.248	   2297.502	           	      0.000	      0.000	      1.000	      0.000	      0.000	      0.000	      0.000	      0.000	      0.000	
 07/16-09:37	2290.400	2292.000	2289.000	2289.200	           2834	     22.000	   2286.996	   2289.871	   2293.185	   2297.539	           	      1.000	      0.000	      0.000	      0.000	      0.000	      0.000	      0.000	      0.000	      0.000	
 07/16-09:38	2289.200	2291.400	2288.000	2288.400	           2985	     23.000	   2286.954	   2289.854	   2293.086	   2297.566	           	      0.000	      0.000	      1.000	      0.000	      0.000	      0.000	      0.000	      0.000	      0.000	
 07/16-09:39	2288.200	2290.000	2286.600	2290.000	           2888	     24.000	   2287.046	   2289.883	   2293.011	   2297.585	           	      0.000	      0.000	      1.000	      0.000	      0.000	      0.000	      0.000	      0.000	      0.000	
 07/16-09:40	2289.800	2289.800	2286.800	2289.000	           1724	     25.000	   2287.087	   2289.821	   2292.903	   2297.611	           	      0.000	      0.000	      1.000	      0.000	      0.000	      0.000	      0.000	      0.000	      0.000	
 07/16-09:41	2289.000	2289.000	2286.600	2286.600	           1392	     26.000	   2287.021	   2289.700	   2292.769	   2297.617	           	      0.000	      0.000	      1.000	      0.000	      0.000	      0.000	      0.000	      0.000	      0.000	
 07/16-09:42	2287.000	2292.400	2287.000	2292.400	           2479	     27.000	   2287.021	   2289.623	   2292.688	   2297.635	           	      0.000	      0.000	      1.000	      0.000	      0.000	      0.000	      0.000	      0.000	      0.000	
 07/16-09:43	2292.800	2295.000	2290.200	2291.800	           4007	     28.000	   2286.992	   2289.569	   2292.587	   2297.655	           	      0.000	      0.000	      1.000	      0.000	      0.000	      0.000	      0.000	      0.000	      0.000	
 07/16-09:44	2291.800	2296.800	2291.800	2293.800	           4039	     29.000	   2287.054	   2289.550	   2292.482	   2297.700	           	      0.000	      0.000	      1.000	      0.000	      0.000	      0.000	      0.000	      0.000	      0.000	
 07/16-09:45	2294.000	2294.600	2292.000	2293.200	           2653	     30.000	   2287.113	   2289.567	   2292.420	   2297.795	           	      1.000	      0.000	      0.000	      0.000	      0.000	      0.000	      0.000	      0.000	      0.000	
 07/16-09:46	2293.200	2293.800	2290.800	2292.200	           3805	     31.000	   2287.488	   2289.540	   2292.358	   2297.873	           	      1.000	      0.000	      0.000	      0.000	      0.000	      0.000	      0.000	      0.000	      0.000	
 07/16-09:47	2292.400	2295.800	2292.000	2292.200	           2797	     32.000	   2287.833	   2289.515	   2292.242	   2297.951	           	      1.000	      0.000	      0.000	      0.000	      0.000	      0.000	      0.000	      0.000	      0.000	
 07/16-09:48	2292.400	2292.800	2289.000	2290.800	           3098	     33.000	   2288.025	   2289.462	   2292.164	   2298.019	           	      1.000	      0.000	      0.000	      0.000	      0.000	      0.000	      0.000	      0.000	      0.000	
 07/16-09:49	2290.800	2290.800	2288.200	2289.600	           2072	     34.000	   2288.175	   2289.365	   2292.027	   2298.083	           	      1.000	      0.000	      0.000	      0.000	      0.000	      0.000	      0.000	      0.000	      0.000	
 07/16-09:50	2290.000	2291.400	2288.600	2290.200	           1896	     35.000	   2288.358	   2289.340	   2291.876	   2298.136	           	      1.000	      0.000	      0.000	      0.000	      0.000	      0.000	      0.000	      0.000	      0.000	
 07/16-09:51	2289.800	2291.400	2289.000	2289.600	           1637	     36.000	   2288.554	   2289.310	   2291.720	   2298.186	           	      1.000	      0.000	      0.000	      0.000	      0.000	      0.000	      0.000	      0.000	      0.000	
 07/16-09:52	2289.400	2290.200	2287.600	2289.600	           2175	     37.000	   2288.613	   2289.229	   2291.560	   2298.233	           	      1.000	      0.000	      0.000	      0.000	      0.000	      0.000	      0.000	      0.000	      0.000	
 07/16-09:53	2289.200	2289.800	2286.000	2286.600	           2999	     38.000	   2288.567	   2289.098	   2291.391	   2298.259	           	      1.000	      0.000	      0.000	      0.000	      0.000	      0.000	      0.000	      0.000	      0.000	
 07/16-09:54	2287.000	2287.200	2285.200	2285.800	           2308	     39.000	   2288.454	   2288.977	   2291.203	   2298.291	           	      1.000	      0.000	      0.000	      0.000	      0.000	      0.000	      0.000	      0.000	      0.000	
 07/16-09:55	2285.600	2285.600	2283.000	2283.600	           3444	     40.000	   2288.392	   2288.804	   2291.036	   2298.311	           	      0.000	      0.000	      1.000	      0.000	      0.000	      0.000	      0.000	      0.000	      0.000	
 07/16-09:56	2283.800	2285.000	2282.000	2283.200	           2640	     41.000	   2288.308	   2288.617	   2290.888	   2298.306	           	      0.000	      0.000	      1.000	      0.000	      0.000	      0.000	      0.000	      0.000	      0.000	
 07/16-09:57	2283.000	2284.800	2281.200	2282.200	           2937	     42.000	   2288.200	   2288.406	   2290.720	   2298.279	           	      0.000	      0.000	      1.000	      0.000	      0.000	      0.000	      0.000	      0.000	      0.000	
 07/16-09:58	2281.400	2284.000	2281.000	2283.600	           2879	     43.000	   2288.208	   2288.246	   2290.590	   2298.253	           	      0.000	      0.000	      1.000	      0.000	      0.000	      0.000	      0.000	      0.000	      0.000	
 07/16-09:59	2283.600	2284.600	2282.000	2283.000	           2316	     44.000	   2288.188	   2288.054	   2290.435	   2298.224	           	      0.000	      0.000	      1.000	      0.000	      0.000	      0.000	      0.000	      0.000	      0.000	
 07/16-10:00	2283.800	2285.200	2283.000	2283.200	           1992	     45.000	   2288.129	   2287.921	   2290.322	   2298.208	           	      0.000	      0.000	      1.000	      0.000	      0.000	      0.000	      0.000	      0.000	      0.000	
 07/16-10:01	2283.400	2285.000	2282.800	2284.000	           1964	     46.000	   2288.067	   2287.783	   2290.192	   2298.188	           	      0.000	      0.000	      1.000	      0.000	      0.000	      0.000	      0.000	      0.000	      0.000	
 07/16-10:02	2284.000	2284.800	2282.200	2284.400	           1657	     47.000	   2288.113	   2287.667	   2290.066	   2298.149	           	      0.000	      0.000	      1.000	      0.000	      0.000	      0.000	      0.000	      0.000	      0.000	
 07/16-10:03	2284.800	2285.200	2282.600	2283.000	           2161	     48.000	   2288.108	   2287.550	   2289.919	   2298.119	           	      0.000	      0.000	      1.000	      0.000	      0.000	      0.000	      0.000	      0.000	      0.000	
 07/16-10:04	2282.800	2282.800	2278.200	2281.200	           6576	     49.000	   2287.813	   2287.400	   2289.773	   2298.090	           	      0.000	      0.000	      1.000	      0.000	      0.000	      0.000	      0.000	      0.000	      1.000	
 07/16-10:05	2281.200	2285.200	2280.600	2281.000	           3780	     50.000	   2287.471	   2287.233	   2289.642	   2298.069	           	      0.000	      0.000	      1.000	      0.000	      0.000	      0.000	      0.000	      0.000	      0.000	
 07/16-10:06	2280.600	2280.800	2276.400	2280.600	           4724	     51.000	   2287.133	   2287.077	   2289.511	   2298.037	           	      0.000	      0.000	      1.000	      0.000	      0.000	      0.000	      0.000	      0.000	      1.000	
 07/16-10:07	2280.800	2282.200	2279.400	2280.600	           2430	     52.000	   2286.846	   2286.921	   2289.402	   2297.999	           	      0.000	      0.000	      1.000	      0.000	      0.000	      0.000	      0.000	      0.000	      0.000	
 07/16-10:08	2281.000	2282.000	2279.600	2280.200	           1819	     53.000	   2286.575	   2286.765	   2289.275	   2297.938	           	      0.000	      1.000	      0.000	      0.000	      0.000	      0.000	      0.000	      0.000	      0.000	
 07/16-10:09	2280.400	2284.400	2280.400	2284.200	           2695	     54.000	   2286.379	   2286.712	   2289.200	   2297.899	           	      0.000	      1.000	      0.000	      0.000	      0.000	      0.000	      0.000	      0.000	      0.000	
 07/16-10:10	2284.000	2284.400	2282.600	2283.400	           1800	     55.000	   2286.192	   2286.640	   2289.098	   2297.862	           	      0.000	      1.000	      0.000	      0.000	      0.000	      0.000	      0.000	      0.000	      0.000	
 07/16-10:11	2283.200	2284.800	2282.800	2283.200	           1844	     56.000	   2286.079	   2286.550	   2289.017	   2297.827	           	      0.000	      1.000	      0.000	      0.000	      0.000	      0.000	      0.000	      0.000	      0.000	
 07/16-10:12	2283.200	2285.000	2283.000	2284.800	           1702	     57.000	   2285.825	   2286.423	   2288.942	   2297.792	           	      0.000	      0.000	      1.000	      0.000	      0.000	      0.000	      0.000	      0.000	      0.000	
 07/16-10:13	2284.800	2285.000	2282.400	2282.600	           1579	     58.000	   2285.521	   2286.256	   2288.831	   2297.747	           	      0.000	      1.000	      0.000	      0.000	      0.000	      0.000	      0.000	      0.000	      0.000	
 07/16-10:14	2282.600	2283.200	2281.600	2281.800	           1995	     59.000	   2285.121	   2286.087	   2288.710	   2297.718	           	      0.000	      0.000	      1.000	      0.000	      0.000	      0.000	      0.000	      0.000	      0.000	
 07/16-10:15	2281.600	2281.600	2277.000	2278.400	           4441	     60.000	   2284.629	   2285.871	   2288.574	   2297.669	           	      0.000	      1.000	      0.000	      0.000	      0.000	      0.000	      0.000	      0.000	      0.000	
 07/16-10:16	2277.600	2279.400	2276.000	2279.400	           3985	     61.000	   2284.200	   2285.844	   2288.422	   2297.623	           	      0.000	      1.000	      0.000	      0.000	      0.000	      0.000	      0.000	      0.000	      1.000	
 07/16-10:17	2279.400	2279.800	2277.400	2277.800	           2323	     62.000	   2283.717	   2285.775	   2288.271	   2297.573	           	      0.000	      1.000	      0.000	      0.000	      0.000	      0.000	      0.000	      0.000	      0.000	
 07/16-10:18	2278.000	2278.000	2272.200	2273.600	           6890	     63.000	   2283.146	   2285.585	   2288.105	   2297.521	           	      0.000	      1.000	      0.000	      0.000	      0.000	      0.000	      0.000	      0.000	      0.000	
 07/16-10:19	2273.800	2274.200	2268.600	2269.200	           6924	     64.000	   2282.467	   2285.321	   2287.888	   2297.463	           	      0.000	      1.000	      0.000	      0.000	      0.000	      0.000	      0.000	      0.000	      0.000	
 07/16-10:20	2269.800	2270.400	2267.000	2269.600	           4954	     65.000	   2281.783	   2285.071	   2287.675	   2297.407	           	      0.000	      1.000	      0.000	      0.000	      0.000	      0.000	      0.000	      0.000	      1.000	
 07/16-10:21	2270.400	2272.000	2269.600	2272.000	           3686	     66.000	   2281.196	   2284.875	   2287.497	   2297.344	           	      0.000	      1.000	      0.000	      0.000	      0.000	      0.000	      0.000	      0.000	      0.000	
 07/16-10:22	2272.000	2273.800	2271.200	2273.200	           3142	     67.000	   2280.646	   2284.629	   2287.364	   2297.269	           	      0.000	      1.000	      0.000	      0.000	      0.000	      0.000	      0.000	      0.000	      0.000	
 07/16-10:23	2273.000	2274.400	2272.200	2273.600	           2154	     68.000	   2280.212	   2284.390	   2287.248	   2297.189	           	      0.000	      1.000	      0.000	      0.000	      0.000	      0.000	      0.000	      0.000	      0.000	
 07/16-10:24	2273.600	2275.600	2273.600	2275.000	           2684	     69.000	   2279.854	   2284.154	   2287.147	   2297.107	           	      0.000	      1.000	      0.000	      0.000	      0.000	      0.000	      0.000	      0.000	      0.000	
 07/16-10:25	2275.200	2276.600	2274.200	2276.200	           2865	     70.000	   2279.608	   2284.000	   2287.050	   2297.015	           	      0.000	      1.000	      0.000	      0.000	      0.000	      0.000	      0.000	      0.000	      0.000	
 07/16-10:26	2276.400	2281.800	2275.800	2280.400	           6972	     71.000	   2279.512	   2283.910	   2286.985	   2296.935	           	      0.000	      1.000	      0.000	      0.000	      0.000	      0.000	      0.000	      0.000	      0.000	
 07/16-10:27	2280.200	2281.000	2278.600	2279.000	           2998	     72.000	   2279.408	   2283.804	   2286.917	   2296.859	           	      0.000	      1.000	      0.000	      0.000	      0.000	      0.000	      0.000	      0.000	      0.000	
 07/16-10:28	2278.400	2280.600	2278.200	2279.600	           2088	     73.000	   2279.275	   2283.742	   2286.863	   2296.792	           	      0.000	      1.000	      0.000	      0.000	      0.000	      0.000	      0.000	      0.000	      0.000	
 07/16-10:29	2279.600	2279.600	2278.000	2279.400	           1948	     74.000	   2279.154	   2283.671	   2286.794	   2296.730	           	      0.000	      1.000	      0.000	      0.000	      0.000	      0.000	      0.000	      0.000	      0.000	
 07/16-10:30	2279.200	2279.400	2276.800	2277.600	           2047	     75.000	   2278.967	   2283.548	   2286.685	   2296.664	           	      0.000	      1.000	      0.000	      0.000	      0.000	      0.000	      0.000	      0.000	      0.000	
 07/16-10:31	2277.800	2278.800	2276.400	2277.400	           2059	     76.000	   2278.746	   2283.406	   2286.574	   2296.598	           	      0.000	      1.000	      0.000	      0.000	      0.000	      0.000	      0.000	      0.000	      0.000	
 07/16-10:32	2278.000	2280.800	2277.200	2278.200	           2740	     77.000	   2278.538	   2283.325	   2286.487	   2296.538	           	      0.000	      1.000	      0.000	      0.000	      0.000	      0.000	      0.000	      0.000	      0.000	
 07/16-10:33	2278.600	2280.400	2277.800	2280.000	           1817	     78.000	   2278.438	   2283.273	   2286.446	   2296.483	           	      0.000	      1.000	      0.000	      0.000	      0.000	      0.000	      0.000	      0.000	      0.000	
 07/16-10:34	2280.400	2281.600	2277.400	2278.200	           2788	     79.000	   2278.342	   2283.077	   2286.400	   2296.421	           	      0.000	      1.000	      0.000	      0.000	      0.000	      0.000	      0.000	      0.000	      0.000	
 07/16-10:35	2277.800	2279.600	2277.000	2279.600	           1990	     80.000	   2278.296	   2282.883	   2286.339	   2296.375	           	      0.000	      1.000	      0.000	      0.000	      0.000	      0.000	      0.000	      0.000	      0.000	
 07/16-10:36	2279.600	2287.000	2279.600	2284.000	           7998	     81.000	   2278.408	   2282.771	   2286.320	   2296.346	           	      0.000	      1.000	      0.000	      0.000	      0.000	      0.000	      0.000	      0.000	      0.000	
 07/16-10:37	2283.800	2287.600	2283.600	2284.400	           4819	     82.000	   2278.533	   2282.690	   2286.280	   2296.308	           	      0.000	      1.000	      0.000	      0.000	      0.000	      0.000	      0.000	      0.000	      0.000	
 07/16-10:38	2284.400	2286.800	2284.200	2284.400	           2315	     83.000	   2278.671	   2282.623	   2286.239	   2296.246	           	      0.000	      1.000	      0.000	      0.000	      0.000	      0.000	      0.000	      0.000	      0.000	
 07/16-10:39	2284.600	2285.600	2283.000	2283.800	           2782	     84.000	   2278.663	   2282.521	   2286.202	   2296.181	           	      0.000	      1.000	      0.000	      0.000	      0.000	      0.000	      0.000	      0.000	      0.000	
 07/16-10:40	2283.800	2284.800	2282.600	2284.400	           1860	     85.000	   2278.696	   2282.444	   2286.132	   2296.121	           	      0.000	      1.000	      0.000	      0.000	      0.000	      0.000	      0.000	      0.000	      0.000	
 07/16-10:41	2284.200	2286.800	2283.800	2285.600	           2624	     86.000	   2278.775	   2282.427	   2286.063	   2296.071	           	      0.000	      1.000	      0.000	      0.000	      0.000	      0.000	      0.000	      0.000	      0.000	
 07/16-10:42	2285.600	2286.600	2284.200	2284.800	           1978	     87.000	   2278.775	   2282.300	   2285.961	   2296.018	           	      0.000	      1.000	      0.000	      0.000	      0.000	      0.000	      0.000	      0.000	      0.000	
 07/16-10:43	2284.800	2285.000	2282.400	2282.800	           1798	     88.000	   2278.779	   2282.150	   2285.859	   2295.966	           	      0.000	      1.000	      0.000	      0.000	      0.000	      0.000	      0.000	      0.000	      0.000	
 07/16-10:44	2282.800	2283.200	2281.400	2283.200	           2269	     89.000	   2278.825	   2281.973	   2285.761	   2295.914	           	      0.000	      1.000	      0.000	      0.000	      0.000	      0.000	      0.000	      0.000	      0.000	
 07/16-10:45	2283.400	2284.800	2282.400	2284.200	           1618	     90.000	   2279.021	   2281.825	   2285.696	   2295.852	           	      0.000	      1.000	      0.000	      0.000	      0.000	      0.000	      0.000	      0.000	      0.000	
 07/16-10:46	2284.600	2289.800	2284.600	2288.000	           6102	     91.000	   2279.308	   2281.754	   2285.647	   2295.800	           	      0.000	      1.000	      0.000	      0.000	      0.000	      0.000	      0.000	      0.000	      0.000	
 07/16-10:47	2288.000	2290.400	2287.800	2288.000	           3071	     92.000	   2279.650	   2281.683	   2285.599	   2295.748	           	      0.000	      1.000	      0.000	      0.000	      0.000	      0.000	      0.000	      0.000	      0.000	
 07/16-10:48	2288.400	2290.600	2287.600	2290.600	           2262	     93.000	   2280.212	   2281.679	   2285.571	   2295.694	           	      0.000	      1.000	      0.000	      0.000	      0.000	      0.000	      0.000	      0.000	      0.000	
 07/16-10:49	2290.200	2291.000	2288.000	2288.000	           2722	     94.000	   2280.837	   2281.652	   2285.508	   2295.590	           	      0.000	      1.000	      0.000	      0.000	      0.000	      0.000	      0.000	      0.000	      0.000	
 07/16-10:50	2288.000	2288.600	2285.600	2285.600	           3461	     95.000	   2281.371	   2281.577	   2285.458	   2295.464	           	      0.000	      1.000	      0.000	      0.000	      0.000	      0.000	      0.000	      0.000	      0.000	
 07/16-10:51	2285.600	2286.400	2284.200	2285.800	           2700	     96.000	   2281.833	   2281.515	   2285.413	   2295.366	           	      0.000	      1.000	      0.000	      0.000	      0.000	      0.000	      0.000	      0.000	      0.000	
 07/16-10:52	2285.600	2286.600	2284.400	2284.400	           1684	     97.000	   2282.208	   2281.427	   2285.328	   2295.267	           	      0.000	      1.000	      0.000	      0.000	      0.000	      0.000	      0.000	      0.000	      0.000	
 07/16-10:53	2284.400	2286.000	2283.800	2285.600	           1713	     98.000	   2282.608	   2281.410	   2285.254	   2295.157	           	      0.000	      1.000	      0.000	      0.000	      0.000	      0.000	      0.000	      0.000	      0.000	
 07/16-10:54	2285.600	2286.000	2283.600	2284.000	           1621	     99.000	   2282.908	   2281.381	   2285.179	   2295.037	           	      0.000	      1.000	      0.000	      0.000	      0.000	      0.000	      0.000	      0.000	      0.000	
 07/16-10:55	2284.000	2284.400	2282.000	2282.000	           2837	    100.000	   2283.100	   2281.354	   2285.079	   2294.909	           	      0.000	      1.000	      0.000	      0.000	      0.000	      0.000	      0.000	      0.000	      0.000	
 07/16-10:56	2281.600	2283.200	2281.600	2283.200	           1992	    101.000	   2283.192	   2281.352	   2284.984	   2294.780	           	      0.000	      1.000	      0.000	      0.000	      0.000	      0.000	      0.000	      0.000	      0.000	
 07/16-10:57	2283.000	2283.600	2279.800	2279.800	           3113	    102.000	   2283.221	   2281.315	   2284.860	   2294.591	           	      0.000	      1.000	      0.000	      0.000	      0.000	      0.000	      0.000	      0.000	      0.000	
 07/16-10:58	2280.000	2280.400	2278.400	2279.200	           3790	    103.000	   2283.204	   2281.240	   2284.743	   2294.382	           	      0.000	      1.000	      0.000	      0.000	      0.000	      0.000	      0.000	      0.000	      0.000	
 07/16-10:59	2278.600	2279.800	2276.200	2276.800	           3374	    104.000	   2283.121	   2281.137	   2284.596	   2294.152	           	      0.000	      1.000	      0.000	      0.000	      0.000	      0.000	      0.000	      0.000	      0.000	
 07/16-11:00	2277.000	2277.200	2273.800	2273.800	           4163	    105.000	   2282.992	   2280.979	   2284.450	   2293.913	           	      0.000	      1.000	      0.000	      0.000	      0.000	      0.000	      0.000	      0.000	      0.000	
 07/16-11:01	2274.400	2277.400	2274.200	2276.800	           3274	    106.000	   2282.971	   2280.858	   2284.321	   2293.721	           	      0.000	      1.000	      0.000	      0.000	      0.000	      0.000	      0.000	      0.000	      0.000	
 07/16-11:02	2277.200	2278.000	2274.400	2276.200	           3331	    107.000	   2282.908	   2280.723	   2284.195	   2293.519	           	      0.000	      1.000	      0.000	      0.000	      0.000	      0.000	      0.000	      0.000	      0.000	
 07/16-11:03	2276.200	2278.800	2275.200	2275.200	           3045	    108.000	   2282.750	   2280.594	   2284.072	   2293.308	           	      0.000	      1.000	      0.000	      0.000	      0.000	      0.000	      0.000	      0.000	      0.000	
 07/16-11:04	2275.400	2276.000	2270.200	2270.400	           5718	    109.000	   2282.488	   2280.415	   2283.907	   2293.131	           	      0.000	      1.000	      0.000	      0.000	      0.000	      0.000	      0.000	      0.000	      0.000	
 07/16-11:05	2270.800	2273.800	2270.800	2273.800	           3262	    110.000	   2282.292	   2280.294	   2283.763	   2292.972	           	      0.000	      1.000	      0.000	      0.000	      0.000	      0.000	      0.000	      0.000	      0.000	
 07/16-11:06	2273.800	2275.800	2272.800	2274.200	           3195	    111.000	   2281.967	   2280.188	   2283.632	   2292.799	           	      0.000	      1.000	      0.000	      0.000	      0.000	      0.000	      0.000	      0.000	      0.000	
 07/16-11:07	2273.800	2275.400	2273.000	2274.200	           1910	    112.000	   2281.625	   2280.079	   2283.500	   2292.632	           	      0.000	      1.000	      0.000	      0.000	      0.000	      0.000	      0.000	      0.000	      0.000	
 07/16-11:08	2274.200	2274.200	2266.000	2266.000	           5512	    113.000	   2281.012	   2279.842	   2283.303	   2292.417	           	      0.000	      1.000	      0.000	      0.000	      0.000	      0.000	      0.000	      0.000	      0.000	
 07/16-11:09	2265.600	2266.200	2261.200	2265.400	           8555	    114.000	   2280.400	   2279.531	   2283.122	   2292.207	           	      0.000	      1.000	      0.000	      0.000	      0.000	      0.000	      0.000	      0.000	      1.000	
 07/16-11:10	2265.800	2268.200	2264.600	2268.200	           3926	    115.000	   2279.858	   2279.277	   2282.958	   2291.998	           	      0.000	      1.000	      0.000	      0.000	      0.000	      0.000	      0.000	      0.000	      0.000	
 07/16-11:11	2268.000	2270.800	2266.600	2270.000	           3727	    116.000	   2279.337	   2279.056	   2282.803	   2291.778	           	      0.000	      1.000	      0.000	      0.000	      0.000	      0.000	      0.000	      0.000	      0.000	
 07/16-11:12	2269.800	2274.400	2269.400	2272.600	           3896	    117.000	   2278.933	   2278.854	   2282.638	   2291.576	           	      0.000	      1.000	      0.000	      0.000	      0.000	      0.000	      0.000	      0.000	      0.000	
 07/16-11:13	2272.600	2274.400	2271.600	2271.600	           2668	    118.000	   2278.563	   2278.671	   2282.464	   2291.378	           	      0.000	      1.000	      0.000	      0.000	      0.000	      0.000	      0.000	      0.000	      0.000	
 07/16-11:14	2271.800	2273.000	2271.000	2272.200	           1823	    119.000	   2278.192	   2278.508	   2282.298	   2291.178	           	      0.000	      1.000	      0.000	      0.000	      0.000	      0.000	      0.000	      0.000	      0.000	
 07/16-11:15	2272.400	2274.800	2271.200	2274.800	           2389	    120.000	   2277.879	   2278.450	   2282.160	   2290.979	           	      0.000	      1.000	      0.000	      0.000	      0.000	      0.000	      0.000	      0.000	      0.000	
 07/16-11:16	2274.600	2276.000	2272.800	2273.600	           2726	    121.000	   2277.400	   2278.354	   2282.099	   2290.752	           	      0.000	      1.000	      0.000	      0.000	      0.000	      0.000	      0.000	      0.000	      0.000	
 07/16-11:17	2273.600	2274.000	2268.400	2270.000	           3980	    122.000	   2276.800	   2278.225	   2282.000	   2290.516	           	      0.000	      1.000	      0.000	      0.000	      0.000	      0.000	      0.000	      0.000	      0.000	
 07/16-11:18	2269.800	2270.400	2268.000	2269.000	           2515	    123.000	   2276.083	   2278.148	   2281.867	   2290.268	           	      0.000	      1.000	      0.000	      0.000	      0.000	      0.000	      0.000	      0.000	      0.000	
 07/16-11:19	2269.000	2275.000	2269.000	2274.800	           3284	    124.000	   2275.642	   2278.240	   2281.780	   2290.053	           	      0.000	      1.000	      0.000	      0.000	      0.000	      0.000	      0.000	      0.000	      0.000	
 07/16-11:20	2274.400	2274.400	2271.600	2273.800	           1782	    125.000	   2275.246	   2278.308	   2281.690	   2289.836	           	      0.000	      1.000	      0.000	      0.000	      0.000	      0.000	      0.000	      0.000	      0.000	
 07/16-11:21	2274.000	2277.800	2272.200	2276.800	           4373	    126.000	   2274.946	   2278.390	   2281.632	   2289.650	           	      0.000	      1.000	      0.000	      0.000	      0.000	      0.000	      0.000	      0.000	      0.000	
 07/16-11:22	2276.600	2277.800	2275.000	2276.000	           2804	    127.000	   2274.667	   2278.438	   2281.533	   2289.479	           	      0.000	      1.000	      0.000	      0.000	      0.000	      0.000	      0.000	      0.000	      0.000	
 07/16-11:23	2275.800	2276.800	2274.400	2275.600	           1974	    128.000	   2274.333	   2278.471	   2281.430	   2289.301	           	      0.000	      1.000	      0.000	      0.000	      0.000	      0.000	      0.000	      0.000	      0.000	
 07/16-11:24	2275.400	2278.000	2275.400	2277.000	           2411	    129.000	   2274.100	   2278.504	   2281.329	   2289.142	           	      0.000	      1.000	      0.000	      0.000	      0.000	      0.000	      0.000	      0.000	      0.000	
 07/16-11:25	2277.400	2279.400	2277.200	2279.000	           2492	    130.000	   2274.000	   2278.550	   2281.275	   2288.990	           	      0.000	      1.000	      0.000	      0.000	      0.000	      0.000	      0.000	      0.000	      0.000	
 07/16-11:26	2278.600	2283.400	2278.600	2282.000	           5805	    131.000	   2273.962	   2278.577	   2281.244	   2288.857	           	      0.000	      1.000	      0.000	      0.000	      0.000	      0.000	      0.000	      0.000	      0.000	
 07/16-11:27	2281.800	2283.600	2280.400	2283.600	           2962	    132.000	   2274.083	   2278.652	   2281.228	   2288.731	           	      0.000	      1.000	      0.000	      0.000	      0.000	      0.000	      0.000	      0.000	      0.000	
 07/16-11:28	2283.200	2284.600	2282.200	2283.800	           2440	    133.000	   2274.242	   2278.723	   2281.232	   2288.638	           	      0.000	      1.000	      0.000	      0.000	      0.000	      0.000	      0.000	      0.000	      0.000	
 07/16-11:29	2283.800	2284.000	2281.600	2281.800	           2246	    134.000	   2274.404	   2278.762	   2281.217	   2288.532	           	      0.000	      1.000	      0.000	      0.000	      0.000	      0.000	      0.000	      0.000	      0.000	
 07/16-11:30	2281.600	2284.600	2281.200	2283.600	           2677	    135.000	   2274.733	   2278.863	   2281.205	   2288.435	           	      0.000	      1.000	      0.000	      0.000	      0.000	      0.000	      0.000	      0.000	      0.000	
 07/16-13:01	2283.400	2284.400	2280.600	2280.800	           2329	    136.000	   2274.867	   2278.919	   2281.163	   2288.342	           	      0.000	      1.000	      0.000	      0.000	      0.000	      0.000	      0.000	      0.000	      0.000	
 07/16-13:02	2281.000	2281.800	2280.200	2280.600	           1211	    137.000	   2275.012	   2278.960	   2281.143	   2288.236	           	      0.000	      1.000	      0.000	      0.000	      0.000	      0.000	      0.000	      0.000	      0.000	
 07/16-13:03	2280.800	2281.400	2279.200	2280.600	           1614	    138.000	   2275.192	   2278.971	   2281.122	   2288.129	           	      0.000	      1.000	      0.000	      0.000	      0.000	      0.000	      0.000	      0.000	      0.000	
 07/16-13:04	2280.400	2282.400	2280.000	2281.800	           1635	    139.000	   2275.571	   2279.029	   2281.053	   2288.032	           	      0.000	      1.000	      0.000	      0.000	      0.000	      0.000	      0.000	      0.000	      0.000	
 07/16-13:05	2281.800	2287.400	2281.600	2286.400	           4630	    140.000	   2275.996	   2279.144	   2281.013	   2287.976	           	      0.000	      1.000	      0.000	      0.000	      0.000	      0.000	      0.000	      0.000	      0.000	
 07/16-13:06	2286.800	2287.800	2286.200	2287.400	           2088	    141.000	   2276.433	   2279.200	   2280.985	   2287.899	           	      0.000	      1.000	      0.000	      0.000	      0.000	      0.000	      0.000	      0.000	      0.000	
 07/16-13:07	2287.200	2289.000	2287.000	2287.800	           2882	    142.000	   2276.887	   2279.256	   2280.973	   2287.831	           	      0.000	      1.000	      0.000	      0.000	      0.000	      0.000	      0.000	      0.000	      0.000	
 07/16-13:08	2288.000	2288.400	2286.200	2286.400	           2062	    143.000	   2277.567	   2279.290	   2280.956	   2287.743	           	      0.000	      1.000	      0.000	      0.000	      0.000	      0.000	      0.000	      0.000	      0.000	
 07/16-13:09	2286.200	2286.600	2283.400	2284.000	           2725	    144.000	   2278.183	   2279.292	   2280.906	   2287.646	           	      0.000	      1.000	      0.000	      0.000	      0.000	      0.000	      0.000	      0.000	      0.000	
 07/16-13:10	2284.200	2284.800	2281.200	2281.200	           2726	    145.000	   2278.621	   2279.240	   2280.842	   2287.530	           	      0.000	      1.000	      0.000	      0.000	      0.000	      0.000	      0.000	      0.000	      0.000	
 07/16-13:11	2281.400	2286.800	2281.400	2286.400	           2741	    146.000	   2279.167	   2279.252	   2280.840	   2287.445	           	      0.000	      1.000	      0.000	      0.000	      0.000	      0.000	      0.000	      0.000	      0.000	
 07/16-13:12	2286.200	2294.200	2286.000	2293.800	           8170	    147.000	   2279.875	   2279.404	   2280.852	   2287.390	           	      0.000	      1.000	      0.000	      0.000	      0.000	      0.000	      0.000	      0.000	      0.000	
 07/16-13:13	2293.600	2298.200	2292.800	2293.800	           6077	    148.000	   2280.613	   2279.587	   2280.869	   2287.351	           	      0.000	      1.000	      0.000	      0.000	      0.000	      0.000	      0.000	      0.000	      0.000	
 07/16-13:14	2294.000	2294.800	2292.400	2293.200	           2796	    149.000	   2281.317	   2279.754	   2280.864	   2287.296	           	      0.000	      1.000	      0.000	      0.000	      0.000	      0.000	      0.000	      0.000	      0.000	
 07/16-13:15	2293.400	2297.200	2293.200	2295.800	           3695	    150.000	   2282.012	   2279.946	   2280.885	   2287.239	           	      0.000	      1.000	      0.000	      0.000	      0.000	      0.000	      0.000	      0.000	      0.000	
 07/16-13:16	2295.600	2295.800	2292.200	2292.400	           3159	    151.000	   2282.637	   2280.019	   2280.886	   2287.211	           	      0.000	      1.000	      0.000	      0.000	      0.000	      0.000	      0.000	      0.000	      0.000	
 07/16-13:17	2292.600	2293.600	2292.000	2293.000	           1779	    152.000	   2283.404	   2280.102	   2280.893	   2287.196	           	      0.000	      1.000	      0.000	      0.000	      0.000	      0.000	      0.000	      0.000	      0.000	
 07/16-13:18	2293.200	2303.800	2293.200	2302.600	           9005	    153.000	   2284.525	   2280.304	   2280.992	   2287.206	           	      0.000	      0.000	      1.000	      0.000	      0.000	      0.000	      0.000	      0.000	      0.000	
 07/16-13:19	2302.000	2304.000	2299.400	2300.200	           4803	    154.000	   2285.375	   2280.508	   2281.080	   2287.210	           	      0.000	      0.000	      1.000	      0.000	      0.000	      0.000	      0.000	      1.000	      0.000	
 07/16-13:20	2300.400	2302.200	2298.200	2298.600	           3507	    155.000	   2286.200	   2280.723	   2281.150	   2287.197	           	      0.000	      0.000	      1.000	      0.000	      0.000	      0.000	      0.000	      0.000	      0.000	
 07/16-13:21	2299.200	2300.000	2296.400	2296.600	           3789	    156.000	   2286.858	   2280.902	   2281.208	   2287.172	           	      0.000	      0.000	      1.000	      0.000	      0.000	      0.000	      0.000	      0.000	      0.000	
 07/16-13:22	2296.800	2296.800	2292.400	2295.600	           4097	    157.000	   2287.512	   2281.090	   2281.258	   2287.146	           	      0.000	      0.000	      1.000	      0.000	      0.000	      0.000	      0.000	      0.000	      0.000	
 07/16-13:23	2295.600	2296.400	2293.400	2294.600	           2356	    158.000	   2288.146	   2281.240	   2281.325	   2287.110	           	      0.000	      0.000	      1.000	      0.000	      0.000	      0.000	      0.000	      0.000	      0.000	
 07/16-13:24	2294.600	2295.000	2291.800	2292.800	           3236	    159.000	   2288.671	   2281.385	   2281.383	   2287.054	           	      0.000	      0.000	      1.000	      0.000	      0.000	      0.000	      0.000	      0.000	      0.000	
 07/16-13:25	2292.800	2293.400	2291.800	2292.200	           1885	    160.000	   2289.113	   2281.556	   2281.455	   2287.021	           	      0.000	      1.000	      0.000	      0.000	      0.000	      0.000	      0.000	      0.000	      0.000	
 07/16-13:26	2292.200	2292.200	2288.800	2289.000	           5923	    161.000	   2289.346	   2281.654	   2281.503	   2286.979	           	      0.000	      1.000	      0.000	      0.000	      0.000	      0.000	      0.000	      0.000	      0.000	
 07/16-13:27	2289.000	2290.600	2288.200	2290.400	           3255	    162.000	   2289.575	   2281.829	   2281.572	   2286.915	           	      0.000	      1.000	      0.000	      0.000	      0.000	      0.000	      0.000	      0.000	      0.000	
 07/16-13:28	2290.200	2290.200	2287.000	2288.400	           2925	    163.000	   2289.725	   2281.983	   2281.612	   2286.868	           	      0.000	      1.000	      0.000	      0.000	      0.000	      0.000	      0.000	      0.000	      0.000	
 07/16-13:29	2288.400	2288.600	2287.000	2288.200	           2133	    164.000	   2289.942	   2282.173	   2281.655	   2286.797	           	      0.000	      1.000	      0.000	      0.000	      0.000	      0.000	      0.000	      0.000	      0.000	
 07/16-13:30	2288.600	2289.600	2288.400	2288.600	           2243	    165.000	   2290.108	   2282.421	   2281.700	   2286.719	           	      0.000	      1.000	      0.000	      0.000	      0.000	      0.000	      0.000	      0.000	      0.000	
 07/16-13:31	2289.200	2289.200	2284.800	2286.000	           4389	    166.000	   2290.283	   2282.575	   2281.717	   2286.629	           	      0.000	      1.000	      0.000	      0.000	      0.000	      0.000	      0.000	      0.000	      0.000	
 07/16-13:32	2286.200	2289.200	2286.000	2289.200	           2678	    167.000	   2290.567	   2282.790	   2281.756	   2286.551	           	      0.000	      1.000	      0.000	      0.000	      0.000	      0.000	      0.000	      0.000	      0.000	
 07/16-13:33	2289.000	2293.400	2288.800	2291.400	           4603	    168.000	   2290.925	   2283.058	   2281.826	   2286.488	           	      0.000	      1.000	      0.000	      0.000	      0.000	      0.000	      0.000	      0.000	      0.000	
 07/16-13:34	2291.000	2294.400	2290.800	2292.000	           2983	    169.000	   2291.267	   2283.419	   2281.917	   2286.423	           	      0.000	      1.000	      0.000	      0.000	      0.000	      0.000	      0.000	      0.000	      0.000	
 07/16-13:35	2292.000	2301.000	2291.200	2299.400	           7707	    170.000	   2291.700	   2283.848	   2282.071	   2286.406	           	      0.000	      1.000	      0.000	      0.000	      0.000	      0.000	      0.000	      0.000	      0.000	
 07/16-13:36	2299.800	2302.600	2296.400	2296.400	           6971	    171.000	   2292.000	   2284.217	   2282.202	   2286.388	           	      0.000	      1.000	      0.000	      0.000	      0.000	      0.000	      0.000	      0.000	      0.000	
 07/16-13:37	2295.400	2296.600	2294.200	2295.200	           3842	    172.000	   2292.246	   2284.567	   2282.323	   2286.359	           	      0.000	      0.000	      1.000	      0.000	      0.000	      0.000	      0.000	      0.000	      0.000	
 07/16-13:38	2295.200	2303.000	2295.200	2301.000	           5531	    173.000	   2292.733	   2285.150	   2282.496	   2286.366	           	      0.000	      0.000	      1.000	      0.000	      0.000	      0.000	      0.000	      0.000	      0.000	
 07/16-13:39	2301.000	2307.600	2300.200	2302.800	           9287	    174.000	   2293.363	   2285.773	   2282.652	   2286.372	           	      0.000	      0.000	      1.000	      0.000	      0.000	      0.000	      0.000	      1.000	      0.000	
 07/16-13:40	2302.800	2306.000	2302.800	2304.000	           4196	    175.000	   2294.121	   2286.371	   2282.824	   2286.400	           	      0.000	      0.000	      1.000	      0.000	      0.000	      0.000	      0.000	      0.000	      0.000	
 07/16-13:41	2303.600	2303.600	2299.000	2299.000	           4062	    176.000	   2294.542	   2286.854	   2282.955	   2286.397	           	      0.000	      0.000	      1.000	      0.000	      0.000	      0.000	      0.000	      0.000	      0.000	
 07/16-13:42	2299.000	2301.200	2298.400	2299.800	           3547	    177.000	   2294.738	   2287.306	   2283.080	   2286.398	           	      0.000	      0.000	      1.000	      0.000	      0.000	      0.000	      0.000	      0.000	      0.000	
 07/16-13:43	2299.800	2301.000	2296.000	2297.400	           3821	    178.000	   2294.858	   2287.735	   2283.203	   2286.385	           	      0.000	      0.000	      1.000	      0.000	      0.000	      0.000	      0.000	      0.000	      0.000	
 07/16-13:44	2297.400	2299.800	2295.200	2295.800	           3575	    179.000	   2294.946	   2288.131	   2283.320	   2286.375	           	      0.000	      0.000	      1.000	      0.000	      0.000	      0.000	      0.000	      0.000	      0.000	
 07/16-13:45	2295.600	2296.400	2292.200	2293.600	           5490	    180.000	   2294.875	   2288.444	   2283.447	   2286.362	           	      0.000	      0.000	      1.000	      0.000	      0.000	      0.000	      0.000	      0.000	      0.000	
 07/16-13:46	2293.800	2296.000	2292.200	2293.400	           3436	    181.000	   2294.908	   2288.773	   2283.563	   2286.351	           	      0.000	      0.000	      1.000	      0.000	      0.000	      0.000	      0.000	      0.000	      0.000	
 07/16-13:47	2293.600	2296.400	2292.800	2296.400	           2033	    182.000	   2295.021	   2289.212	   2283.719	   2286.361	           	      0.000	      0.000	      1.000	      0.000	      0.000	      0.000	      0.000	      0.000	      0.000	
 07/16-13:48	2296.800	2301.000	2296.400	2297.200	           5747	    183.000	   2294.842	   2289.683	   2283.916	   2286.368	           	      0.000	      0.000	      1.000	      0.000	      0.000	      0.000	      0.000	      0.000	      0.000	
 07/16-13:49	2297.600	2298.600	2289.600	2289.600	           6300	    184.000	   2294.483	   2289.929	   2284.084	   2286.354	           	      0.000	      0.000	      1.000	      0.000	      0.000	      0.000	      0.000	      0.000	      0.000	
 07/16-13:50	2290.400	2295.000	2290.400	2293.200	           4583	    185.000	   2294.308	   2290.254	   2284.281	   2286.344	           	      0.000	      0.000	      1.000	      0.000	      0.000	      0.000	      0.000	      0.000	      0.000	
 07/16-13:51	2293.200	2296.000	2292.800	2294.400	           2735	    186.000	   2294.233	   2290.546	   2284.468	   2286.350	           	      0.000	      0.000	      1.000	      0.000	      0.000	      0.000	      0.000	      0.000	      0.000	
 07/16-13:52	2294.000	2299.600	2293.800	2296.400	           3670	    187.000	   2294.258	   2290.885	   2284.661	   2286.360	           	      0.000	      0.000	      1.000	      0.000	      0.000	      0.000	      0.000	      0.000	      0.000	
 07/16-13:53	2296.600	2300.800	2296.000	2297.200	           3295	    188.000	   2294.346	   2291.246	   2284.858	   2286.365	           	      0.000	      0.000	      1.000	      0.000	      0.000	      0.000	      0.000	      0.000	      0.000	
 07/16-13:54	2297.200	2299.400	2297.000	2297.200	           2151	    189.000	   2294.496	   2291.583	   2285.044	   2286.369	           	      0.000	      0.000	      1.000	      0.000	      0.000	      0.000	      0.000	      0.000	      0.000	
 07/16-13:55	2297.400	2297.400	2292.600	2294.000	           4093	    190.000	   2294.554	   2291.833	   2285.192	   2286.366	           	      0.000	      0.000	      1.000	      0.000	      0.000	      0.000	      0.000	      0.000	      0.000	
 07/16-13:56	2294.400	2300.400	2294.000	2299.000	           3574	    191.000	   2294.887	   2292.117	   2285.347	   2286.372	           	      0.000	      0.000	      1.000	      0.000	      0.000	      0.000	      0.000	      0.000	      0.000	
 07/16-13:57	2298.800	2301.000	2295.600	2298.600	           4009	    192.000	   2295.158	   2292.367	   2285.509	   2286.382	           	      0.000	      0.000	      1.000	      0.000	      0.000	      0.000	      0.000	      0.000	      0.000	
 07/16-13:58	2298.800	2303.600	2298.000	2302.800	           5059	    193.000	   2295.642	   2292.683	   2285.703	   2286.419	           	      0.000	      0.000	      1.000	      0.000	      0.000	      0.000	      0.000	      0.000	      0.000	
 07/16-13:59	2302.200	2303.800	2299.400	2301.400	           4034	    194.000	   2296.079	   2293.010	   2285.886	   2286.444	           	      0.000	      0.000	      1.000	      0.000	      0.000	      0.000	      0.000	      0.000	      0.000	
 07/16-14:00	2302.000	2305.000	2301.400	2303.000	           4244	    195.000	   2296.558	   2293.333	   2286.098	   2286.475	           	      0.000	      0.000	      1.000	      0.000	      0.000	      0.000	      0.000	      0.000	      0.000	
 07/16-14:01	2303.000	2304.600	2301.400	2302.600	           3110	    196.000	   2297.113	   2293.698	   2286.308	   2286.512	           	      0.000	      0.000	      1.000	      0.000	      0.000	      0.000	      0.000	      0.000	      0.000	
 07/16-14:02	2302.400	2302.600	2298.800	2299.200	           3528	    197.000	   2297.446	   2294.006	   2286.483	   2286.552	           	      0.000	      0.000	      1.000	      0.000	      0.000	      0.000	      0.000	      0.000	      0.000	
 07/16-14:03	2299.200	2301.800	2297.600	2300.000	           3474	    198.000	   2297.733	   2294.329	   2286.650	   2286.602	           	      1.000	      0.000	      0.000	      0.000	      0.000	      0.000	      0.000	      0.000	      0.000	
 07/16-14:04	2300.000	2303.000	2299.400	2300.200	           2719	    199.000	   2298.008	   2294.637	   2286.833	   2286.655	           	      1.000	      0.000	      0.000	      0.000	      0.000	      0.000	      0.000	      0.000	      0.000	
 07/16-14:05	2300.000	2300.400	2294.200	2295.800	           4935	    200.000	   2297.883	   2294.792	   2286.968	   2286.686	           	      1.000	      0.000	      0.000	      0.000	      0.000	      0.000	      0.000	      0.000	      0.000	
 07/16-14:06	2295.800	2296.800	2293.400	2293.600	           3855	    201.000	   2297.792	   2294.896	   2287.048	   2286.708	           	      1.000	      0.000	      0.000	      0.000	      0.000	      0.000	      0.000	      0.000	      0.000	
 07/16-14:07	2293.600	2293.800	2291.600	2292.000	           4229	    202.000	   2297.688	   2294.967	   2287.112	   2286.727	           	      0.000	      0.000	      1.000	      0.000	      0.000	      0.000	      0.000	      0.000	      0.000	
 07/16-14:08	2292.000	2293.400	2291.800	2292.600	           2327	    203.000	   2297.408	   2295.071	   2287.180	   2286.753	           	      0.000	      0.000	      1.000	      0.000	      0.000	      0.000	      0.000	      0.000	      0.000	
 07/16-14:09	2292.200	2293.400	2291.200	2293.000	           2641	    204.000	   2297.079	   2295.221	   2287.256	   2286.774	           	      0.000	      0.000	      1.000	      0.000	      0.000	      0.000	      0.000	      0.000	      0.000	
 07/16-14:10	2292.800	2293.000	2290.200	2292.000	           2911	    205.000	   2296.679	   2295.400	   2287.320	   2286.780	           	      0.000	      0.000	      1.000	      0.000	      0.000	      0.000	      0.000	      0.000	      0.000	
 07/16-14:11	2292.200	2293.200	2289.000	2291.400	           3274	    206.000	   2296.425	   2295.483	   2287.368	   2286.782	           	      0.000	      0.000	      1.000	      0.000	      0.000	      0.000	      0.000	      0.000	      0.000	
 07/16-14:12	2291.400	2292.800	2289.200	2291.800	           2317	    207.000	   2296.163	   2295.450	   2287.427	   2286.795	           	      0.000	      0.000	      1.000	      0.000	      0.000	      0.000	      0.000	      0.000	      0.000	
 07/16-14:13	2291.600	2292.800	2290.200	2292.600	           1693	    208.000	   2296.000	   2295.429	   2287.508	   2286.826	           	      0.000	      0.000	      1.000	      0.000	      0.000	      0.000	      0.000	      0.000	      0.000	
 07/16-14:14	2292.800	2293.400	2289.600	2290.600	           2635	    209.000	   2295.825	   2295.385	   2287.570	   2286.854	           	      0.000	      0.000	      1.000	      0.000	      0.000	      0.000	      0.000	      0.000	      0.000	
 07/16-14:15	2290.600	2293.400	2290.200	2291.400	           2683	    210.000	   2295.750	   2295.313	   2287.629	   2286.871	           	      0.000	      0.000	      1.000	      0.000	      0.000	      0.000	      0.000	      0.000	      0.000	
 07/16-14:16	2291.400	2293.400	2291.400	2292.800	           1327	    211.000	   2295.733	   2295.321	   2287.670	   2286.897	           	      0.000	      0.000	      1.000	      0.000	      0.000	      0.000	      0.000	      0.000	      0.000	
 07/16-14:17	2292.600	2293.400	2288.800	2289.600	           3200	    212.000	   2295.508	   2295.265	   2287.683	   2286.899	           	      0.000	      0.000	      1.000	      0.000	      0.000	      0.000	      0.000	      0.000	      0.000	
 07/16-14:18	2289.600	2291.400	2287.600	2289.000	           3813	    213.000	   2295.233	   2295.038	   2287.671	   2286.898	           	      0.000	      0.000	      1.000	      0.000	      0.000	      0.000	      0.000	      0.000	      0.000	
 07/16-14:19	2289.200	2289.200	2286.200	2287.000	           3750	    214.000	   2295.150	   2294.817	   2287.663	   2286.893	           	      0.000	      0.000	      1.000	      0.000	      0.000	      0.000	      0.000	      0.000	      0.000	
 07/16-14:20	2287.000	2287.200	2285.200	2286.200	           3378	    215.000	   2294.913	   2294.610	   2287.667	   2286.866	           	      0.000	      0.000	      1.000	      0.000	      0.000	      0.000	      0.000	      0.000	      0.000	
 07/16-14:21	2285.800	2286.600	2285.000	2286.000	           2999	    216.000	   2294.633	   2294.433	   2287.668	   2286.835	           	      0.000	      0.000	      1.000	      0.000	      0.000	      0.000	      0.000	      0.000	      0.000	
 07/16-14:22	2286.200	2287.600	2286.000	2287.400	           2373	    217.000	   2294.333	   2294.296	   2287.693	   2286.796	           	      0.000	      0.000	      1.000	      0.000	      0.000	      0.000	      0.000	      0.000	      0.000	
 07/16-14:23	2287.200	2287.400	2283.800	2285.600	           3788	    218.000	   2293.946	   2294.146	   2287.693	   2286.759	           	      0.000	      0.000	      1.000	      0.000	      0.000	      0.000	      0.000	      0.000	      0.000	
 07/16-14:24	2285.400	2287.800	2285.200	2287.600	           2342	    219.000	   2293.625	   2294.060	   2287.723	   2286.729	           	      0.000	      0.000	      1.000	      0.000	      0.000	      0.000	      0.000	      0.000	      0.000	
 07/16-14:25	2287.800	2288.800	2286.600	2288.000	           1980	    220.000	   2293.425	   2293.990	   2287.773	   2286.713	           	      0.000	      0.000	      1.000	      0.000	      0.000	      0.000	      0.000	      0.000	      0.000	
 07/16-14:26	2288.000	2290.000	2287.600	2288.000	           2383	    221.000	   2293.058	   2293.973	   2287.813	   2286.689	           	      0.000	      0.000	      1.000	      0.000	      0.000	      0.000	      0.000	      0.000	      0.000	
 07/16-14:27	2288.600	2288.600	2284.800	2285.800	           2069	    222.000	   2292.633	   2293.896	   2287.863	   2286.657	           	      0.000	      0.000	      1.000	      0.000	      0.000	      0.000	      0.000	      0.000	      0.000	
 07/16-14:28	2285.400	2288.200	2283.600	2287.800	           3612	    223.000	   2292.133	   2293.887	   2287.935	   2286.634	           	      0.000	      0.000	      1.000	      0.000	      0.000	      0.000	      0.000	      0.000	      0.000	
 07/16-14:29	2287.600	2288.600	2285.800	2286.800	           1815	    224.000	   2291.646	   2293.863	   2288.018	   2286.598	           	      0.000	      0.000	      1.000	      0.000	      0.000	      0.000	      0.000	      0.000	      0.000	
 07/16-14:30	2286.800	2290.000	2286.800	2289.000	           2637	    225.000	   2291.179	   2293.869	   2288.145	   2286.588	           	      0.000	      0.000	      1.000	      0.000	      0.000	      0.000	      0.000	      0.000	      0.000	
 07/16-14:31	2288.800	2291.000	2288.600	2289.800	           2747	    226.000	   2290.754	   2293.933	   2288.254	   2286.582	           	      0.000	      0.000	      1.000	      0.000	      0.000	      0.000	      0.000	      0.000	      0.000	
 07/16-14:32	2289.800	2292.400	2289.800	2292.000	           2131	    227.000	   2290.517	   2293.981	   2288.385	   2286.572	           	      0.000	      0.000	      1.000	      0.000	      0.000	      0.000	      0.000	      0.000	      0.000	
 07/16-14:33	2291.800	2293.400	2291.400	2293.000	           2406	    228.000	   2290.283	   2294.008	   2288.533	   2286.566	           	      0.000	      0.000	      1.000	      0.000	      0.000	      0.000	      0.000	      0.000	      0.000	
 07/16-14:34	2293.000	2294.800	2292.800	2294.400	           2645	    229.000	   2290.087	   2294.048	   2288.733	   2286.572	           	      0.000	      0.000	      1.000	      0.000	      0.000	      0.000	      0.000	      0.000	      0.000	
 07/16-14:35	2294.200	2296.600	2293.200	2296.000	           3568	    230.000	   2290.096	   2293.990	   2288.919	   2286.580	           	      0.000	      0.000	      1.000	      0.000	      0.000	      0.000	      0.000	      0.000	      0.000	
 07/16-14:36	2295.800	2297.000	2295.000	2296.400	           3420	    231.000	   2290.188	   2293.990	   2289.103	   2286.587	           	      0.000	      0.000	      1.000	      0.000	      0.000	      0.000	      0.000	      0.000	      0.000	
 07/16-14:37	2296.400	2297.600	2294.000	2295.600	           3235	    232.000	   2290.308	   2293.998	   2289.282	   2286.591	           	      0.000	      0.000	      1.000	      0.000	      0.000	      0.000	      0.000	      0.000	      0.000	
 07/16-14:38	2295.200	2296.000	2294.400	2295.600	           1915	    233.000	   2290.408	   2293.908	   2289.529	   2286.600	           	      0.000	      0.000	      1.000	      0.000	      0.000	      0.000	      0.000	      0.000	      0.000	
 07/16-14:39	2295.800	2296.000	2294.000	2294.800	           2145	    234.000	   2290.467	   2293.773	   2289.773	   2286.601	           	      0.000	      0.000	      1.000	      0.000	      0.000	      0.000	      0.000	      0.000	      0.000	
 07/16-14:40	2294.400	2295.000	2293.800	2294.800	           1667	    235.000	   2290.558	   2293.619	   2289.995	   2286.615	           	      0.000	      0.000	      1.000	      0.000	      0.000	      0.000	      0.000	      0.000	      0.000	
 07/16-14:41	2294.400	2297.800	2293.600	2296.800	           3190	    236.000	   2290.742	   2293.583	   2290.219	   2286.634	           	      0.000	      0.000	      1.000	      0.000	      0.000	      0.000	      0.000	      1.000	      0.000	
 07/16-14:42	2297.000	2297.000	2293.800	2294.000	           2224	    237.000	   2290.813	   2293.488	   2290.397	   2286.644	           	      0.000	      0.000	      1.000	      0.000	      0.000	      0.000	      0.000	      0.000	      0.000	
 07/16-14:43	2294.200	2297.000	2294.200	2294.800	           2021	    238.000	   2290.887	   2293.444	   2290.590	   2286.663	           	      0.000	      0.000	      1.000	      0.000	      0.000	      0.000	      0.000	      0.000	      0.000	
 07/16-14:44	2295.000	2296.600	2294.400	2295.600	           1599	    239.000	   2291.054	   2293.440	   2290.785	   2286.685	           	      0.000	      0.000	      1.000	      0.000	      0.000	      0.000	      0.000	      0.000	      0.000	
 07/16-14:45	2295.600	2298.400	2295.200	2297.400	           3040	    240.000	   2291.254	   2293.502	   2290.973	   2286.710	           	      0.000	      0.000	      1.000	      0.000	      0.000	      0.000	      0.000	      1.000	      0.000	
 07/16-14:46	2297.400	2298.200	2296.400	2297.400	           2037	    241.000	   2291.404	   2293.569	   2291.171	   2286.740	           	      0.000	      0.000	      1.000	      0.000	      0.000	      0.000	      0.000	      0.000	      0.000	
 07/16-14:47	2297.400	2299.400	2297.400	2299.200	           2661	    242.000	   2291.725	   2293.617	   2291.415	   2286.777	           	      0.000	      0.000	      1.000	      0.000	      0.000	      0.000	      0.000	      0.000	      0.000	
 07/16-14:48	2299.400	2300.200	2298.200	2299.200	           2837	    243.000	   2292.067	   2293.650	   2291.667	   2286.815	           	      0.000	      0.000	      1.000	      0.000	      0.000	      0.000	      0.000	      1.000	      0.000	
 07/16-14:49	2299.600	2299.600	2297.600	2298.000	           1855	    244.000	   2292.433	   2293.792	   2291.860	   2286.858	           	      0.000	      0.000	      1.000	      0.000	      0.000	      0.000	      0.000	      0.000	      0.000	
 07/16-14:50	2298.000	2300.800	2297.600	2299.400	           2727	    245.000	   2292.875	   2293.894	   2292.074	   2286.905	           	      1.000	      0.000	      0.000	      0.000	      0.000	      0.000	      0.000	      1.000	      0.000	
 07/16-14:51	2299.600	2299.800	2298.400	2299.000	           1223	    246.000	   2293.308	   2293.971	   2292.258	   2286.947	           	      1.000	      0.000	      0.000	      0.000	      0.000	      0.000	      0.000	      0.000	      0.000	
 07/16-14:52	2299.200	2300.000	2298.800	2299.600	           1097	    247.000	   2293.717	   2294.025	   2292.455	   2286.976	           	      1.000	      0.000	      0.000	      0.000	      0.000	      0.000	      0.000	      0.000	      0.000	
 07/16-14:53	2299.800	2301.800	2299.200	2301.400	           2063	    248.000	   2294.242	   2294.094	   2292.670	   2287.010	           	      1.000	      0.000	      0.000	      0.000	      0.000	      0.000	      0.000	      0.000	      0.000	
 07/16-14:54	2301.600	2304.800	2301.600	2304.000	           3678	    249.000	   2294.788	   2294.206	   2292.895	   2287.059	           	      1.000	      0.000	      0.000	      0.000	      0.000	      0.000	      0.000	      0.000	      0.000	
 07/16-14:55	2304.000	2309.200	2304.000	2305.800	           5160	    250.000	   2295.379	   2294.402	   2293.118	   2287.116	           	      1.000	      0.000	      0.000	      0.000	      0.000	      0.000	      0.000	      1.000	      0.000	
 07/16-14:56	2305.800	2308.200	2305.000	2306.200	           2786	    251.000	   2295.988	   2294.523	   2293.320	   2287.217	           	      1.000	      0.000	      0.000	      0.000	      0.000	      0.000	      0.000	      0.000	      0.000	
 07/16-14:57	2306.400	2308.200	2306.000	2306.800	           2061	    252.000	   2296.688	   2294.660	   2293.513	   2287.316	           	      1.000	      0.000	      0.000	      0.000	      0.000	      0.000	      0.000	      0.000	      0.000	
 07/16-14:58	2306.800	2307.000	2304.200	2306.400	           3017	    253.000	   2297.304	   2294.719	   2293.701	   2287.402	           	      1.000	      0.000	      0.000	      0.000	      0.000	      0.000	      0.000	      0.000	      0.000	
 07/16-14:59	2306.800	2311.600	2306.400	2309.600	           5937	    254.000	   2298.067	   2294.856	   2293.933	   2287.500	           	      1.000	      0.000	      0.000	      0.000	      0.000	      0.000	      0.000	      1.000	      0.000	
 07/16-15:00	2309.600	2310.000	2307.000	2307.000	           2364	    255.000	   2298.667	   2294.923	   2294.128	   2287.590	           	      1.000	      0.000	      0.000	      0.000	      0.000	      0.000	      0.000	      0.000	      0.000	
 07/16-15:01	2306.800	2307.600	2305.400	2307.000	           2233	    256.000	   2299.238	   2294.996	   2294.347	   2287.683	           	      1.000	      0.000	      0.000	      0.000	      0.000	      0.000	      0.000	      0.000	      0.000	
 07/16-15:02	2307.200	2308.400	2306.000	2306.400	           1820	    257.000	   2299.717	   2295.117	   2294.562	   2287.757	           	      1.000	      0.000	      0.000	      0.000	      0.000	      0.000	      0.000	      0.000	      0.000	
 07/16-15:03	2306.600	2310.600	2306.200	2309.200	           2716	    258.000	   2300.258	   2295.271	   2294.800	   2287.842	           	      1.000	      0.000	      0.000	      0.000	      0.000	      0.000	      0.000	      0.000	      0.000	
 07/16-15:04	2309.400	2311.600	2307.800	2309.000	           2522	    259.000	   2300.746	   2295.417	   2295.027	   2287.921	           	      1.000	      0.000	      0.000	      0.000	      0.000	      0.000	      0.000	      1.000	      0.000	
 07/16-15:05	2309.000	2310.600	2308.200	2308.400	           1665	    260.000	   2301.158	   2295.627	   2295.209	   2288.012	           	      1.000	      0.000	      0.000	      0.000	      0.000	      0.000	      0.000	      0.000	      0.000	
 07/16-15:06	2308.200	2308.200	2305.400	2306.200	           2662	    261.000	   2301.488	   2295.837	   2295.367	   2288.094	           	      1.000	      0.000	      0.000	      0.000	      0.000	      0.000	      0.000	      0.000	      0.000	
 07/16-15:07	2306.200	2308.000	2306.000	2306.800	           1143	    262.000	   2301.858	   2296.083	   2295.525	   2288.180	           	      1.000	      0.000	      0.000	      0.000	      0.000	      0.000	      0.000	      0.000	      0.000	
 07/16-15:08	2306.800	2307.800	2306.000	2306.400	           1260	    263.000	   2302.217	   2296.313	   2295.692	   2288.272	           	      1.000	      0.000	      0.000	      0.000	      0.000	      0.000	      0.000	      0.000	      0.000	
 07/16-15:09	2306.400	2308.800	2306.200	2308.000	           1575	    264.000	   2302.658	   2296.563	   2295.892	   2288.369	           	      1.000	      0.000	      0.000	      0.000	      0.000	      0.000	      0.000	      0.000	      0.000	
 07/16-15:10	2308.200	2309.800	2307.000	2307.600	           2076	    265.000	   2303.087	   2296.823	   2296.112	   2288.460	           	      1.000	      0.000	      0.000	      0.000	      0.000	      0.000	      0.000	      0.000	      0.000	
 07/16-15:11	2307.000	2308.000	2306.200	2307.000	           1369	    266.000	   2303.425	   2297.083	   2296.283	   2288.544	           	      1.000	      0.000	      0.000	      0.000	      0.000	      0.000	      0.000	      0.000	      0.000	
 07/16-15:12	2307.400	2309.600	2307.200	2309.000	           1919	    267.000	   2303.925	   2297.369	   2296.409	   2288.648	           	      1.000	      0.000	      0.000	      0.000	      0.000	      0.000	      0.000	      0.000	      0.000	
 07/16-15:13	2308.600	2309.000	2307.800	2308.200	           1229	    268.000	   2304.375	   2297.631	   2296.530	   2288.749	           	      1.000	      0.000	      0.000	      0.000	      0.000	      0.000	      0.000	      0.000	      0.000	
 07/16-15:14	2308.200	2308.400	2305.600	2305.600	           2944	    269.000	   2304.708	   2297.881	   2296.633	   2288.812	           	      1.000	      0.000	      0.000	      0.000	      0.000	      0.000	      0.000	      0.000	      0.000	
 07/16-15:15	2305.600	2306.200	2303.400	2305.000	           3846	    270.000	   2304.962	   2298.108	   2296.710	   2288.866	           	      1.000	      0.000	      0.000	      0.000	      0.000	      0.000	      0.000	      0.000	      0.000	