 07/18-09:16	2265.200	2265.200	2252.000	2253.600	           5396	      1.000	   2266.529	   2269.623	   2278.729	   2287.170	           	      0.000	      1.000	      0.000	      0.000	      0.000	      0.000	      0.000	    -12.929	      0.000	      0.000	
 07/18-09:17	2254.000	2255.600	2246.600	2248.200	           5153	      2.000	   2265.758	   2269.258	   2278.243	   2287.023	           	      0.000	      1.000	      0.000	      0.000	      0.000	      0.000	      0.000	    -17.558	      0.000	      1.000	
 07/18-09:18	2248.400	2251.600	2247.200	2251.200	           2569	      3.000	   2265.208	   2268.923	   2277.797	   2286.889	           	      0.000	      1.000	      0.000	      0.000	      0.000	      0.000	      0.000	    -14.008	      0.000	      0.000	
 07/18-09:19	2250.800	2251.600	2248.800	2250.200	           1575	      4.000	   2264.521	   2268.592	   2277.355	   2286.745	           	      0.000	      1.000	      0.000	      0.000	      0.000	      0.000	      0.000	    -14.321	      0.000	      0.000	
 07/18-09:20	2250.200	2251.600	2249.200	2250.200	           1679	      5.000	   2263.825	   2268.283	   2276.918	   2286.598	           	      0.000	      1.000	      0.000	      0.000	      0.000	      0.000	      0.000	    -13.625	      0.000	      0.000	
 07/18-09:21	2250.200	2254.400	2249.600	2253.200	           1921	      6.000	   2263.246	   2267.965	   2276.494	   2286.473	           	      0.000	      1.000	      0.000	      0.000	      0.000	      0.000	      0.000	    -10.046	      0.000	      0.000	
 07/18-09:22	2253.200	2256.000	2252.400	2254.600	           2316	      7.000	   2262.675	   2267.675	   2276.114	   2286.358	           	      0.000	      1.000	      0.000	      0.000	      0.000	      0.000	      0.000	     -8.075	      0.000	      0.000	
 07/18-09:23	2254.800	2254.800	2251.000	2251.200	           1640	      8.000	   2262.038	   2267.363	   2275.713	   2286.232	           	      0.000	      1.000	      0.000	      0.000	      0.000	      0.000	      0.000	    -10.838	      0.000	      0.000	
 07/18-09:24	2251.200	2253.400	2251.200	2252.000	           1085	      9.000	   2261.458	   2267.069	   2275.318	   2286.096	           	      0.000	      1.000	      0.000	      0.000	      0.000	      0.000	      0.000	     -9.458	      0.000	      0.000	
 07/18-09:25	2252.000	2253.800	2250.200	2252.800	           1392	     10.000	   2260.875	   2266.815	   2274.917	   2285.973	           	      0.000	      1.000	      0.000	      0.000	      0.000	      0.000	      0.000	     -8.075	      0.000	      0.000	
 07/18-09:26	2252.400	2253.600	2250.800	2251.600	            971	     11.000	   2260.267	   2266.456	   2274.500	   2285.850	           	      0.000	      1.000	      0.000	      0.000	      0.000	      0.000	      0.000	     -8.667	      0.000	      0.000	
 07/18-09:27	2251.800	2252.600	2249.800	2251.400	           1706	     12.000	   2259.667	   2266.104	   2274.060	   2285.729	           	      0.000	      1.000	      0.000	      0.000	      0.000	      0.000	      0.000	     -8.267	      0.000	      0.000	
 07/18-09:28	2251.600	2254.400	2250.000	2253.400	           1569	     13.000	   2259.133	   2265.754	   2273.691	   2285.628	           	      0.000	      1.000	      0.000	      0.000	      0.000	      0.000	      0.000	     -5.733	      0.000	      0.000	
 07/18-09:29	2253.400	2257.800	2253.000	2253.400	           2246	     14.000	   2258.679	   2265.377	   2273.310	   2285.525	           	      0.000	      1.000	      0.000	      0.000	      0.000	      0.000	      0.000	     -5.279	      0.000	      0.000	
 07/18-09:30	2253.800	2256.600	2253.400	2256.000	           1350	     15.000	   2258.279	   2265.056	   2272.948	   2285.439	           	      0.000	      1.000	      0.000	      0.000	      0.000	      0.000	      0.000	     -2.279	      0.000	      0.000	
 07/18-09:31	2257.000	2257.400	2255.000	2255.200	           1486	     16.000	   2257.908	   2264.738	   2272.580	   2285.336	           	      0.000	      1.000	      0.000	      0.000	      0.000	      0.000	      0.000	     -2.708	      0.000	      0.000	
 07/18-09:32	2255.400	2267.000	2255.400	2266.000	           5677	     17.000	   2257.962	   2264.637	   2272.321	   2285.272	           	      0.000	      1.000	      0.000	      0.000	      0.000	      0.000	      0.000	      8.038	      0.000	      0.000	
 07/18-09:33	2265.800	2265.800	2262.400	2263.200	           4085	     18.000	   2257.925	   2264.385	   2272.072	   2285.196	           	      0.000	      1.000	      0.000	      0.000	      0.000	      0.000	      0.000	      5.275	      0.000	      0.000	
 07/18-09:34	2263.200	2265.000	2263.000	2264.000	           1582	     19.000	   2257.892	   2264.167	   2271.862	   2285.116	           	      0.000	      1.000	      0.000	      0.000	      0.000	      0.000	      0.000	      6.108	      0.000	      0.000	
 07/18-09:35	2263.800	2264.000	2261.200	2262.400	           2432	     20.000	   2257.817	   2263.913	   2271.620	   2285.021	           	      0.000	      1.000	      0.000	      0.000	      0.000	      0.000	      0.000	      4.583	      0.000	      0.000	
 07/18-09:36	2262.600	2265.000	2262.400	2263.400	           1968	     21.000	   2257.796	   2263.671	   2271.410	   2284.931	           	      0.000	      1.000	      0.000	      0.000	      0.000	      0.000	      0.000	      5.604	      0.000	      0.000	
 07/18-09:37	2263.800	2263.800	2259.800	2260.800	           2841	     22.000	   2257.675	   2263.400	   2271.175	   2284.826	           	      0.000	      1.000	      0.000	      0.000	      0.000	      0.000	      0.000	      3.125	      0.000	      0.000	
 07/18-09:38	2260.800	2260.800	2257.600	2258.400	           1940	     23.000	   2257.546	   2263.063	   2270.905	   2284.716	           	      0.000	      1.000	      0.000	      0.000	      0.000	      0.000	      0.000	      0.854	      0.000	      0.000	
 07/18-09:39	2258.800	2258.800	2255.200	2256.400	           2872	     24.000	   2257.292	   2262.750	   2270.654	   2284.584	           	      0.000	      1.000	      0.000	      0.000	      0.000	      0.000	      0.000	     -0.892	      0.000	      0.000	
 07/18-09:40	2256.000	2256.800	2252.600	2253.200	           3537	     25.000	   2256.908	   2262.396	   2270.367	   2284.442	           	      0.000	      1.000	      0.000	      0.000	      0.000	      0.000	      0.000	     -3.708	      0.000	      0.000	
 07/18-09:41	2253.200	2253.400	2241.000	2243.000	           9496	     26.000	   2256.175	   2261.906	   2269.977	   2284.262	           	      0.000	      1.000	      0.000	      0.000	      0.000	      0.000	      0.000	    -13.175	      0.000	      0.000	
 07/18-09:42	2243.000	2243.800	2229.200	2235.000	          10027	     27.000	   2255.221	   2261.337	   2269.535	   2284.059	           	      0.000	      1.000	      0.000	      0.000	      0.000	      0.000	      0.000	    -20.221	      0.000	      1.000	
 07/18-09:43	2235.800	2238.200	2234.000	2238.200	           4969	     28.000	   2254.367	   2260.810	   2269.138	   2283.869	           	      0.000	      1.000	      0.000	      0.000	      0.000	      0.000	      0.000	    -16.167	      0.000	      0.000	
 07/18-09:44	2238.000	2238.600	2233.800	2236.600	           2868	     29.000	   2253.433	   2260.296	   2268.717	   2283.667	           	      0.000	      1.000	      0.000	      0.000	      0.000	      0.000	      0.000	    -16.833	      0.000	      0.000	
 07/18-09:45	2236.400	2238.000	2231.200	2232.600	           4481	     30.000	   2252.379	   2259.702	   2268.268	   2283.455	           	      0.000	      1.000	      0.000	      0.000	      0.000	      0.000	      0.000	    -19.779	      0.000	      0.000	
 07/18-09:46	2232.200	2232.200	2224.600	2230.400	           8023	     31.000	   2251.604	   2259.067	   2267.815	   2283.212	           	      0.000	      1.000	      0.000	      0.000	      0.000	      0.000	      0.000	    -21.204	      0.000	      1.000	
 07/18-09:47	2230.200	2232.000	2227.800	2230.600	           2892	     32.000	   2251.021	   2258.390	   2267.364	   2282.959	           	      0.000	      1.000	      0.000	      0.000	      0.000	      0.000	      0.000	    -20.421	      0.000	      0.000	
 07/18-09:48	2230.600	2233.000	2228.600	2231.200	           2700	     33.000	   2250.354	   2257.781	   2266.937	   2282.705	           	      0.000	      1.000	      0.000	      0.000	      0.000	      0.000	      0.000	    -19.154	      0.000	      0.000	
 07/18-09:49	2231.200	2233.800	2229.400	2232.800	           2807	     34.000	   2249.771	   2257.146	   2266.511	   2282.449	           	      0.000	      1.000	      0.000	      0.000	      0.000	      0.000	      0.000	    -16.971	      0.000	      0.000	
 07/18-09:50	2233.200	2235.400	2232.600	2233.200	           2747	     35.000	   2249.208	   2256.517	   2266.125	   2282.204	           	      0.000	      1.000	      0.000	      0.000	      0.000	      0.000	      0.000	    -16.008	      0.000	      0.000	
 07/18-09:51	2232.400	2236.800	2231.800	2233.200	           3211	     36.000	   2248.538	   2255.892	   2265.737	   2281.960	           	      0.000	      1.000	      0.000	      0.000	      0.000	      0.000	      0.000	    -15.338	      0.000	      0.000	
 07/18-09:52	2233.600	2233.600	2228.000	2229.800	           3506	     37.000	   2247.712	   2255.194	   2265.285	   2281.698	           	      0.000	      1.000	      0.000	      0.000	      0.000	      0.000	      0.000	    -17.912	      0.000	      0.000	
 07/18-09:53	2229.800	2231.000	2228.000	2229.800	           2308	     38.000	   2247.000	   2254.519	   2264.839	   2281.446	           	      0.000	      1.000	      0.000	      0.000	      0.000	      0.000	      0.000	    -17.200	      0.000	      0.000	
 07/18-09:54	2230.400	2232.200	2228.200	2228.200	           2029	     39.000	   2246.208	   2253.833	   2264.366	   2281.168	           	      0.000	      1.000	      0.000	      0.000	      0.000	      0.000	      0.000	    -18.008	      0.000	      0.000	
 07/18-09:55	2228.400	2234.000	2225.000	2233.200	           5683	     40.000	   2245.550	   2253.212	   2263.950	   2280.862	           	      0.000	      1.000	      0.000	      0.000	      0.000	      0.000	      0.000	    -12.350	      0.000	      0.000	
 07/18-09:56	2232.800	2239.000	2232.600	2235.400	           5730	     41.000	   2245.017	   2252.642	   2263.558	   2280.574	           	      0.000	      1.000	      0.000	      0.000	      0.000	      0.000	      0.000	     -9.617	      0.000	      0.000	
 07/18-09:57	2235.400	2235.800	2232.200	2233.800	           2103	     42.000	   2244.425	   2252.046	   2263.187	   2280.289	           	      0.000	      1.000	      0.000	      0.000	      0.000	      0.000	      0.000	    -10.625	      0.000	      0.000	
 07/18-09:58	2233.200	2235.400	2232.400	2235.400	           1593	     43.000	   2243.825	   2251.479	   2262.842	   2279.989	           	      0.000	      1.000	      0.000	      0.000	      0.000	      0.000	      0.000	     -8.425	      0.000	      0.000	
 07/18-09:59	2235.000	2235.000	2231.200	2232.000	           2111	     44.000	   2243.113	   2250.896	   2262.450	   2279.664	           	      0.000	      1.000	      0.000	      0.000	      0.000	      0.000	      0.000	    -11.113	      0.000	      0.000	
 07/18-10:00	2231.400	2231.600	2223.000	2223.600	           7640	     45.000	   2242.033	   2250.156	   2262.005	   2279.313	           	      0.000	      1.000	      0.000	      0.000	      0.000	      0.000	      0.000	    -18.433	      0.000	      0.000	
 07/18-10:01	2223.200	2227.400	2221.200	2223.600	           5307	     46.000	   2240.979	   2249.444	   2261.532	   2278.963	           	      0.000	      1.000	      0.000	      0.000	      0.000	      0.000	      0.000	    -17.379	      0.000	      0.000	
 07/18-10:02	2223.800	2228.800	2221.600	2228.200	           4034	     47.000	   2239.717	   2248.840	   2261.083	   2278.653	           	      0.000	      1.000	      0.000	      0.000	      0.000	      0.000	      0.000	    -11.517	      0.000	      0.000	
 07/18-10:03	2228.200	2233.800	2228.200	2230.000	           3870	     48.000	   2238.613	   2248.269	   2260.651	   2278.353	           	      0.000	      1.000	      0.000	      0.000	      0.000	      0.000	      0.000	     -8.613	      0.000	      0.000	
 07/18-10:04	2229.800	2231.600	2229.000	2229.000	           1388	     49.000	   2237.446	   2247.669	   2260.211	   2278.068	           	      0.000	      1.000	      0.000	      0.000	      0.000	      0.000	      0.000	     -8.446	      0.000	      0.000	
 07/18-10:05	2229.600	2230.200	2225.600	2227.200	           2554	     50.000	   2236.275	   2247.046	   2259.760	   2277.773	           	      0.000	      1.000	      0.000	      0.000	      0.000	      0.000	      0.000	     -9.075	      0.000	      0.000	
 07/18-10:06	2227.400	2231.400	2227.400	2229.200	           1856	     51.000	   2235.133	   2246.465	   2259.310	   2277.482	           	      0.000	      1.000	      0.000	      0.000	      0.000	      0.000	      0.000	     -5.933	      0.000	      0.000	
 07/18-10:07	2229.400	2229.400	2223.400	2225.200	           2996	     52.000	   2233.946	   2245.810	   2258.834	   2277.195	           	      0.000	      1.000	      0.000	      0.000	      0.000	      0.000	      0.000	     -8.746	      0.000	      0.000	
 07/18-10:08	2225.200	2225.800	2219.200	2225.600	           4722	     53.000	   2232.854	   2245.200	   2258.352	   2276.904	           	      0.000	      1.000	      0.000	      0.000	      0.000	      0.000	      0.000	     -7.254	      0.000	      0.000	
 07/18-10:09	2226.200	2227.600	2221.000	2221.600	           3368	     54.000	   2231.696	   2244.494	   2257.824	   2276.593	           	      0.000	      1.000	      0.000	      0.000	      0.000	      0.000	      0.000	    -10.096	      0.000	      0.000	
 07/18-10:10	2222.000	2223.400	2216.000	2217.800	           5826	     55.000	   2230.512	   2243.710	   2257.308	   2276.269	           	      0.000	      1.000	      0.000	      0.000	      0.000	      0.000	      0.000	    -12.712	      0.000	      0.000	
 07/18-10:11	2218.400	2219.400	2213.000	2216.000	           5349	     56.000	   2229.613	   2242.894	   2256.798	   2275.934	           	      0.000	      1.000	      0.000	      0.000	      0.000	      0.000	      0.000	    -13.613	      0.000	      0.000	
 07/18-10:12	2215.800	2220.600	2215.000	2220.600	           3825	     57.000	   2229.133	   2242.177	   2256.320	   2275.628	           	      0.000	      1.000	      0.000	      0.000	      0.000	      0.000	      0.000	     -8.533	      0.000	      0.000	
 07/18-10:13	2220.200	2220.400	2218.400	2218.800	           1667	     58.000	   2228.483	   2241.425	   2255.845	   2275.306	           	      0.000	      1.000	      0.000	      0.000	      0.000	      0.000	      0.000	     -9.683	      0.000	      0.000	
 07/18-10:14	2218.600	2221.400	2216.200	2219.800	           2594	     59.000	   2227.929	   2240.681	   2255.394	   2274.982	           	      0.000	      1.000	      0.000	      0.000	      0.000	      0.000	      0.000	     -8.129	      0.000	      0.000	
 07/18-10:15	2220.000	2224.600	2219.200	2223.400	           3272	     60.000	   2227.621	   2240.000	   2254.956	   2274.656	           	      0.000	      1.000	      0.000	      0.000	      0.000	      0.000	      0.000	     -4.221	      0.000	      0.000	
 07/18-10:16	2223.400	2223.800	2221.000	2221.800	           1953	     61.000	   2227.333	   2239.469	   2254.546	   2274.314	           	      0.000	      1.000	      0.000	      0.000	      0.000	      0.000	      0.000	     -5.533	      0.000	      0.000	
 07/18-10:17	2221.800	2223.000	2220.000	2221.600	           1540	     62.000	   2227.033	   2239.027	   2254.143	   2273.977	           	      0.000	      1.000	      0.000	      0.000	      0.000	      0.000	      0.000	     -5.433	      0.000	      0.000	
 07/18-10:18	2221.800	2223.400	2221.000	2222.000	           1124	     63.000	   2226.725	   2238.540	   2253.731	   2273.629	           	      0.000	      1.000	      0.000	      0.000	      0.000	      0.000	      0.000	     -4.725	      0.000	      0.000	
 07/18-10:19	2222.400	2223.000	2220.800	2223.000	           1328	     64.000	   2226.400	   2238.085	   2253.339	   2273.279	           	      0.000	      1.000	      0.000	      0.000	      0.000	      0.000	      0.000	     -3.400	      0.000	      0.000	
 07/18-10:20	2223.000	2234.200	2223.000	2233.000	           7702	     65.000	   2226.392	   2237.800	   2253.042	   2272.975	           	      0.000	      1.000	      0.000	      0.000	      0.000	      0.000	      0.000	      6.608	      0.000	      0.000	
 07/18-10:21	2232.400	2233.000	2227.400	2228.800	           4669	     66.000	   2226.250	   2237.394	   2252.679	   2272.674	           	      0.000	      1.000	      0.000	      0.000	      0.000	      0.000	      0.000	      2.550	      0.000	      0.000	
 07/18-10:22	2229.000	2230.000	2227.400	2228.200	           1771	     67.000	   2226.192	   2236.952	   2252.313	   2272.378	           	      0.000	      1.000	      0.000	      0.000	      0.000	      0.000	      0.000	      2.008	      0.000	      0.000	
 07/18-10:23	2228.200	2229.400	2225.400	2225.400	           1910	     68.000	   2226.046	   2236.523	   2251.943	   2272.051	           	      0.000	      1.000	      0.000	      0.000	      0.000	      0.000	      0.000	     -0.646	      0.000	      0.000	
 07/18-10:24	2226.000	2226.200	2221.400	2223.600	           2550	     69.000	   2225.892	   2236.050	   2251.559	   2271.686	           	      0.000	      1.000	      0.000	      0.000	      0.000	      0.000	      0.000	     -2.292	      0.000	      0.000	
 07/18-10:25	2223.600	2225.000	2221.800	2223.400	           1840	     70.000	   2225.567	   2235.558	   2251.187	   2271.336	           	      0.000	      1.000	      0.000	      0.000	      0.000	      0.000	      0.000	     -2.167	      0.000	      0.000	
 07/18-10:26	2223.200	2227.400	2223.000	2226.000	           1891	     71.000	   2225.250	   2235.133	   2250.795	   2270.998	           	      0.000	      1.000	      0.000	      0.000	      0.000	      0.000	      0.000	      0.750	      0.000	      0.000	
 07/18-10:27	2226.200	2229.000	2222.200	2222.200	           2424	     72.000	   2224.867	   2234.646	   2250.375	   2270.653	           	      0.000	      1.000	      0.000	      0.000	      0.000	      0.000	      0.000	     -2.667	      0.000	      0.000	
 07/18-10:28	2222.400	2228.000	2222.200	2226.800	           2562	     73.000	   2224.579	   2234.202	   2249.978	   2270.316	           	      0.000	      1.000	      0.000	      0.000	      0.000	      0.000	      0.000	      2.221	      0.000	      0.000	
 07/18-10:29	2226.800	2229.800	2225.400	2226.400	           2126	     74.000	   2224.396	   2233.754	   2249.566	   2270.002	           	      0.000	      1.000	      0.000	      0.000	      0.000	      0.000	      0.000	      2.004	      0.000	      0.000	
 07/18-10:30	2226.600	2228.600	2226.000	2227.000	           1468	     75.000	   2224.508	   2233.271	   2249.164	   2269.704	           	      0.000	      1.000	      0.000	      0.000	      0.000	      0.000	      0.000	      2.492	      0.000	      0.000	
 07/18-10:31	2227.200	2232.000	2226.000	2228.600	           2981	     76.000	   2224.671	   2232.825	   2248.781	   2269.416	           	      0.000	      1.000	      0.000	      0.000	      0.000	      0.000	      0.000	      3.929	      0.000	      0.000	
 07/18-10:32	2228.600	2229.600	2223.600	2225.400	           2825	     77.000	   2224.583	   2232.150	   2248.394	   2269.118	           	      0.000	      1.000	      0.000	      0.000	      0.000	      0.000	      0.000	      0.817	      0.000	      0.000	
 07/18-10:33	2225.400	2225.800	2222.400	2223.800	           2381	     78.000	   2224.375	   2231.494	   2247.940	   2268.809	           	      0.000	      1.000	      0.000	      0.000	      0.000	      0.000	      0.000	     -0.575	      0.000	      0.000	
 07/18-10:34	2223.800	2229.000	2223.800	2228.800	           1941	     79.000	   2224.367	   2230.906	   2247.536	   2268.518	           	      0.000	      1.000	      0.000	      0.000	      0.000	      0.000	      0.000	      4.433	      0.000	      0.000	
 07/18-10:35	2228.600	2235.800	2227.400	2233.800	           6820	     80.000	   2224.587	   2230.431	   2247.172	   2268.281	           	      0.000	      1.000	      0.000	      0.000	      0.000	      0.000	      0.000	      9.213	      0.000	      0.000	
 07/18-10:36	2233.400	2235.000	2231.400	2234.600	           3493	     81.000	   2224.767	   2229.950	   2246.810	   2268.042	           	      0.000	      1.000	      0.000	      0.000	      0.000	      0.000	      0.000	      9.833	      0.000	      0.000	
 07/18-10:37	2234.200	2237.200	2232.600	2233.000	           4035	     82.000	   2225.029	   2229.488	   2246.444	   2267.813	           	      0.000	      1.000	      0.000	      0.000	      0.000	      0.000	      0.000	      7.971	      0.000	      0.000	
 07/18-10:38	2232.800	2237.800	2232.800	2236.200	           3397	     83.000	   2225.379	   2229.117	   2246.090	   2267.594	           	      0.000	      1.000	      0.000	      0.000	      0.000	      0.000	      0.000	     10.821	      0.000	      0.000	
 07/18-10:39	2235.800	2237.400	2233.400	2237.400	           2738	     84.000	   2225.904	   2228.800	   2245.775	   2267.374	           	      0.000	      1.000	      0.000	      0.000	      0.000	      0.000	      0.000	     11.496	      0.000	      0.000	
 07/18-10:40	2237.600	2237.800	2234.400	2234.800	           2795	     85.000	   2226.475	   2228.494	   2245.445	   2267.143	           	      0.000	      1.000	      0.000	      0.000	      0.000	      0.000	      0.000	      8.325	      0.000	      0.000	
 07/18-10:41	2235.000	2235.000	2231.200	2233.400	           2808	     86.000	   2227.054	   2228.333	   2245.120	   2266.900	           	      0.000	      1.000	      0.000	      0.000	      0.000	      0.000	      0.000	      6.346	      0.000	      0.000	
 07/18-10:42	2233.600	2241.800	2233.200	2238.600	           6938	     87.000	   2227.654	   2228.394	   2244.866	   2266.682	           	      0.000	      1.000	      0.000	      0.000	      0.000	      0.000	      0.000	     10.946	      0.000	      0.000	
 07/18-10:43	2238.400	2240.200	2236.600	2236.600	           2963	     88.000	   2228.250	   2228.367	   2244.589	   2266.456	           	      0.000	      1.000	      0.000	      0.000	      0.000	      0.000	      0.000	      8.350	      0.000	      0.000	
 07/18-10:44	2236.600	2240.400	2236.000	2236.400	           2850	     89.000	   2228.800	   2228.365	   2244.330	   2266.229	           	      0.000	      1.000	      0.000	      0.000	      0.000	      0.000	      0.000	      7.600	      0.000	      0.000	
 07/18-10:45	2236.200	2236.400	2232.400	2233.400	           3822	     90.000	   2229.133	   2228.377	   2244.040	   2265.983	           	      0.000	      1.000	      0.000	      0.000	      0.000	      0.000	      0.000	      4.267	      0.000	      0.000	
 07/18-10:46	2233.600	2233.600	2228.400	2230.400	           3982	     91.000	   2229.421	   2228.377	   2243.722	   2265.748	           	      0.000	      1.000	      0.000	      0.000	      0.000	      0.000	      0.000	      0.979	      0.000	      0.000	
 07/18-10:47	2230.400	2230.800	2229.200	2229.800	           1798	     92.000	   2229.696	   2228.365	   2243.377	   2265.500	           	      0.000	      1.000	      0.000	      0.000	      0.000	      0.000	      0.000	      0.104	      0.000	      0.000	
 07/18-10:48	2229.800	2230.800	2228.400	2229.600	           2240	     93.000	   2229.946	   2228.335	   2243.058	   2265.259	           	      0.000	      1.000	      0.000	      0.000	      0.000	      0.000	      0.000	     -0.346	      0.000	      0.000	
 07/18-10:49	2229.800	2230.800	2229.200	2230.400	           1275	     94.000	   2230.196	   2228.298	   2242.722	   2265.028	           	      0.000	      1.000	      0.000	      0.000	      0.000	      0.000	      0.000	      0.204	      0.000	      0.000	
 07/18-10:50	2230.600	2231.000	2228.400	2231.000	           1783	     95.000	   2230.129	   2228.260	   2242.388	   2264.794	           	      0.000	      1.000	      0.000	      0.000	      0.000	      0.000	      0.000	      0.871	      0.000	      0.000	
 07/18-10:51	2231.000	2234.400	2230.000	2231.200	           3945	     96.000	   2230.204	   2228.227	   2242.059	   2264.553	           	      0.000	      1.000	      0.000	      0.000	      0.000	      0.000	      0.000	      0.996	      0.000	      0.000	
 07/18-10:52	2230.600	2231.800	2228.800	2230.000	           1725	     97.000	   2230.267	   2228.229	   2241.711	   2264.293	           	      0.000	      1.000	      0.000	      0.000	      0.000	      0.000	      0.000	     -0.267	      0.000	      0.000	
 07/18-10:53	2229.800	2230.000	2225.800	2229.800	           4133	     98.000	   2230.417	   2228.231	   2241.375	   2264.040	           	      0.000	      1.000	      0.000	      0.000	      0.000	      0.000	      0.000	     -0.617	      0.000	      0.000	
 07/18-10:54	2229.400	2229.600	2226.200	2227.400	           1861	     99.000	   2230.542	   2228.217	   2241.025	   2263.782	           	      0.000	      1.000	      0.000	      0.000	      0.000	      0.000	      0.000	     -3.142	      0.000	      0.000	
 07/18-10:55	2227.400	2227.800	2226.000	2227.000	           2005	    100.000	   2230.663	   2228.115	   2240.664	   2263.525	           	      0.000	      1.000	      0.000	      0.000	      0.000	      0.000	      0.000	     -3.663	      0.000	      0.000	
 07/18-10:56	2226.800	2227.600	2225.200	2225.800	           2661	    101.000	   2230.654	   2227.952	   2240.297	   2263.259	           	      0.000	      1.000	      0.000	      0.000	      0.000	      0.000	      0.000	     -4.854	      0.000	      0.000	
 07/18-10:57	2225.600	2228.400	2225.600	2227.600	           1750	    102.000	   2230.833	   2227.850	   2239.948	   2263.001	           	      0.000	      1.000	      0.000	      0.000	      0.000	      0.000	      0.000	     -3.233	      0.000	      0.000	
 07/18-10:58	2227.400	2231.200	2227.400	2230.000	           2479	    103.000	   2230.942	   2227.760	   2239.620	   2262.745	           	      0.000	      1.000	      0.000	      0.000	      0.000	      0.000	      0.000	     -0.942	      0.000	      0.000	
 07/18-10:59	2229.800	2232.800	2229.200	2231.400	           1998	    104.000	   2231.104	   2227.750	   2239.323	   2262.489	           	      0.000	      1.000	      0.000	      0.000	      0.000	      0.000	      0.000	      0.296	      0.000	      0.000	
 07/18-11:00	2231.400	2232.000	2227.800	2228.800	           2404	    105.000	   2231.167	   2227.837	   2238.997	   2262.223	           	      0.000	      1.000	      0.000	      0.000	      0.000	      0.000	      0.000	     -2.367	      0.000	      0.000	
 07/18-11:01	2229.200	2237.800	2228.600	2237.400	           4518	    106.000	   2231.462	   2228.067	   2238.755	   2261.989	           	      0.000	      1.000	      0.000	      0.000	      0.000	      0.000	      0.000	      5.938	      0.000	      0.000	
 07/18-11:02	2237.800	2238.400	2235.000	2235.600	           4134	    107.000	   2231.800	   2228.192	   2238.516	   2261.760	           	      0.000	      1.000	      0.000	      0.000	      0.000	      0.000	      0.000	      3.800	      0.000	      0.000	
 07/18-11:03	2235.600	2237.800	2234.600	2237.800	           2423	    108.000	   2232.267	   2228.321	   2238.295	   2261.558	           	      0.000	      1.000	      0.000	      0.000	      0.000	      0.000	      0.000	      5.533	      0.000	      0.000	
 07/18-11:04	2237.800	2239.200	2236.400	2237.600	           3051	    109.000	   2232.563	   2228.465	   2238.067	   2261.357	           	      0.000	      1.000	      0.000	      0.000	      0.000	      0.000	      0.000	      5.038	      0.000	      0.000	
 07/18-11:05	2237.600	2238.600	2235.200	2236.400	           2476	    110.000	   2232.646	   2228.617	   2237.831	   2261.164	           	      0.000	      1.000	      0.000	      0.000	      0.000	      0.000	      0.000	      3.754	      0.000	      0.000	
 07/18-11:06	2236.600	2239.800	2235.200	2238.200	           3235	    111.000	   2232.767	   2228.767	   2237.616	   2260.977	           	      0.000	      1.000	      0.000	      0.000	      0.000	      0.000	      0.000	      5.433	      0.000	      0.000	
 07/18-11:07	2238.000	2240.000	2237.200	2238.200	           3514	    112.000	   2232.938	   2228.983	   2237.397	   2260.793	           	      0.000	      1.000	      0.000	      0.000	      0.000	      0.000	      0.000	      5.262	      0.000	      0.000	
 07/18-11:08	2238.400	2243.000	2238.400	2241.000	           4823	    113.000	   2233.100	   2229.240	   2237.220	   2260.617	           	      0.000	      1.000	      0.000	      0.000	      0.000	      0.000	      0.000	      7.900	      0.000	      0.000	
 07/18-11:09	2241.200	2243.600	2240.000	2240.400	           2870	    114.000	   2233.200	   2229.552	   2237.023	   2260.439	           	      0.000	      1.000	      0.000	      0.000	      0.000	      0.000	      0.000	      7.200	      0.000	      0.000	
 07/18-11:10	2240.400	2248.000	2239.600	2244.800	           6817	    115.000	   2233.533	   2230.004	   2236.857	   2260.273	           	      0.000	      1.000	      0.000	      0.000	      0.000	      0.000	      0.000	     11.267	      0.000	      0.000	
 07/18-11:11	2245.000	2247.600	2244.200	2244.600	           3622	    116.000	   2233.908	   2230.481	   2236.688	   2260.087	           	      0.000	      1.000	      0.000	      0.000	      0.000	      0.000	      0.000	     10.692	      0.000	      0.000	
 07/18-11:12	2244.200	2244.200	2241.200	2242.600	           3245	    117.000	   2234.038	   2230.846	   2236.511	   2259.898	           	      0.000	      1.000	      0.000	      0.000	      0.000	      0.000	      0.000	      8.563	      0.000	      0.000	
 07/18-11:13	2242.800	2244.200	2241.800	2242.800	           1802	    118.000	   2234.246	   2231.248	   2236.336	   2259.711	           	      0.000	      1.000	      0.000	      0.000	      0.000	      0.000	      0.000	      8.554	      0.000	      0.000	
 07/18-11:14	2242.800	2243.000	2238.800	2240.800	           4144	    119.000	   2234.392	   2231.596	   2236.138	   2259.508	           	      0.000	      1.000	      0.000	      0.000	      0.000	      0.000	      0.000	      6.408	      0.000	      0.000	
 07/18-11:15	2240.000	2247.400	2240.000	2247.400	           3124	    120.000	   2234.858	   2231.996	   2235.998	   2259.327	           	      0.000	      1.000	      0.000	      0.000	      0.000	      0.000	      0.000	     12.542	      0.000	      0.000	
 07/18-11:16	2247.600	2257.600	2246.400	2256.000	          12511	    121.000	   2235.712	   2232.567	   2236.018	   2259.188	           	      0.000	      1.000	      0.000	      0.000	      0.000	      0.000	      0.000	     20.288	      0.000	      0.000	
 07/18-11:17	2256.200	2257.000	2253.400	2255.200	           4859	    122.000	   2236.558	   2233.127	   2236.077	   2259.028	           	      0.000	      1.000	      0.000	      0.000	      0.000	      0.000	      0.000	     18.642	      0.000	      0.000	
 07/18-11:18	2255.400	2262.400	2254.200	2260.600	           8594	    123.000	   2237.596	   2233.771	   2236.155	   2258.874	           	      0.000	      1.000	      0.000	      0.000	      0.000	      0.000	      0.000	     23.004	      0.000	      0.000	
 07/18-11:19	2260.200	2261.000	2256.200	2256.200	           4519	    124.000	   2238.450	   2234.323	   2236.204	   2258.689	           	      0.000	      1.000	      0.000	      0.000	      0.000	      0.000	      0.000	     17.750	      0.000	      0.000	
 07/18-11:20	2256.400	2257.200	2253.800	2254.400	           3700	    125.000	   2239.233	   2234.681	   2236.241	   2258.499	           	      0.000	      1.000	      0.000	      0.000	      0.000	      0.000	      0.000	     15.167	      0.000	      0.000	
 07/18-11:21	2254.400	2259.200	2254.000	2259.200	           3395	    126.000	   2240.167	   2235.185	   2236.290	   2258.332	           	      0.000	      1.000	      0.000	      0.000	      0.000	      0.000	      0.000	     19.033	      0.000	      0.000	
 07/18-11:22	2259.400	2261.400	2256.400	2256.400	           4080	    127.000	   2241.046	   2235.656	   2236.304	   2258.139	           	      0.000	      1.000	      0.000	      0.000	      0.000	      0.000	      0.000	     15.354	      0.000	      0.000	
 07/18-11:23	2256.200	2256.200	2251.400	2252.000	           4653	    128.000	   2241.783	   2236.100	   2236.312	   2257.934	           	      0.000	      1.000	      0.000	      0.000	      0.000	      0.000	      0.000	     10.217	      0.000	      0.000	
 07/18-11:24	2252.000	2254.600	2249.400	2249.800	           4349	    129.000	   2242.533	   2236.538	   2236.294	   2257.730	           	      0.000	      1.000	      0.000	      0.000	      0.000	      0.000	      0.000	      7.267	      0.000	      0.000	
 07/18-11:25	2250.200	2252.200	2248.800	2249.000	           2658	    130.000	   2243.267	   2236.965	   2236.261	   2257.487	           	      0.000	      1.000	      0.000	      0.000	      0.000	      0.000	      0.000	      5.733	      0.000	      0.000	
 07/18-11:26	2249.200	2252.400	2248.400	2251.800	           2432	    131.000	   2244.133	   2237.394	   2236.263	   2257.257	           	      0.000	      1.000	      0.000	      0.000	      0.000	      0.000	      0.000	      7.667	      0.000	      0.000	
 07/18-11:27	2252.000	2253.600	2248.600	2249.400	           2460	    132.000	   2244.858	   2237.846	   2236.246	   2257.029	           	      0.000	      1.000	      0.000	      0.000	      0.000	      0.000	      0.000	      4.542	      0.000	      0.000	
 07/18-11:28	2249.800	2251.200	2249.600	2250.600	           1275	    133.000	   2245.546	   2238.244	   2236.223	   2256.812	           	      0.000	      1.000	      0.000	      0.000	      0.000	      0.000	      0.000	      5.054	      0.000	      0.000	
 07/18-11:29	2250.800	2250.800	2246.000	2247.600	           3575	    134.000	   2246.087	   2238.596	   2236.175	   2256.590	           	      0.000	      1.000	      0.000	      0.000	      0.000	      0.000	      0.000	      1.513	      0.000	      0.000	
 07/18-11:30	2247.800	2249.400	2246.200	2248.000	           2675	    135.000	   2246.725	   2238.946	   2236.108	   2256.371	           	      0.000	      1.000	      0.000	      0.000	      0.000	      0.000	      0.000	      1.275	      0.000	      0.000	
 07/18-13:01	2248.400	2249.200	2243.800	2244.600	           2894	    136.000	   2246.967	   2239.215	   2236.020	   2256.133	           	      0.000	      1.000	      0.000	      0.000	      0.000	      0.000	      0.000	     -2.366	      0.000	      0.000	
 07/18-13:02	2244.600	2245.200	2241.800	2243.600	           2652	    137.000	   2247.233	   2239.517	   2235.833	   2255.906	           	      0.000	      1.000	      0.000	      0.000	      0.000	      0.000	      0.000	     -3.633	      0.000	      0.000	
 07/18-13:03	2243.400	2244.600	2243.200	2243.400	           1329	    138.000	   2247.421	   2239.844	   2235.669	   2255.683	           	      0.000	      1.000	      0.000	      0.000	      0.000	      0.000	      0.000	     -4.021	      0.000	      0.000	
 07/18-13:04	2243.200	2245.200	2242.800	2243.400	           1739	    139.000	   2247.613	   2240.087	   2235.497	   2255.459	           	      0.000	      1.000	      0.000	      0.000	      0.000	      0.000	      0.000	     -4.213	      0.000	      0.000	
 07/18-13:05	2243.400	2243.600	2241.000	2242.400	           2500	    140.000	   2247.813	   2240.229	   2235.330	   2255.225	           	      0.000	      1.000	      0.000	      0.000	      0.000	      0.000	      0.000	     -5.413	      0.000	      0.000	
 07/18-13:06	2242.400	2243.600	2241.800	2241.800	           1379	    141.000	   2247.933	   2240.350	   2235.150	   2254.986	           	      0.000	      1.000	      0.000	      0.000	      0.000	      0.000	      0.000	     -6.133	      0.000	      0.000	
 07/18-13:07	2242.200	2242.800	2241.400	2241.400	           1473	    142.000	   2248.042	   2240.490	   2234.989	   2254.735	           	      0.000	      1.000	      0.000	      0.000	      0.000	      0.000	      0.000	     -6.642	      0.000	      0.000	
 07/18-13:08	2241.200	2241.400	2239.400	2240.000	           2617	    143.000	   2248.008	   2240.554	   2234.835	   2254.503	           	      0.000	      1.000	      0.000	      0.000	      0.000	      0.000	      0.000	     -8.008	      0.000	      0.000	
 07/18-13:09	2239.600	2240.800	2236.400	2237.600	           3929	    144.000	   2247.917	   2240.558	   2234.679	   2254.258	           	      0.000	      1.000	      0.000	      0.000	      0.000	      0.000	      0.000	    -10.317	      0.000	      0.000	
 07/18-13:10	2237.600	2239.400	2236.200	2239.400	           2095	    145.000	   2247.733	   2240.633	   2234.563	   2254.018	           	      0.000	      1.000	      0.000	      0.000	      0.000	      0.000	      0.000	     -8.333	      0.000	      0.000	
 07/18-13:11	2238.800	2239.600	2237.200	2239.000	           2160	    146.000	   2247.546	   2240.727	   2234.530	   2253.776	           	      0.000	      1.000	      0.000	      0.000	      0.000	      0.000	      0.000	     -8.546	      0.000	      0.000	
 07/18-13:12	2238.800	2240.800	2238.600	2240.800	           1960	    147.000	   2247.488	   2240.762	   2234.578	   2253.551	           	      0.000	      1.000	      0.000	      0.000	      0.000	      0.000	      0.000	     -6.688	      0.000	      0.000	
 07/18-13:13	2240.600	2240.800	2236.000	2236.000	           2089	    148.000	   2247.258	   2240.752	   2234.559	   2253.323	           	      0.000	      1.000	      0.000	      0.000	      0.000	      0.000	      0.000	    -11.258	      0.000	      0.000	
 07/18-13:14	2236.000	2236.000	2233.200	2234.000	           4056	    149.000	   2247.033	   2240.712	   2234.539	   2253.102	           	      0.000	      1.000	      0.000	      0.000	      0.000	      0.000	      0.000	    -13.033	      0.000	      0.000	
 07/18-13:15	2234.200	2234.600	2231.000	2231.600	           3622	    150.000	   2246.508	   2240.683	   2234.530	   2252.863	           	      0.000	      1.000	      0.000	      0.000	      0.000	      0.000	      0.000	    -14.908	      0.000	      0.000	
 07/18-13:16	2231.600	2233.600	2230.600	2233.600	           3254	    151.000	   2245.762	   2240.738	   2234.557	   2252.643	           	      0.000	      1.000	      0.000	      0.000	      0.000	      0.000	      0.000	    -12.162	      0.000	      0.000	
 07/18-13:17	2233.600	2234.800	2233.000	2234.800	           1931	    152.000	   2245.079	   2240.819	   2234.592	   2252.426	           	      0.000	      1.000	      0.000	      0.000	      0.000	      0.000	      0.000	    -10.279	      0.000	      0.000	
 07/18-13:18	2234.800	2235.000	2232.600	2232.600	           1387	    153.000	   2244.146	   2240.871	   2234.603	   2252.193	           	      0.000	      1.000	      0.000	      0.000	      0.000	      0.000	      0.000	    -11.546	      0.000	      0.000	
 07/18-13:19	2232.800	2235.800	2232.000	2235.600	           2429	    154.000	   2243.462	   2240.956	   2234.627	   2251.990	           	      0.000	      1.000	      0.000	      0.000	      0.000	      0.000	      0.000	     -7.862	      0.000	      0.000	
 07/18-13:20	2235.200	2237.400	2235.200	2235.600	           1970	    155.000	   2242.833	   2241.033	   2234.647	   2251.781	           	      0.000	      1.000	      0.000	      0.000	      0.000	      0.000	      0.000	     -7.233	      0.000	      0.000	
 07/18-13:21	2235.200	2236.000	2234.200	2235.600	           1384	    156.000	   2242.046	   2241.106	   2234.667	   2251.564	           	      0.000	      1.000	      0.000	      0.000	      0.000	      0.000	      0.000	     -6.446	      0.000	      0.000	
 07/18-13:22	2235.400	2236.200	2235.000	2235.400	            985	    157.000	   2241.350	   2241.198	   2234.714	   2251.354	           	      0.000	      1.000	      0.000	      0.000	      0.000	      0.000	      0.000	     -5.950	      0.000	      0.000	
 07/18-13:23	2235.000	2235.400	2232.200	2234.000	           2056	    158.000	   2240.750	   2241.267	   2234.749	   2251.146	           	      0.000	      1.000	      0.000	      0.000	      0.000	      0.000	      0.000	     -6.750	      0.000	      0.000	
 07/18-13:24	2234.200	2237.200	2234.200	2236.000	           2139	    159.000	   2240.288	   2241.410	   2234.813	   2250.942	           	      0.000	      1.000	      0.000	      0.000	      0.000	      0.000	      0.000	     -4.288	      0.000	      0.000	
 07/18-13:25	2236.200	2238.000	2235.800	2237.000	           1950	    160.000	   2239.887	   2241.577	   2234.846	   2250.744	           	      0.000	      1.000	      0.000	      0.000	      0.000	      0.000	      0.000	     -2.887	      0.000	      0.000	
 07/18-13:26	2237.000	2238.600	2236.000	2237.800	           1534	    161.000	   2239.421	   2241.777	   2234.865	   2250.556	           	      0.000	      1.000	      0.000	      0.000	      0.000	      0.000	      0.000	     -1.621	      0.000	      0.000	
 07/18-13:27	2237.800	2241.000	2237.800	2238.000	           3036	    162.000	   2239.042	   2241.950	   2234.900	   2250.369	           	      0.000	      1.000	      0.000	      0.000	      0.000	      0.000	      0.000	     -1.042	      0.000	      0.000	
 07/18-13:28	2238.200	2238.200	2236.600	2236.600	           1637	    163.000	   2238.575	   2242.060	   2234.910	   2250.186	           	      0.000	      1.000	      0.000	      0.000	      0.000	      0.000	      0.000	     -1.975	      0.000	      0.000	
 07/18-13:29	2236.600	2237.600	2235.200	2235.200	           1583	    164.000	   2238.158	   2242.123	   2234.937	   2249.991	           	      0.000	      1.000	      0.000	      0.000	      0.000	      0.000	      0.000	     -2.958	      0.000	      0.000	
 07/18-13:30	2235.400	2239.400	2235.000	2238.800	           2581	    165.000	   2237.854	   2242.290	   2235.063	   2249.828	           	      0.000	      1.000	      0.000	      0.000	      0.000	      0.000	      0.000	      0.946	      0.000	      0.000	
 07/18-13:31	2238.600	2241.600	2238.600	2241.200	           2707	    166.000	   2237.738	   2242.352	   2235.209	   2249.674	           	      0.000	      1.000	      0.000	      0.000	      0.000	      0.000	      0.000	      3.462	      0.000	      0.000	
 07/18-13:32	2241.000	2241.400	2239.400	2241.000	           1856	    167.000	   2237.650	   2242.442	   2235.317	   2249.501	           	      0.000	      1.000	      0.000	      0.000	      0.000	      0.000	      0.000	      3.350	      0.000	      0.000	
 07/18-13:33	2241.000	2241.200	2237.000	2237.000	           2229	    168.000	   2237.438	   2242.429	   2235.375	   2249.316	           	      0.000	      1.000	      0.000	      0.000	      0.000	      0.000	      0.000	     -0.438	      0.000	      0.000	
 07/18-13:34	2236.800	2236.800	2230.800	2233.000	           5226	    169.000	   2237.092	   2242.352	   2235.408	   2249.108	           	      0.000	      1.000	      0.000	      0.000	      0.000	      0.000	      0.000	     -4.092	      0.000	      0.000	
 07/18-13:35	2232.800	2234.600	2231.600	2234.400	           2067	    170.000	   2236.829	   2242.321	   2235.469	   2248.914	           	      0.000	      1.000	      0.000	      0.000	      0.000	      0.000	      0.000	     -2.429	      0.000	      0.000	
 07/18-13:36	2234.400	2234.800	2231.800	2232.000	           1903	    171.000	   2236.500	   2242.217	   2235.492	   2248.712	           	      0.000	      1.000	      0.000	      0.000	      0.000	      0.000	      0.000	     -4.500	      0.000	      0.000	
 07/18-13:37	2231.800	2232.600	2229.600	2230.800	           3461	    172.000	   2236.146	   2242.094	   2235.539	   2248.521	           	      0.000	      1.000	      0.000	      0.000	      0.000	      0.000	      0.000	     -5.346	      0.000	      0.000	
 07/18-13:38	2231.000	2232.200	2229.200	2232.200	           2133	    173.000	   2235.887	   2241.948	   2235.594	   2248.344	           	      0.000	      1.000	      0.000	      0.000	      0.000	      0.000	      0.000	     -3.688	      0.000	      0.000	
 07/18-13:39	2232.200	2233.800	2230.000	2232.000	           2535	    174.000	   2235.700	   2241.808	   2235.680	   2248.156	           	      0.000	      1.000	      0.000	      0.000	      0.000	      0.000	      0.000	     -3.700	      0.000	      0.000	
 07/18-13:40	2232.000	2233.200	2230.200	2232.200	           1572	    175.000	   2235.458	   2241.596	   2235.800	   2247.976	           	      0.000	      1.000	      0.000	      0.000	      0.000	      0.000	      0.000	     -3.258	      0.000	      0.000	
 07/18-13:41	2232.200	2234.600	2232.200	2234.000	           1630	    176.000	   2235.292	   2241.419	   2235.950	   2247.791	           	      0.000	      1.000	      0.000	      0.000	      0.000	      0.000	      0.000	     -1.292	      0.000	      0.000	
 07/18-13:42	2234.000	2234.000	2230.400	2231.000	           1910	    177.000	   2234.967	   2241.227	   2236.036	   2247.586	           	      0.000	      1.000	      0.000	      0.000	      0.000	      0.000	      0.000	     -3.967	      0.000	      0.000	
 07/18-13:43	2230.800	2233.400	2229.800	2232.400	           2148	    178.000	   2234.846	   2241.052	   2236.150	   2247.388	           	      0.000	      1.000	      0.000	      0.000	      0.000	      0.000	      0.000	     -2.446	      0.000	      0.000	
 07/18-13:44	2232.200	2233.800	2230.000	2231.800	           1709	    179.000	   2234.775	   2240.904	   2236.250	   2247.189	           	      0.000	      1.000	      0.000	      0.000	      0.000	      0.000	      0.000	     -2.975	      0.000	      0.000	
 07/18-13:45	2231.200	2231.600	2228.600	2231.400	           2584	    180.000	   2234.767	   2240.637	   2236.317	   2246.989	           	      0.000	      1.000	      0.000	      0.000	      0.000	      0.000	      0.000	     -3.367	      0.000	      0.000	
 07/18-13:46	2231.400	2232.600	2229.200	2230.200	           1664	    181.000	   2234.654	   2240.208	   2236.387	   2246.777	           	      0.000	      1.000	      0.000	      0.000	      0.000	      0.000	      0.000	     -4.454	      0.000	      0.000	
 07/18-13:47	2230.000	2231.000	2228.800	2229.600	           1887	    182.000	   2234.479	   2239.779	   2236.453	   2246.566	           	      0.000	      1.000	      0.000	      0.000	      0.000	      0.000	      0.000	     -4.879	      0.000	      0.000	
 07/18-13:48	2229.600	2231.200	2227.400	2230.200	           3103	    183.000	   2234.400	   2239.273	   2236.522	   2246.353	           	      0.000	      1.000	      0.000	      0.000	      0.000	      0.000	      0.000	     -4.200	      0.000	      0.000	
 07/18-13:49	2230.200	2231.000	2229.000	2229.800	           1581	    184.000	   2234.204	   2238.833	   2236.578	   2246.132	           	      0.000	      1.000	      0.000	      0.000	      0.000	      0.000	      0.000	     -4.404	      0.000	      0.000	
 07/18-13:50	2229.800	2230.200	2228.600	2228.800	           1371	    185.000	   2233.979	   2238.406	   2236.544	   2245.929	           	      0.000	      1.000	      0.000	      0.000	      0.000	      0.000	      0.000	     -5.179	      0.000	      0.000	
 07/18-13:51	2229.200	2229.400	2226.000	2227.200	           3557	    186.000	   2233.700	   2237.873	   2236.529	   2245.729	           	      0.000	      1.000	      0.000	      0.000	      0.000	      0.000	      0.000	     -6.500	      0.000	      0.000	
 07/18-13:52	2227.000	2227.000	2223.800	2224.800	           3830	    187.000	   2233.346	   2237.348	   2236.502	   2245.516	           	      0.000	      1.000	      0.000	      0.000	      0.000	      0.000	      0.000	     -8.546	      0.000	      0.000	
 07/18-13:53	2225.000	2230.200	2224.600	2229.600	           3978	    188.000	   2233.200	   2236.975	   2236.538	   2245.332	           	      0.000	      1.000	      0.000	      0.000	      0.000	      0.000	      0.000	     -3.600	      0.000	      0.000	
 07/18-13:54	2229.400	2231.600	2229.200	2229.400	           2687	    189.000	   2232.979	   2236.633	   2236.585	   2245.153	           	      0.000	      1.000	      0.000	      0.000	      0.000	      0.000	      0.000	     -3.579	      0.000	      0.000	
 07/18-13:55	2229.200	2231.000	2229.200	2229.800	           1703	    190.000	   2232.738	   2236.313	   2236.638	   2244.969	           	      0.000	      1.000	      0.000	      0.000	      0.000	      0.000	      0.000	     -2.938	      0.000	      0.000	
 07/18-13:56	2229.600	2230.800	2228.200	2230.200	           1719	    191.000	   2232.488	   2235.954	   2236.674	   2244.805	           	      0.000	      1.000	      0.000	      0.000	      0.000	      0.000	      0.000	     -2.288	      0.000	      0.000	
 07/18-13:57	2230.000	2231.000	2229.600	2231.000	           1257	    192.000	   2232.254	   2235.648	   2236.747	   2244.649	           	      0.000	      1.000	      0.000	      0.000	      0.000	      0.000	      0.000	     -1.254	      0.000	      0.000	
 07/18-13:58	2230.800	2233.600	2230.800	2233.000	           2472	    193.000	   2232.133	   2235.354	   2236.799	   2244.496	           	      0.000	      1.000	      0.000	      0.000	      0.000	      0.000	      0.000	      0.867	      0.000	      0.000	
 07/18-13:59	2232.800	2233.600	2231.400	2232.400	           1852	    194.000	   2232.042	   2235.100	   2236.848	   2244.345	           	      0.000	      1.000	      0.000	      0.000	      0.000	      0.000	      0.000	      0.358	      0.000	      0.000	
 07/18-14:00	2232.400	2232.600	2230.000	2231.000	           1789	    195.000	   2231.779	   2234.817	   2236.881	   2244.195	           	      0.000	      1.000	      0.000	      0.000	      0.000	      0.000	      0.000	     -0.779	      0.000	      0.000	
 07/18-14:01	2231.000	2232.000	2228.600	2228.600	           2181	    196.000	   2231.363	   2234.550	   2236.882	   2244.020	           	      0.000	      1.000	      0.000	      0.000	      0.000	      0.000	      0.000	     -2.762	      0.000	      0.000	
 07/18-14:02	2229.000	2230.400	2228.200	2229.600	           1866	    197.000	   2230.983	   2234.317	   2236.917	   2243.850	           	      0.000	      1.000	      0.000	      0.000	      0.000	      0.000	      0.000	     -1.383	      0.000	      0.000	
 07/18-14:03	2229.400	2237.200	2229.400	2237.000	           6533	    198.000	   2230.983	   2234.210	   2237.027	   2243.719	           	      0.000	      1.000	      0.000	      0.000	      0.000	      0.000	      0.000	      6.017	      0.000	      0.000	
 07/18-14:04	2237.000	2241.200	2236.400	2240.200	           6661	    199.000	   2231.221	   2234.156	   2237.122	   2243.601	           	      0.000	      1.000	      0.000	      0.000	      0.000	      0.000	      0.000	      8.979	      0.000	      0.000	
 07/18-14:05	2240.200	2240.400	2239.000	2239.800	           2608	    200.000	   2231.400	   2234.115	   2237.172	   2243.488	           	      0.000	      1.000	      0.000	      0.000	      0.000	      0.000	      0.000	      8.400	      0.000	      0.000	
 07/18-14:06	2240.000	2242.000	2238.800	2238.800	           3263	    201.000	   2231.625	   2234.063	   2237.206	   2243.351	           	      0.000	      1.000	      0.000	      0.000	      0.000	      0.000	      0.000	      7.175	      0.000	      0.000	
 07/18-14:07	2239.200	2241.400	2239.000	2240.400	           2193	    202.000	   2231.946	   2234.046	   2237.268	   2243.221	           	      0.000	      1.000	      0.000	      0.000	      0.000	      0.000	      0.000	      8.454	      0.000	      0.000	
 07/18-14:08	2240.200	2241.000	2238.600	2239.200	           2131	    203.000	   2232.179	   2234.033	   2237.294	   2243.081	           	      0.000	      1.000	      0.000	      0.000	      0.000	      0.000	      0.000	      7.021	      0.000	      0.000	
 07/18-14:09	2239.400	2239.400	2237.000	2238.000	           2416	    204.000	   2232.379	   2234.040	   2237.299	   2242.929	           	      0.000	      1.000	      0.000	      0.000	      0.000	      0.000	      0.000	      5.621	      0.000	      0.000	
 07/18-14:10	2238.000	2243.000	2237.000	2242.000	           3750	    205.000	   2232.708	   2234.083	   2237.358	   2242.796	           	      0.000	      1.000	      0.000	      0.000	      0.000	      0.000	      0.000	      9.292	      0.000	      0.000	
 07/18-14:11	2242.000	2242.000	2239.000	2239.200	           2200	    206.000	   2232.879	   2234.085	   2237.406	   2242.655	           	      0.000	      1.000	      0.000	      0.000	      0.000	      0.000	      0.000	      6.321	      0.000	      0.000	
 07/18-14:12	2239.000	2239.000	2233.600	2235.000	           4968	    207.000	   2233.012	   2233.990	   2237.376	   2242.507	           	      0.000	      1.000	      0.000	      0.000	      0.000	      0.000	      0.000	      1.988	      0.000	      0.000	
 07/18-14:13	2235.200	2235.600	2233.200	2234.400	           2418	    208.000	   2233.083	   2233.965	   2237.358	   2242.332	           	      0.000	      1.000	      0.000	      0.000	      0.000	      0.000	      0.000	      1.317	      0.000	      0.000	
 07/18-14:14	2234.400	2239.600	2234.200	2239.600	           2369	    209.000	   2233.337	   2234.056	   2237.384	   2242.181	           	      0.000	      1.000	      0.000	      0.000	      0.000	      0.000	      0.000	      6.263	      0.000	      0.000	
 07/18-14:15	2239.800	2244.800	2239.800	2243.800	           7194	    210.000	   2233.754	   2234.260	   2237.472	   2242.046	           	      0.000	      1.000	      0.000	      0.000	      0.000	      0.000	      0.000	     10.046	      0.000	      0.000	
 07/18-14:16	2244.400	2245.400	2242.000	2242.800	           3698	    211.000	   2234.171	   2234.413	   2237.575	   2241.906	           	      0.000	      1.000	      0.000	      0.000	      0.000	      0.000	      0.000	      8.629	      0.000	      0.000	
 07/18-14:17	2242.800	2242.800	2240.800	2240.800	           2345	    212.000	   2234.550	   2234.515	   2237.667	   2241.761	           	      0.000	      1.000	      0.000	      0.000	      0.000	      0.000	      0.000	      6.250	      0.000	      0.000	
 07/18-14:18	2241.000	2243.000	2240.600	2242.400	           1995	    213.000	   2234.954	   2234.677	   2237.774	   2241.616	           	      0.000	      1.000	      0.000	      0.000	      0.000	      0.000	      0.000	      7.446	      0.000	      0.000	
 07/18-14:19	2242.800	2244.000	2241.000	2241.800	           1936	    214.000	   2235.354	   2234.779	   2237.868	   2241.482	           	      0.000	      1.000	      0.000	      0.000	      0.000	      0.000	      0.000	      6.446	      0.000	      0.000	
 07/18-14:20	2241.800	2242.800	2237.400	2237.400	           2656	    215.000	   2235.637	   2234.808	   2237.921	   2241.334	           	      0.000	      1.000	      0.000	      0.000	      0.000	      0.000	      0.000	      1.762	      0.000	      0.000	
 07/18-14:21	2236.800	2237.000	2231.600	2232.200	           6564	    216.000	   2235.808	   2234.754	   2237.930	   2241.174	           	      0.000	      1.000	      0.000	      0.000	      0.000	      0.000	      0.000	     -3.608	      0.000	      0.000	
 07/18-14:22	2232.000	2233.400	2231.400	2232.800	           2608	    217.000	   2236.071	   2234.708	   2237.953	   2241.028	           	      0.000	      1.000	      0.000	      0.000	      0.000	      0.000	      0.000	     -3.271	      0.000	      0.000	
 07/18-14:23	2232.800	2233.800	2232.000	2233.400	           1927	    218.000	   2236.200	   2234.700	   2237.983	   2240.883	           	      0.000	      1.000	      0.000	      0.000	      0.000	      0.000	      0.000	     -2.800	      0.000	      0.000	
 07/18-14:24	2233.200	2233.400	2230.000	2231.000	           3843	    219.000	   2236.254	   2234.617	   2238.013	   2240.737	           	      0.000	      1.000	      0.000	      0.000	      0.000	      0.000	      0.000	     -5.254	      0.000	      0.000	
 07/18-14:25	2231.200	2231.400	2229.000	2230.800	           1983	    220.000	   2236.288	   2234.512	   2238.045	   2240.587	           	      0.000	      1.000	      0.000	      0.000	      0.000	      0.000	      0.000	     -5.488	      0.000	      0.000	
 07/18-14:26	2230.800	2232.600	2230.000	2232.200	           1693	    221.000	   2236.354	   2234.421	   2238.099	   2240.442	           	      0.000	      1.000	      0.000	      0.000	      0.000	      0.000	      0.000	     -4.154	      0.000	      0.000	
 07/18-14:27	2232.200	2233.400	2230.600	2230.600	           1857	    222.000	   2236.337	   2234.296	   2238.123	   2240.279	           	      0.000	      1.000	      0.000	      0.000	      0.000	      0.000	      0.000	     -5.737	      0.000	      0.000	
 07/18-14:28	2230.800	2232.600	2229.600	2230.600	           1623	    223.000	   2236.258	   2234.196	   2238.128	   2240.131	           	      0.000	      1.000	      0.000	      0.000	      0.000	      0.000	      0.000	     -5.658	      0.000	      0.000	
 07/18-14:29	2230.600	2234.000	2230.400	2234.000	           1880	    224.000	   2236.313	   2234.177	   2238.150	   2239.983	           	      0.000	      1.000	      0.000	      0.000	      0.000	      0.000	      0.000	     -2.313	      0.000	      0.000	
 07/18-14:30	2234.000	2234.200	2231.200	2232.200	           1880	    225.000	   2236.354	   2234.067	   2238.178	   2239.828	           	      0.000	      1.000	      0.000	      0.000	      0.000	      0.000	      0.000	     -4.154	      0.000	      0.000	
 07/18-14:31	2232.400	2234.600	2231.400	2234.400	           2056	    226.000	   2236.546	   2233.954	   2238.153	   2239.683	           	      0.000	      1.000	      0.000	      0.000	      0.000	      0.000	      0.000	     -2.146	      0.000	      0.000	
 07/18-14:32	2234.000	2234.000	2230.600	2231.400	           2365	    227.000	   2236.604	   2233.794	   2238.118	   2239.521	           	      0.000	      1.000	      0.000	      0.000	      0.000	      0.000	      0.000	     -5.204	      0.000	      0.000	
 07/18-14:33	2231.200	2232.200	2230.200	2230.400	           1665	    228.000	   2236.383	   2233.683	   2238.056	   2239.362	           	      0.000	      1.000	      0.000	      0.000	      0.000	      0.000	      0.000	     -5.983	      0.000	      0.000	
 07/18-14:34	2230.600	2232.000	2229.200	2231.400	           1956	    229.000	   2236.096	   2233.658	   2238.005	   2239.210	           	      0.000	      1.000	      0.000	      0.000	      0.000	      0.000	      0.000	     -4.696	      0.000	      0.000	
 07/18-14:35	2231.400	2231.400	2229.400	2230.000	           1445	    230.000	   2235.767	   2233.583	   2237.952	   2239.049	           	      0.000	      1.000	      0.000	      0.000	      0.000	      0.000	      0.000	     -5.767	      0.000	      0.000	
 07/18-14:36	2230.000	2231.800	2229.800	2231.600	           1584	    231.000	   2235.525	   2233.575	   2237.896	   2238.896	           	      0.000	      1.000	      0.000	      0.000	      0.000	      0.000	      0.000	     -3.925	      0.000	      0.000	
 07/18-14:37	2231.400	2232.000	2230.600	2231.800	           1102	    232.000	   2235.242	   2233.594	   2237.844	   2238.746	           	      0.000	      1.000	      0.000	      0.000	      0.000	      0.000	      0.000	     -3.442	      0.000	      0.000	
 07/18-14:38	2232.000	2232.600	2230.000	2230.400	           1815	    233.000	   2234.946	   2233.563	   2237.755	   2238.590	           	      0.000	      1.000	      0.000	      0.000	      0.000	      0.000	      0.000	     -4.546	      0.000	      0.000	
 07/18-14:39	2230.400	2231.800	2229.600	2229.600	           1815	    234.000	   2234.667	   2233.523	   2237.666	   2238.440	           	      0.000	      1.000	      0.000	      0.000	      0.000	      0.000	      0.000	     -5.067	      0.000	      0.000	
 07/18-14:40	2229.600	2230.400	2225.800	2226.600	           3479	    235.000	   2234.154	   2233.431	   2237.513	   2238.274	           	      0.000	      1.000	      0.000	      0.000	      0.000	      0.000	      0.000	     -7.554	      0.000	      0.000	
 07/18-14:41	2226.400	2228.200	2225.800	2227.800	           1861	    236.000	   2233.775	   2233.327	   2237.373	   2238.120	           	      0.000	      1.000	      0.000	      0.000	      0.000	      0.000	      0.000	     -5.975	      0.000	      0.000	
 07/18-14:42	2228.000	2231.800	2227.600	2231.800	           2981	    237.000	   2233.667	   2233.340	   2237.283	   2237.990	           	      0.000	      1.000	      0.000	      0.000	      0.000	      0.000	      0.000	     -1.867	      0.000	      0.000	
 07/18-14:43	2232.000	2233.200	2231.200	2233.200	           2554	    238.000	   2233.625	   2233.354	   2237.203	   2237.865	           	      0.000	      1.000	      0.000	      0.000	      0.000	      0.000	      0.000	     -0.425	      0.000	      0.000	
 07/18-14:44	2233.000	2233.400	2231.800	2233.200	           1789	    239.000	   2233.417	   2233.377	   2237.141	   2237.739	           	      0.000	      1.000	      0.000	      0.000	      0.000	      0.000	      0.000	     -0.217	      0.000	      0.000	
 07/18-14:45	2233.000	2233.200	2231.800	2232.000	           1262	    240.000	   2233.021	   2233.387	   2237.012	   2237.608	           	      0.000	      1.000	      0.000	      0.000	      0.000	      0.000	      0.000	     -1.021	      0.000	      0.000	
 07/18-14:46	2232.000	2233.200	2231.800	2232.400	           1252	    241.000	   2232.675	   2233.423	   2236.816	   2237.481	           	      0.000	      1.000	      0.000	      0.000	      0.000	      0.000	      0.000	     -0.275	      0.000	      0.000	
 07/18-14:47	2232.400	2233.000	2230.800	2232.000	           1524	    242.000	   2232.379	   2233.465	   2236.622	   2237.352	           	      0.000	      1.000	      0.000	      0.000	      0.000	      0.000	      0.000	     -0.379	      0.000	      0.000	
 07/18-14:48	2232.200	2232.200	2229.800	2230.800	           1991	    243.000	   2231.992	   2233.473	   2236.373	   2237.226	           	      0.000	      1.000	      0.000	      0.000	      0.000	      0.000	      0.000	     -1.192	      0.000	      0.000	
 07/18-14:49	2230.600	2232.000	2230.400	2232.000	           1017	    244.000	   2231.667	   2233.510	   2236.172	   2237.097	           	      0.000	      1.000	      0.000	      0.000	      0.000	      0.000	      0.000	      0.333	      0.000	      0.000	
 07/18-14:50	2232.200	2232.800	2230.200	2230.800	           1429	    245.000	   2231.450	   2233.544	   2235.975	   2236.962	           	      0.000	      1.000	      0.000	      0.000	      0.000	      0.000	      0.000	     -0.650	      0.000	      0.000	
 07/18-14:51	2231.200	2232.000	2230.200	2230.800	           1121	    246.000	   2231.400	   2233.604	   2235.739	   2236.825	           	      0.000	      1.000	      0.000	      0.000	      0.000	      0.000	      0.000	     -0.600	      0.000	      0.000	
 07/18-14:52	2231.200	2235.000	2231.000	2234.600	           2997	    247.000	   2231.462	   2233.767	   2235.557	   2236.709	           	      0.000	      1.000	      0.000	      0.000	      0.000	      0.000	      0.000	      3.138	      0.000	      0.000	
 07/18-14:53	2234.400	2235.200	2233.800	2234.800	           1971	    248.000	   2231.504	   2233.852	   2235.414	   2236.593	           	      0.000	      1.000	      0.000	      0.000	      0.000	      0.000	      0.000	      3.296	      0.000	      0.000	
 07/18-14:54	2234.800	2234.800	2232.600	2233.200	           1468	    249.000	   2231.579	   2233.917	   2235.275	   2236.468	           	      0.000	      1.000	      0.000	      0.000	      0.000	      0.000	      0.000	      1.621	      0.000	      0.000	
 07/18-14:55	2233.400	2234.400	2233.200	2234.000	           1028	    250.000	   2231.688	   2233.988	   2235.150	   2236.346	           	      0.000	      1.000	      0.000	      0.000	      0.000	      0.000	      0.000	      2.313	      0.000	      0.000	
 07/18-14:56	2234.000	2234.000	2231.000	2231.800	           1677	    251.000	   2231.671	   2234.012	   2234.983	   2236.259	           	      0.000	      1.000	      0.000	      0.000	      0.000	      0.000	      0.000	      0.129	      0.000	      0.000	
 07/18-14:57	2232.000	2232.000	2229.800	2229.800	           2187	    252.000	   2231.650	   2233.994	   2234.821	   2236.186	           	      0.000	      1.000	      0.000	      0.000	      0.000	      0.000	      0.000	     -1.850	      0.000	      0.000	
 07/18-14:58	2229.800	2230.600	2228.600	2230.600	           2038	    253.000	   2231.646	   2233.952	   2234.653	   2236.103	           	      0.000	      1.000	      0.000	      0.000	      0.000	      0.000	      0.000	     -1.046	      0.000	      0.000	
 07/18-14:59	2230.600	2231.200	2229.400	2230.800	           1210	    254.000	   2231.542	   2233.927	   2234.513	   2236.025	           	      0.000	      1.000	      0.000	      0.000	      0.000	      0.000	      0.000	     -0.742	      0.000	      0.000	
 07/18-15:00	2230.800	2231.000	2230.000	2230.200	            592	    255.000	   2231.471	   2233.913	   2234.365	   2235.946	           	      0.000	      1.000	      0.000	      0.000	      0.000	      0.000	      0.000	     -1.271	      0.000	      0.000	
 07/18-15:01	2230.400	2230.800	2228.200	2230.000	           1757	    256.000	   2231.325	   2233.935	   2234.243	   2235.853	           	      0.000	      1.000	      0.000	      0.000	      0.000	      0.000	      0.000	     -1.325	      0.000	      0.000	
 07/18-15:02	2230.000	2231.000	2229.800	2230.800	           1045	    257.000	   2231.308	   2233.956	   2234.136	   2235.758	           	      0.000	      1.000	      0.000	      0.000	      0.000	      0.000	      0.000	     -0.508	      0.000	      0.000	
 07/18-15:03	2230.600	2233.200	2230.200	2232.800	           2015	    258.000	   2231.387	   2233.885	   2234.048	   2235.684	           	      0.000	      1.000	      0.000	      0.000	      0.000	      0.000	      0.000	      1.413	      0.000	      0.000	
 07/18-15:04	2233.000	2234.000	2232.400	2233.000	           1568	    259.000	   2231.438	   2233.767	   2233.961	   2235.608	           	      0.000	      1.000	      0.000	      0.000	      0.000	      0.000	      0.000	      1.563	      0.000	      0.000	
 07/18-15:05	2233.200	2233.400	2232.600	2233.000	            862	    260.000	   2231.538	   2233.652	   2233.883	   2235.529	           	      0.000	      1.000	      0.000	      0.000	      0.000	      0.000	      0.000	      1.462	      0.000	      0.000	
 07/18-15:06	2233.400	2233.600	2232.400	2232.800	            910	    261.000	   2231.583	   2233.554	   2233.808	   2235.454	           	      0.000	      1.000	      0.000	      0.000	      0.000	      0.000	      0.000	      1.217	      0.000	      0.000	
 07/18-15:07	2232.800	2233.400	2232.200	2232.400	            762	    262.000	   2231.600	   2233.421	   2233.733	   2235.377	           	      0.000	      1.000	      0.000	      0.000	      0.000	      0.000	      0.000	      0.800	      0.000	      0.000	
 07/18-15:08	2232.400	2233.000	2231.800	2232.400	           1042	    263.000	   2231.667	   2233.306	   2233.670	   2235.293	           	      0.000	      1.000	      0.000	      0.000	      0.000	      0.000	      0.000	      0.733	      0.000	      0.000	
 07/18-15:09	2232.600	2233.600	2232.200	2233.600	           1115	    264.000	   2231.800	   2233.233	   2233.636	   2235.215	           	      0.000	      1.000	      0.000	      0.000	      0.000	      0.000	      0.000	      1.800	      0.000	      0.000	
 07/18-15:10	2233.400	2234.000	2232.600	2234.000	           1147	    265.000	   2232.046	   2233.100	   2233.592	   2235.126	           	      0.000	      1.000	      0.000	      0.000	      0.000	      0.000	      0.000	      1.954	      0.000	      0.000	
 07/18-15:11	2233.600	2233.800	2232.600	2232.600	            901	    266.000	   2232.208	   2232.992	   2233.539	   2235.036	           	      0.000	      1.000	      0.000	      0.000	      0.000	      0.000	      0.000	      0.392	      0.000	      0.000	
 07/18-15:12	2232.800	2232.800	2230.600	2231.800	           1614	    267.000	   2232.208	   2232.938	   2233.464	   2234.899	           	      0.000	      1.000	      0.000	      0.000	      0.000	      0.000	      0.000	     -0.408	      0.000	      0.000	
 07/18-15:13	2231.400	2232.400	2229.600	2230.600	           1546	    268.000	   2232.121	   2232.873	   2233.419	   2234.769	           	      0.000	      1.000	      0.000	      0.000	      0.000	      0.000	      0.000	     -1.521	      0.000	      0.000	
 07/18-15:14	2230.800	2231.400	2230.200	2231.000	           1126	    269.000	   2232.046	   2232.731	   2233.394	   2234.637	           	      0.000	      1.000	      0.000	      0.000	      0.000	      0.000	      0.000	     -1.046	      0.000	      0.000	
 07/18-15:15	2230.800	2231.000	2229.400	2229.600	           2105	    270.000	   2231.967	   2232.494	   2233.377	   2234.506	           	      0.000	      1.000	      0.000	      0.000	      0.000	      0.000	      0.000	     -2.366	      0.000	      0.000	