 07/19-09:16	2236.200	2240.000	2236.200	2238.400	           5133	      1.000	   2232.167	   2232.421	   2233.417	   2234.406	           	      0.000	      1.000	      0.000	      0.000	      0.000	      0.000	      0.000	      6.233	      0.000	      0.000	
 07/19-09:17	2238.200	2240.600	2238.000	2238.800	           2695	      2.000	   2232.392	   2232.387	   2233.450	   2234.317	           	      0.000	      1.000	      0.000	      0.000	      0.000	      0.000	      0.000	      6.408	      0.000	      0.000	
 07/19-09:18	2238.800	2241.000	2238.600	2241.000	           2335	      3.000	   2232.733	   2232.363	   2233.520	   2234.248	           	      0.000	      1.000	      0.000	      0.000	      0.000	      0.000	      0.000	      8.267	      0.000	      0.000	
 07/19-09:19	2240.600	2240.800	2239.400	2240.800	           1279	      4.000	   2233.025	   2232.346	   2233.563	   2234.186	           	      0.000	      1.000	      0.000	      0.000	      0.000	      0.000	      0.000	      7.775	      0.000	      0.000	
 07/19-09:20	2240.600	2242.000	2240.400	2240.400	           1957	      5.000	   2233.350	   2232.398	   2233.604	   2234.135	           	      0.000	      1.000	      0.000	      0.000	      0.000	      0.000	      0.000	      7.050	      0.000	      0.000	
 07/19-09:21	2241.000	2241.000	2238.200	2238.400	           1845	      6.000	   2233.600	   2232.500	   2233.627	   2234.116	           	      0.000	      1.000	      0.000	      0.000	      0.000	      0.000	      0.000	      4.800	      0.000	      0.000	
 07/19-09:22	2238.000	2242.600	2238.000	2241.600	           1927	      7.000	   2233.833	   2232.648	   2233.679	   2234.143	           	      0.000	      0.000	      1.000	      0.000	      0.000	      0.000	      0.000	      7.767	      0.000	      0.000	
 07/19-09:23	2241.400	2242.600	2239.000	2239.400	           1521	      8.000	   2233.988	   2232.748	   2233.723	   2234.147	           	      0.000	      0.000	      1.000	      0.000	      0.000	      0.000	      0.000	      5.412	      0.000	      0.000	
 07/19-09:24	2239.200	2239.600	2238.000	2238.400	           1840	      9.000	   2234.158	   2232.871	   2233.743	   2234.155	           	      0.000	      0.000	      1.000	      0.000	      0.000	      0.000	      0.000	      4.241	      0.000	      0.000	
 07/19-09:25	2238.600	2239.600	2237.000	2237.800	           1826	     10.000	   2234.283	   2232.985	   2233.750	   2234.175	           	      0.000	      0.000	      1.000	      0.000	      0.000	      0.000	      0.000	      3.517	      0.000	      0.000	
 07/19-09:26	2238.000	2239.600	2237.800	2238.800	            951	     11.000	   2234.521	   2233.098	   2233.758	   2234.209	           	      0.000	      0.000	      1.000	      0.000	      0.000	      0.000	      0.000	      4.279	      0.000	      0.000	
 07/19-09:27	2238.800	2241.000	2238.800	2240.000	           1407	     12.000	   2234.863	   2233.254	   2233.775	   2234.247	           	      0.000	      0.000	      1.000	      0.000	      0.000	      0.000	      0.000	      5.137	      0.000	      0.000	
 07/19-09:28	2239.800	2241.400	2239.200	2240.800	           1147	     13.000	   2235.200	   2233.423	   2233.809	   2234.285	           	      0.000	      0.000	      1.000	      0.000	      0.000	      0.000	      0.000	      5.600	      0.000	      0.000	
 07/19-09:29	2240.800	2241.000	2239.400	2240.800	           1154	     14.000	   2235.533	   2233.538	   2233.857	   2234.317	           	      0.000	      0.000	      1.000	      0.000	      0.000	      0.000	      0.000	      5.267	      0.000	      0.000	
 07/19-09:30	2240.800	2242.000	2239.800	2241.000	           1333	     15.000	   2235.896	   2233.683	   2233.875	   2234.348	           	      0.000	      0.000	      1.000	      0.000	      0.000	      0.000	      0.000	      5.104	      0.000	      0.000	
 07/19-09:31	2241.000	2241.800	2238.600	2239.200	           2056	     16.000	   2236.200	   2233.762	   2233.858	   2234.372	           	      0.000	      0.000	      1.000	      0.000	      0.000	      0.000	      0.000	      3.000	      0.000	      0.000	
 07/19-09:32	2239.000	2239.200	2236.000	2237.800	           3676	     17.000	   2236.433	   2233.871	   2233.832	   2234.404	           	      0.000	      0.000	      1.000	      0.000	      0.000	      0.000	      0.000	      1.367	      0.000	      0.000	
 07/19-09:33	2237.600	2238.200	2235.000	2236.400	           2858	     18.000	   2236.554	   2233.971	   2233.827	   2234.430	           	      0.000	      0.000	      1.000	      0.000	      0.000	      0.000	      0.000	     -0.154	      0.000	      0.000	
 07/19-09:34	2236.800	2238.200	2236.000	2237.800	           1891	     19.000	   2236.712	   2234.077	   2233.867	   2234.469	           	      0.000	      0.000	      1.000	      0.000	      0.000	      0.000	      0.000	      1.088	      0.000	      0.000	
 07/19-09:35	2237.600	2240.400	2237.000	2237.200	           2663	     20.000	   2236.854	   2234.198	   2233.891	   2234.485	           	      0.000	      0.000	      1.000	      0.000	      0.000	      0.000	      0.000	      0.346	      0.000	      0.000	
 07/19-09:36	2237.200	2238.800	2235.800	2237.400	           1792	     21.000	   2237.008	   2234.294	   2233.935	   2234.493	           	      0.000	      0.000	      1.000	      0.000	      0.000	      0.000	      0.000	      0.392	      0.000	      0.000	
 07/19-09:37	2237.400	2240.200	2236.800	2240.200	           1857	     22.000	   2237.267	   2234.433	   2234.013	   2234.519	           	      0.000	      0.000	      1.000	      0.000	      0.000	      0.000	      0.000	      2.933	      0.000	      0.000	
 07/19-09:38	2239.800	2243.800	2238.800	2242.000	           4654	     23.000	   2237.587	   2234.627	   2234.096	   2234.545	           	      0.000	      0.000	      1.000	      0.000	      0.000	      0.000	      0.000	      4.413	      0.000	      0.000	
 07/19-09:39	2241.800	2244.400	2241.000	2241.400	           3483	     24.000	   2237.846	   2234.823	   2234.174	   2234.583	           	      0.000	      0.000	      1.000	      0.000	      0.000	      0.000	      0.000	      3.554	      0.000	      0.000	
 07/19-09:40	2241.400	2242.800	2240.400	2241.400	           2563	     25.000	   2238.092	   2235.071	   2234.250	   2234.654	           	      1.000	      0.000	      0.000	      0.000	      0.000	      0.000	      0.000	      3.308	      0.000	      0.000	
 07/19-09:41	2241.000	2241.600	2237.400	2237.400	           3462	     26.000	   2238.254	   2235.229	   2234.278	   2234.709	           	      1.000	      0.000	      0.000	      0.000	      0.000	      0.000	      0.000	     -0.854	      0.000	      0.000	
 07/19-09:42	2237.600	2238.600	2236.200	2237.000	           2583	     27.000	   2238.425	   2235.317	   2234.328	   2234.744	           	      1.000	      0.000	      0.000	      0.000	      0.000	      0.000	      0.000	     -1.425	      0.000	      0.000	
 07/19-09:43	2237.000	2238.000	2236.600	2237.600	           1508	     28.000	   2238.658	   2235.390	   2234.372	   2234.774	           	      1.000	      0.000	      0.000	      0.000	      0.000	      0.000	      0.000	     -1.058	      0.000	      0.000	
 07/19-09:44	2237.800	2238.400	2236.000	2236.000	           2831	     29.000	   2238.825	   2235.438	   2234.406	   2234.802	           	      0.000	      0.000	      1.000	      0.000	      0.000	      0.000	      0.000	     -2.825	      0.000	      0.000	
 07/19-09:45	2236.000	2236.200	2232.000	2232.000	           5295	     30.000	   2238.908	   2235.438	   2234.411	   2234.822	           	      0.000	      0.000	      1.000	      0.000	      0.000	      0.000	      0.000	     -6.908	      0.000	      0.000	
 07/19-09:46	2232.000	2233.400	2231.000	2232.400	           3587	     31.000	   2238.704	   2235.435	   2234.430	   2234.834	           	      0.000	      0.000	      1.000	      0.000	      0.000	      0.000	      0.000	     -6.304	      0.000	      0.000	
 07/19-09:47	2232.600	2234.000	2232.200	2233.800	           2366	     32.000	   2238.542	   2235.467	   2234.466	   2234.869	           	      0.000	      0.000	      1.000	      0.000	      0.000	      0.000	      0.000	     -4.742	      0.000	      0.000	
 07/19-09:48	2233.200	2233.400	2230.200	2230.200	           3497	     33.000	   2238.179	   2235.456	   2234.465	   2234.887	           	      0.000	      0.000	      1.000	      0.000	      0.000	      0.000	      0.000	     -7.979	      0.000	      0.000	
 07/19-09:49	2230.000	2231.800	2229.400	2230.600	           3760	     34.000	   2237.842	   2235.433	   2234.472	   2234.923	           	      0.000	      0.000	      1.000	      0.000	      0.000	      0.000	      0.000	     -7.241	      0.000	      0.000	
 07/19-09:50	2230.400	2231.800	2229.800	2231.200	           2620	     35.000	   2237.533	   2235.442	   2234.492	   2234.977	           	      0.000	      0.000	      1.000	      0.000	      0.000	      0.000	      0.000	     -6.333	      0.000	      0.000	
 07/19-09:51	2231.000	2231.000	2228.600	2229.400	           3051	     36.000	   2237.233	   2235.417	   2234.510	   2235.031	           	      1.000	      0.000	      0.000	      0.000	      0.000	      0.000	      0.000	     -7.833	      0.000	      0.000	
 07/19-09:52	2229.400	2230.600	2228.200	2229.800	           2151	     37.000	   2236.837	   2235.335	   2234.551	   2235.067	           	      1.000	      0.000	      0.000	      0.000	      0.000	      0.000	      0.000	     -7.037	      0.000	      0.000	
 07/19-09:53	2230.000	2230.800	2227.400	2229.200	           2961	     38.000	   2236.500	   2235.244	   2234.549	   2235.109	           	      1.000	      0.000	      0.000	      0.000	      0.000	      0.000	      0.000	     -7.300	      0.000	      0.000	
 07/19-09:54	2229.400	2231.400	2228.200	2230.800	           2597	     39.000	   2236.246	   2235.202	   2234.559	   2235.153	           	      1.000	      0.000	      0.000	      0.000	      0.000	      0.000	      0.000	     -5.446	      0.000	      0.000	
 07/19-09:55	2230.400	2232.200	2230.000	2230.800	           2833	     40.000	   2236.017	   2235.150	   2234.569	   2235.183	           	      1.000	      0.000	      0.000	      0.000	      0.000	      0.000	      0.000	     -5.217	      0.000	      0.000	
 07/19-09:56	2230.800	2231.000	2226.400	2226.400	           3765	     41.000	   2235.600	   2235.060	   2234.536	   2235.201	           	      0.000	      0.000	      1.000	      0.000	      0.000	      0.000	      0.000	     -9.200	      0.000	      0.000	
 07/19-09:57	2226.600	2228.400	2225.000	2225.600	           3383	     42.000	   2235.121	   2234.992	   2234.492	   2235.217	           	      0.000	      0.000	      1.000	      0.000	      0.000	      0.000	      0.000	     -9.521	      0.000	      0.000	
 07/19-09:58	2226.000	2226.000	2218.800	2220.400	           6882	     43.000	   2234.442	   2234.821	   2234.386	   2235.210	           	      0.000	      0.000	      1.000	      0.000	      0.000	      0.000	      0.000	    -14.042	      0.000	      0.000	
 07/19-09:59	2220.200	2220.600	2211.400	2220.400	           9447	     44.000	   2233.758	   2234.646	   2234.286	   2235.200	           	      0.000	      0.000	      1.000	      0.000	      0.000	      0.000	      0.000	    -13.358	      0.000	      0.000	
 07/19-10:00	2220.400	2221.600	2217.600	2220.800	           5179	     45.000	   2233.083	   2234.490	   2234.201	   2235.151	           	      0.000	      0.000	      1.000	      0.000	      0.000	      0.000	      0.000	    -12.283	      0.000	      0.000	
 07/19-10:01	2221.600	2228.200	2221.200	2224.800	           7739	     46.000	   2232.608	   2234.404	   2234.170	   2235.135	           	      0.000	      0.000	      1.000	      0.000	      0.000	      0.000	      0.000	     -7.808	      0.000	      0.000	
 07/19-10:02	2224.800	2226.200	2223.600	2225.200	           3383	     47.000	   2232.183	   2234.308	   2234.133	   2235.123	           	      0.000	      0.000	      1.000	      0.000	      0.000	      0.000	      0.000	     -6.983	      0.000	      0.000	
 07/19-10:03	2225.200	2225.800	2223.000	2224.000	           2251	     48.000	   2231.771	   2234.163	   2234.025	   2235.117	           	      0.000	      0.000	      1.000	      0.000	      0.000	      0.000	      0.000	     -7.771	      0.000	      0.000	
 07/19-10:04	2224.200	2224.600	2221.600	2222.200	           2302	     49.000	   2231.254	   2233.983	   2233.875	   2235.112	           	      0.000	      0.000	      1.000	      0.000	      0.000	      0.000	      0.000	     -9.054	      0.000	      0.000	
 07/19-10:05	2222.400	2225.000	2222.000	2223.800	           2976	     50.000	   2230.804	   2233.829	   2233.742	   2235.114	           	      0.000	      0.000	      1.000	      0.000	      0.000	      0.000	      0.000	     -7.004	      0.000	      0.000	
 07/19-10:06	2223.800	2227.800	2222.800	2227.000	           4156	     51.000	   2230.458	   2233.733	   2233.643	   2235.117	           	      0.000	      0.000	      1.000	      0.000	      0.000	      0.000	      0.000	     -3.458	      0.000	      0.000	
 07/19-10:07	2227.000	2229.000	2227.000	2227.000	           4313	     52.000	   2230.017	   2233.642	   2233.531	   2235.136	           	      0.000	      0.000	      1.000	      0.000	      0.000	      0.000	      0.000	     -3.017	      0.000	      0.000	
 07/19-10:08	2227.000	2230.000	2226.800	2228.400	           3974	     53.000	   2229.567	   2233.577	   2233.442	   2235.144	           	      0.000	      0.000	      1.000	      0.000	      0.000	      0.000	      0.000	     -1.167	      0.000	      0.000	
 07/19-10:09	2228.600	2230.000	2227.800	2228.200	           2453	     54.000	   2229.125	   2233.485	   2233.359	   2235.150	           	      0.000	      0.000	      1.000	      0.000	      0.000	      0.000	      0.000	     -0.925	      0.000	      0.000	
 07/19-10:10	2228.200	2228.800	2226.800	2227.600	           1935	     55.000	   2228.667	   2233.379	   2233.240	   2235.153	           	      0.000	      0.000	      1.000	      0.000	      0.000	      0.000	      0.000	     -1.067	      0.000	      0.000	
 07/19-10:11	2227.600	2232.000	2227.400	2232.000	           3496	     56.000	   2228.488	   2233.371	   2233.180	   2235.167	           	      0.000	      0.000	      1.000	      0.000	      0.000	      0.000	      0.000	      3.512	      0.000	      0.000	
 07/19-10:12	2232.200	2232.200	2229.200	2230.400	           3113	     57.000	   2228.267	   2233.346	   2233.142	   2235.186	           	      0.000	      0.000	      1.000	      0.000	      0.000	      0.000	      0.000	      2.133	      0.000	      0.000	
 07/19-10:13	2230.200	2230.600	2228.800	2229.600	           2182	     58.000	   2228.000	   2233.329	   2233.102	   2235.209	           	      0.000	      0.000	      1.000	      0.000	      0.000	      0.000	      0.000	      1.600	      0.000	      0.000	
 07/19-10:14	2229.800	2230.000	2227.600	2230.000	           2214	     59.000	   2227.800	   2233.313	   2233.022	   2235.215	           	      0.000	      0.000	      1.000	      0.000	      0.000	      0.000	      0.000	      2.200	      0.000	      0.000	
 07/19-10:15	2230.000	2230.000	2226.000	2227.000	           2483	     60.000	   2227.633	   2233.271	   2232.881	   2235.187	           	      0.000	      0.000	      1.000	      0.000	      0.000	      0.000	      0.000	     -0.633	      0.000	      0.000	
 07/19-10:16	2226.800	2227.400	2225.800	2226.400	           1975	     61.000	   2227.433	   2233.069	   2232.745	   2235.154	           	      0.000	      0.000	      1.000	      0.000	      0.000	      0.000	      0.000	     -1.033	      0.000	      0.000	
 07/19-10:17	2226.400	2228.400	2225.800	2227.800	           2730	     62.000	   2227.233	   2232.887	   2232.637	   2235.134	           	      0.000	      0.000	      1.000	      0.000	      0.000	      0.000	      0.000	      0.567	      0.000	      0.000	
 07/19-10:18	2227.800	2230.800	2227.000	2229.400	           2716	     63.000	   2227.208	   2232.694	   2232.528	   2235.106	           	      0.000	      0.000	      1.000	      0.000	      0.000	      0.000	      0.000	      2.192	      0.000	      0.000	
 07/19-10:19	2229.200	2230.000	2227.000	2228.800	           1858	     64.000	   2227.146	   2232.494	   2232.420	   2235.072	           	      0.000	      0.000	      1.000	      0.000	      0.000	      0.000	      0.000	      1.654	      0.000	      0.000	
 07/19-10:20	2228.600	2229.200	2223.600	2224.400	           3661	     65.000	   2226.917	   2232.225	   2232.312	   2235.030	           	      0.000	      0.000	      1.000	      0.000	      0.000	      0.000	      0.000	     -2.517	      0.000	      0.000	
 07/19-10:21	2224.200	2224.200	2220.000	2222.400	           5810	     66.000	   2226.688	   2231.960	   2232.230	   2234.987	           	      0.000	      0.000	      1.000	      0.000	      0.000	      0.000	      0.000	     -4.288	      0.000	      0.000	
 07/19-10:22	2222.000	2223.200	2218.400	2221.600	           4788	     67.000	   2226.413	   2231.625	   2232.136	   2234.918	           	      0.000	      1.000	      0.000	      0.000	      0.000	      0.000	      0.000	     -4.813	      0.000	      0.000	
 07/19-10:23	2221.400	2221.600	2219.200	2221.600	           1905	     68.000	   2226.158	   2231.329	   2232.039	   2234.858	           	      0.000	      1.000	      0.000	      0.000	      0.000	      0.000	      0.000	     -4.558	      0.000	      0.000	
 07/19-10:24	2221.600	2222.200	2219.600	2220.400	           2392	     69.000	   2225.813	   2231.029	   2231.950	   2234.794	           	      0.000	      1.000	      0.000	      0.000	      0.000	      0.000	      0.000	     -5.413	      0.000	      0.000	
 07/19-10:25	2220.200	2223.800	2220.200	2223.800	           3133	     70.000	   2225.579	   2230.798	   2231.892	   2234.756	           	      0.000	      1.000	      0.000	      0.000	      0.000	      0.000	      0.000	     -1.779	      0.000	      0.000	
 07/19-10:26	2223.800	2226.000	2223.600	2225.000	           3711	     71.000	   2225.533	   2230.567	   2231.832	   2234.735	           	      0.000	      1.000	      0.000	      0.000	      0.000	      0.000	      0.000	     -0.533	      0.000	      0.000	
 07/19-10:27	2225.000	2227.200	2224.800	2226.200	           3127	     72.000	   2225.550	   2230.335	   2231.795	   2234.720	           	      0.000	      0.000	      1.000	      0.000	      0.000	      0.000	      0.000	      0.650	      0.000	      0.000	
 07/19-10:28	2226.600	2227.000	2225.200	2226.400	           2216	     73.000	   2225.754	   2230.098	   2231.760	   2234.708	           	      0.000	      0.000	      1.000	      0.000	      0.000	      0.000	      0.000	      0.646	      0.000	      0.000	
 07/19-10:29	2226.600	2232.000	2226.000	2232.000	           5208	     74.000	   2226.142	   2229.950	   2231.744	   2234.714	           	      0.000	      0.000	      1.000	      0.000	      0.000	      0.000	      0.000	      5.858	      0.000	      0.000	
 07/19-10:30	2232.200	2236.000	2232.200	2235.800	           8347	     75.000	   2226.642	   2229.863	   2231.773	   2234.733	           	      0.000	      0.000	      1.000	      0.000	      0.000	      0.000	      0.000	      9.158	      0.000	      0.000	
 07/19-10:31	2235.600	2237.000	2234.600	2234.800	           4626	     76.000	   2226.971	   2229.790	   2231.776	   2234.747	           	      0.000	      0.000	      1.000	      0.000	      0.000	      0.000	      0.000	      7.829	      0.000	      0.000	
 07/19-10:32	2234.800	2236.000	2233.400	2233.600	           3222	     77.000	   2227.254	   2229.719	   2231.795	   2234.761	           	      0.000	      0.000	      1.000	      0.000	      0.000	      0.000	      0.000	      6.346	      0.000	      0.000	
 07/19-10:33	2234.000	2235.600	2232.800	2235.600	           2444	     78.000	   2227.642	   2229.706	   2231.839	   2234.785	           	      0.000	      0.000	      1.000	      0.000	      0.000	      0.000	      0.000	      7.958	      0.000	      0.000	
 07/19-10:34	2235.600	2237.000	2233.000	2233.600	           4254	     79.000	   2228.021	   2229.637	   2231.857	   2234.810	           	      0.000	      0.000	      1.000	      0.000	      0.000	      0.000	      0.000	      5.579	      0.000	      0.000	
 07/19-10:35	2233.600	2235.200	2232.800	2235.200	           1901	     80.000	   2228.400	   2229.602	   2231.900	   2234.842	           	      0.000	      0.000	      1.000	      0.000	      0.000	      0.000	      0.000	      6.800	      0.000	      0.000	
 07/19-10:36	2235.400	2235.800	2231.000	2231.800	           3404	     81.000	   2228.563	   2229.510	   2231.902	   2234.866	           	      0.000	      0.000	      1.000	      0.000	      0.000	      0.000	      0.000	      3.238	      0.000	      0.000	
 07/19-10:37	2231.800	2232.200	2230.400	2230.600	           2532	     82.000	   2228.683	   2229.350	   2231.892	   2234.878	           	      0.000	      0.000	      1.000	      0.000	      0.000	      0.000	      0.000	      1.917	      0.000	      0.000	
 07/19-10:38	2230.600	2232.600	2230.600	2232.000	           1857	     83.000	   2228.800	   2229.183	   2231.905	   2234.886	           	      0.000	      0.000	      1.000	      0.000	      0.000	      0.000	      0.000	      3.200	      0.000	      0.000	
 07/19-10:39	2232.000	2232.000	2228.200	2228.400	           3913	     84.000	   2228.808	   2228.967	   2231.895	   2234.875	           	      0.000	      0.000	      1.000	      0.000	      0.000	      0.000	      0.000	     -0.408	      0.000	      0.000	
 07/19-10:40	2228.200	2228.200	2225.200	2226.600	           4682	     85.000	   2228.775	   2228.721	   2231.896	   2234.866	           	      0.000	      0.000	      1.000	      0.000	      0.000	      0.000	      0.000	     -2.175	      0.000	      0.000	
 07/19-10:41	2226.600	2228.400	2225.600	2227.000	           3356	     86.000	   2228.608	   2228.548	   2231.888	   2234.824	           	      0.000	      0.000	      1.000	      0.000	      0.000	      0.000	      0.000	     -1.608	      0.000	      0.000	
 07/19-10:42	2228.000	2228.000	2225.200	2225.400	           2391	     87.000	   2228.442	   2228.354	   2231.835	   2234.783	           	      0.000	      0.000	      1.000	      0.000	      0.000	      0.000	      0.000	     -3.042	      0.000	      0.000	
 07/19-10:43	2225.600	2230.600	2225.200	2230.600	           3525	     88.000	   2228.475	   2228.238	   2231.813	   2234.754	           	      0.000	      0.000	      1.000	      0.000	      0.000	      0.000	      0.000	      2.125	      0.000	      0.000	
 07/19-10:44	2231.200	2233.600	2230.800	2232.400	           3959	     89.000	   2228.554	   2228.177	   2231.807	   2234.734	           	      0.000	      0.000	      1.000	      0.000	      0.000	      0.000	      0.000	      3.846	      0.000	      0.000	
 07/19-10:45	2232.400	2234.600	2231.800	2234.600	           2793	     90.000	   2228.808	   2228.221	   2231.829	   2234.727	           	      0.000	      0.000	      1.000	      0.000	      0.000	      0.000	      0.000	      5.792	      0.000	      0.000	
 07/19-10:46	2234.400	2235.000	2229.600	2231.000	           4364	     91.000	   2228.962	   2228.198	   2231.817	   2234.698	           	      0.000	      0.000	      1.000	      0.000	      0.000	      0.000	      0.000	      2.038	      0.000	      0.000	
 07/19-10:47	2231.000	2233.200	2230.600	2231.600	           2647	     92.000	   2229.083	   2228.158	   2231.813	   2234.671	           	      0.000	      0.000	      1.000	      0.000	      0.000	      0.000	      0.000	      2.517	      0.000	      0.000	
 07/19-10:48	2231.600	2232.000	2223.400	2223.400	           7196	     93.000	   2228.887	   2228.048	   2231.752	   2234.601	           	      0.000	      0.000	      1.000	      0.000	      0.000	      0.000	      0.000	     -5.488	      0.000	      0.000	
 07/19-10:49	2224.000	2226.400	2223.200	2225.800	           3686	     94.000	   2228.788	   2227.967	   2231.700	   2234.542	           	      0.000	      1.000	      0.000	      0.000	      0.000	      0.000	      0.000	     -2.988	      0.000	      0.000	
 07/19-10:50	2226.200	2226.200	2223.400	2225.200	           2680	     95.000	   2228.817	   2227.867	   2231.654	   2234.464	           	      0.000	      1.000	      0.000	      0.000	      0.000	      0.000	      0.000	     -3.617	      0.000	      0.000	
 07/19-10:51	2225.200	2229.600	2225.000	2229.200	           3270	     96.000	   2229.038	   2227.863	   2231.640	   2234.402	           	      0.000	      1.000	      0.000	      0.000	      0.000	      0.000	      0.000	      0.162	      0.000	      0.000	
 07/19-10:52	2228.800	2231.000	2228.200	2228.800	           3455	     97.000	   2229.283	   2227.848	   2231.592	   2234.347	           	      0.000	      1.000	      0.000	      0.000	      0.000	      0.000	      0.000	     -0.483	      0.000	      0.000	
 07/19-10:53	2228.800	2233.800	2228.400	2232.400	           3231	     98.000	   2229.642	   2227.900	   2231.572	   2234.306	           	      0.000	      1.000	      0.000	      0.000	      0.000	      0.000	      0.000	      2.758	      0.000	      0.000	
 07/19-10:54	2232.400	2233.800	2229.600	2229.600	           3116	     99.000	   2229.950	   2227.881	   2231.542	   2234.261	           	      0.000	      1.000	      0.000	      0.000	      0.000	      0.000	      0.000	     -0.350	      0.000	      0.000	
 07/19-10:55	2229.600	2230.600	2225.800	2226.600	           3198	    100.000	   2230.038	   2227.808	   2231.479	   2234.177	           	      0.000	      1.000	      0.000	      0.000	      0.000	      0.000	      0.000	     -3.438	      0.000	      0.000	
 07/19-10:56	2226.800	2231.200	2226.200	2230.200	           2490	    101.000	   2230.212	   2227.873	   2231.467	   2234.074	           	      0.000	      1.000	      0.000	      0.000	      0.000	      0.000	      0.000	     -0.012	      0.000	      0.000	
 07/19-10:57	2229.600	2232.000	2229.200	2230.400	           2728	    102.000	   2230.354	   2227.952	   2231.472	   2233.975	           	      0.000	      1.000	      0.000	      0.000	      0.000	      0.000	      0.000	      0.046	      0.000	      0.000	
 07/19-10:58	2230.000	2232.000	2229.000	2231.400	           2137	    103.000	   2230.517	   2228.135	   2231.478	   2233.858	           	      0.000	      1.000	      0.000	      0.000	      0.000	      0.000	      0.000	      0.883	      0.000	      0.000	
 07/19-10:59	2231.400	2233.000	2229.400	2231.200	           2493	    104.000	   2230.492	   2228.317	   2231.481	   2233.759	           	      0.000	      1.000	      0.000	      0.000	      0.000	      0.000	      0.000	      0.708	      0.000	      0.000	
 07/19-11:00	2231.200	2235.000	2230.000	2234.000	           3167	    105.000	   2230.433	   2228.538	   2231.513	   2233.677	           	      0.000	      1.000	      0.000	      0.000	      0.000	      0.000	      0.000	      3.567	      0.000	      0.000	
 07/19-11:01	2234.000	2237.800	2233.600	2237.400	           5785	    106.000	   2230.521	   2228.746	   2231.575	   2233.590	           	      0.000	      1.000	      0.000	      0.000	      0.000	      0.000	      0.000	      6.879	      0.000	      0.000	
 07/19-11:02	2237.000	2239.000	2233.200	2234.600	           5992	    107.000	   2230.554	   2228.904	   2231.606	   2233.502	           	      0.000	      1.000	      0.000	      0.000	      0.000	      0.000	      0.000	      4.046	      0.000	      0.000	
 07/19-11:03	2234.400	2238.200	2234.000	2236.800	           3525	    108.000	   2230.592	   2229.117	   2231.640	   2233.441	           	      0.000	      1.000	      0.000	      0.000	      0.000	      0.000	      0.000	      6.208	      0.000	      0.000	
 07/19-11:04	2236.800	2239.000	2235.800	2236.600	           4131	    109.000	   2230.692	   2229.356	   2231.670	   2233.389	           	      0.000	      1.000	      0.000	      0.000	      0.000	      0.000	      0.000	      5.908	      0.000	      0.000	
 07/19-11:05	2236.600	2237.400	2235.200	2236.400	           2772	    110.000	   2230.733	   2229.567	   2231.698	   2233.338	           	      0.000	      1.000	      0.000	      0.000	      0.000	      0.000	      0.000	      5.667	      0.000	      0.000	
 07/19-11:06	2236.400	2236.600	2233.800	2234.600	           3030	    111.000	   2230.825	   2229.694	   2231.714	   2233.270	           	      0.000	      1.000	      0.000	      0.000	      0.000	      0.000	      0.000	      3.775	      0.000	      0.000	
 07/19-11:07	2234.600	2234.800	2232.200	2233.800	           3422	    112.000	   2230.933	   2229.808	   2231.725	   2233.208	           	      0.000	      1.000	      0.000	      0.000	      0.000	      0.000	      0.000	      2.867	      0.000	      0.000	
 07/19-11:08	2233.600	2233.800	2230.800	2231.200	           3241	    113.000	   2230.904	   2229.852	   2231.715	   2233.129	           	      0.000	      1.000	      0.000	      0.000	      0.000	      0.000	      0.000	      0.296	      0.000	      0.000	
 07/19-11:09	2231.000	2239.400	2231.000	2238.000	           5612	    114.000	   2231.225	   2230.017	   2231.751	   2233.091	           	      0.000	      1.000	      0.000	      0.000	      0.000	      0.000	      0.000	      6.775	      0.000	      0.000	
 07/19-11:10	2238.400	2242.600	2236.200	2236.600	           8059	    115.000	   2231.558	   2230.167	   2231.773	   2233.045	           	      0.000	      1.000	      0.000	      0.000	      0.000	      0.000	      0.000	      5.042	      0.000	      0.000	
 07/19-11:11	2236.600	2237.000	2234.800	2235.600	           3612	    116.000	   2231.846	   2230.227	   2231.799	   2233.010	           	      0.000	      1.000	      0.000	      0.000	      0.000	      0.000	      0.000	      3.754	      0.000	      0.000	
 07/19-11:12	2235.400	2235.600	2231.600	2232.600	           4376	    117.000	   2232.087	   2230.265	   2231.805	   2232.966	           	      0.000	      1.000	      0.000	      0.000	      0.000	      0.000	      0.000	      0.513	      0.000	      0.000	
 07/19-11:13	2232.800	2234.600	2231.800	2234.200	           2781	    118.000	   2232.204	   2230.340	   2231.834	   2232.929	           	      0.000	      1.000	      0.000	      0.000	      0.000	      0.000	      0.000	      1.996	      0.000	      0.000	
 07/19-11:14	2234.400	2234.400	2228.000	2228.400	           5286	    119.000	   2232.071	   2230.313	   2231.813	   2232.868	           	      0.000	      1.000	      0.000	      0.000	      0.000	      0.000	      0.000	     -3.671	      0.000	      0.000	
 07/19-11:15	2229.400	2230.200	2227.200	2228.000	           3507	    120.000	   2231.850	   2230.329	   2231.800	   2232.811	           	      0.000	      1.000	      0.000	      0.000	      0.000	      0.000	      0.000	     -3.850	      0.000	      0.000	
 07/19-11:16	2228.200	2229.200	2227.200	2228.600	           2778	    121.000	   2231.771	   2230.367	   2231.718	   2232.758	           	      0.000	      1.000	      0.000	      0.000	      0.000	      0.000	      0.000	     -3.171	      0.000	      0.000	
 07/19-11:17	2228.800	2231.400	2228.000	2228.800	           2816	    122.000	   2231.683	   2230.383	   2231.635	   2232.708	           	      0.000	      1.000	      0.000	      0.000	      0.000	      0.000	      0.000	     -2.883	      0.000	      0.000	
 07/19-11:18	2228.800	2232.600	2228.800	2230.800	           2364	    123.000	   2231.925	   2230.406	   2231.550	   2232.671	           	      0.000	      1.000	      0.000	      0.000	      0.000	      0.000	      0.000	     -1.125	      0.000	      0.000	
 07/19-11:19	2230.600	2231.600	2229.600	2230.800	           1534	    124.000	   2232.092	   2230.440	   2231.467	   2232.644	           	      0.000	      1.000	      0.000	      0.000	      0.000	      0.000	      0.000	     -1.292	      0.000	      0.000	
 07/19-11:20	2230.600	2231.200	2226.200	2226.400	           3778	    125.000	   2232.133	   2230.475	   2231.350	   2232.592	           	      0.000	      1.000	      0.000	      0.000	      0.000	      0.000	      0.000	     -5.733	      0.000	      0.000	
 07/19-11:21	2226.600	2228.600	2225.600	2227.200	           2375	    126.000	   2232.067	   2230.552	   2231.256	   2232.545	           	      0.000	      1.000	      0.000	      0.000	      0.000	      0.000	      0.000	     -4.867	      0.000	      0.000	
 07/19-11:22	2227.000	2228.600	2226.800	2227.200	           1599	    127.000	   2232.012	   2230.648	   2231.136	   2232.490	           	      0.000	      1.000	      0.000	      0.000	      0.000	      0.000	      0.000	     -4.813	      0.000	      0.000	
 07/19-11:23	2227.400	2227.400	2224.200	2224.800	           3663	    128.000	   2231.758	   2230.700	   2231.015	   2232.446	           	      0.000	      1.000	      0.000	      0.000	      0.000	      0.000	      0.000	     -6.958	      0.000	      0.000	
 07/19-11:24	2225.000	2226.800	2224.800	2225.800	           2095	    129.000	   2231.633	   2230.792	   2230.910	   2232.413	           	      0.000	      1.000	      0.000	      0.000	      0.000	      0.000	      0.000	     -5.833	      0.000	      0.000	
 07/19-11:25	2226.200	2226.200	2221.600	2222.600	           4426	    130.000	   2231.500	   2230.769	   2230.783	   2232.376	           	      0.000	      1.000	      0.000	      0.000	      0.000	      0.000	      0.000	     -8.900	      0.000	      0.000	
 07/19-11:26	2222.200	2223.200	2221.400	2222.800	           2396	    131.000	   2231.254	   2230.733	   2230.650	   2232.334	           	      0.000	      1.000	      0.000	      0.000	      0.000	      0.000	      0.000	     -8.454	      0.000	      0.000	
 07/19-11:27	2222.600	2225.600	2222.200	2223.800	           2960	    132.000	   2231.033	   2230.694	   2230.515	   2232.290	           	      0.000	      1.000	      0.000	      0.000	      0.000	      0.000	      0.000	     -7.233	      0.000	      0.000	
 07/19-11:28	2223.800	2224.200	2222.800	2224.000	           1693	    133.000	   2230.788	   2230.652	   2230.375	   2232.255	           	      0.000	      1.000	      0.000	      0.000	      0.000	      0.000	      0.000	     -6.788	      0.000	      0.000	
 07/19-11:29	2224.000	2225.000	2223.400	2224.200	           1975	    134.000	   2230.554	   2230.523	   2230.237	   2232.210	           	      0.000	      1.000	      0.000	      0.000	      0.000	      0.000	      0.000	     -6.354	      0.000	      0.000	
 07/19-11:30	2224.400	2226.000	2223.000	2223.000	           2197	    135.000	   2230.188	   2230.310	   2230.086	   2232.159	           	      0.000	      1.000	      0.000	      0.000	      0.000	      0.000	      0.000	     -7.188	      0.000	      0.000	
 07/19-13:01	2223.000	2226.800	2222.800	2225.200	           2093	    136.000	   2229.779	   2230.150	   2229.970	   2232.117	           	      0.000	      1.000	      0.000	      0.000	      0.000	      0.000	      0.000	     -4.579	      0.000	      0.000	
 07/19-13:02	2225.200	2225.600	2224.200	2224.400	            958	    137.000	   2229.442	   2229.998	   2229.858	   2232.074	           	      0.000	      1.000	      0.000	      0.000	      0.000	      0.000	      0.000	     -5.042	      0.000	      0.000	
 07/19-13:03	2224.800	2225.800	2223.400	2223.600	           1834	    138.000	   2229.000	   2229.796	   2229.751	   2232.032	           	      0.000	      1.000	      0.000	      0.000	      0.000	      0.000	      0.000	     -5.400	      0.000	      0.000	
 07/19-13:04	2223.800	2223.800	2220.400	2220.400	           3383	    139.000	   2228.462	   2229.577	   2229.607	   2231.970	           	      0.000	      1.000	      0.000	      0.000	      0.000	      0.000	      0.000	     -8.063	      0.000	      0.000	
 07/19-13:05	2220.400	2220.800	2218.600	2218.800	           3532	    140.000	   2227.875	   2229.304	   2229.453	   2231.897	           	      0.000	      1.000	      0.000	      0.000	      0.000	      0.000	      0.000	     -9.075	      0.000	      0.000	
 07/19-13:06	2219.200	2223.000	2219.200	2221.800	           2885	    141.000	   2227.446	   2229.135	   2229.323	   2231.833	           	      0.000	      1.000	      0.000	      0.000	      0.000	      0.000	      0.000	     -5.646	      0.000	      0.000	
 07/19-13:07	2221.800	2224.600	2221.600	2223.600	           2792	    142.000	   2227.104	   2229.019	   2229.184	   2231.775	           	      0.000	      1.000	      0.000	      0.000	      0.000	      0.000	      0.000	     -3.504	      0.000	      0.000	
 07/19-13:08	2223.600	2223.800	2222.000	2222.600	           1224	    143.000	   2226.821	   2228.863	   2229.023	   2231.719	           	      0.000	      1.000	      0.000	      0.000	      0.000	      0.000	      0.000	     -4.221	      0.000	      0.000	
 07/19-13:09	2222.600	2225.800	2221.800	2225.200	           3107	    144.000	   2226.396	   2228.810	   2228.888	   2231.679	           	      0.000	      1.000	      0.000	      0.000	      0.000	      0.000	      0.000	     -1.196	      0.000	      0.000	
 07/19-13:10	2225.200	2225.400	2223.200	2225.000	           1681	    145.000	   2226.008	   2228.783	   2228.752	   2231.624	           	      0.000	      1.000	      0.000	      0.000	      0.000	      0.000	      0.000	     -1.008	      0.000	      0.000	
 07/19-13:11	2224.800	2225.000	2221.200	2221.800	           1863	    146.000	   2225.546	   2228.696	   2228.622	   2231.546	           	      0.000	      1.000	      0.000	      0.000	      0.000	      0.000	      0.000	     -3.746	      0.000	      0.000	
 07/19-13:12	2221.800	2224.000	2221.800	2223.600	           1491	    147.000	   2225.246	   2228.667	   2228.510	   2231.477	           	      0.000	      1.000	      0.000	      0.000	      0.000	      0.000	      0.000	     -1.646	      0.000	      0.000	
 07/19-13:13	2223.400	2224.200	2222.200	2223.200	           1099	    148.000	   2224.879	   2228.542	   2228.390	   2231.421	           	      0.000	      1.000	      0.000	      0.000	      0.000	      0.000	      0.000	     -1.679	      0.000	      0.000	
 07/19-13:14	2223.000	2223.200	2220.200	2221.800	           2304	    149.000	   2224.663	   2228.367	   2228.272	   2231.377	           	      0.000	      1.000	      0.000	      0.000	      0.000	      0.000	      0.000	     -2.863	      0.000	      0.000	
 07/19-13:15	2221.800	2222.800	2219.000	2220.600	           2652	    150.000	   2224.417	   2228.133	   2228.177	   2231.322	           	      0.000	      1.000	      0.000	      0.000	      0.000	      0.000	      0.000	     -3.817	      0.000	      0.000	
 07/19-13:16	2220.800	2223.600	2220.600	2223.200	           2523	    151.000	   2224.233	   2228.002	   2228.100	   2231.287	           	      0.000	      1.000	      0.000	      0.000	      0.000	      0.000	      0.000	     -1.033	      0.000	      0.000	
 07/19-13:17	2222.800	2224.000	2222.000	2223.000	           2021	    152.000	   2224.038	   2227.860	   2228.009	   2231.255	           	      0.000	      1.000	      0.000	      0.000	      0.000	      0.000	      0.000	     -1.038	      0.000	      0.000	
 07/19-13:18	2222.800	2222.800	2220.400	2220.600	           1758	    153.000	   2223.700	   2227.813	   2227.930	   2231.209	           	      0.000	      1.000	      0.000	      0.000	      0.000	      0.000	      0.000	     -3.100	      0.000	      0.000	
 07/19-13:19	2220.400	2223.800	2219.400	2223.800	           2466	    154.000	   2223.467	   2227.779	   2227.873	   2231.176	           	      0.000	      0.000	      1.000	      0.000	      0.000	      0.000	      0.000	      0.333	      0.000	      0.000	
 07/19-13:20	2223.800	2224.600	2222.200	2222.200	           1771	    155.000	   2223.325	   2227.729	   2227.798	   2231.136	           	      0.000	      1.000	      0.000	      0.000	      0.000	      0.000	      0.000	     -1.125	      0.000	      0.000	
 07/19-13:21	2222.000	2223.000	2220.200	2222.400	           2233	    156.000	   2223.167	   2227.617	   2227.740	   2231.090	           	      0.000	      1.000	      0.000	      0.000	      0.000	      0.000	      0.000	     -0.767	      0.000	      0.000	
 07/19-13:22	2223.000	2223.000	2216.800	2219.200	           5019	    157.000	   2222.900	   2227.456	   2227.652	   2231.042	           	      0.000	      1.000	      0.000	      0.000	      0.000	      0.000	      0.000	     -3.700	      0.000	      0.000	
 07/19-13:23	2219.400	2220.600	2216.400	2219.800	           3876	    158.000	   2222.733	   2227.246	   2227.573	   2230.992	           	      0.000	      1.000	      0.000	      0.000	      0.000	      0.000	      0.000	     -2.933	      0.000	      0.000	
 07/19-13:24	2220.000	2220.800	2218.000	2220.600	           2262	    159.000	   2222.558	   2227.096	   2227.489	   2230.947	           	      0.000	      1.000	      0.000	      0.000	      0.000	      0.000	      0.000	     -1.958	      0.000	      0.000	
 07/19-13:25	2221.000	2224.000	2221.000	2223.200	           4115	    160.000	   2222.583	   2227.042	   2227.425	   2230.915	           	      0.000	      1.000	      0.000	      0.000	      0.000	      0.000	      0.000	      0.617	      0.000	      0.000	
 07/19-13:26	2223.000	2223.800	2220.400	2221.400	           2264	    161.000	   2222.533	   2226.894	   2227.383	   2230.879	           	      0.000	      1.000	      0.000	      0.000	      0.000	      0.000	      0.000	     -1.134	      0.000	      0.000	
 07/19-13:27	2221.600	2222.400	2219.400	2220.800	           2187	    162.000	   2222.433	   2226.733	   2227.343	   2230.844	           	      0.000	      0.000	      1.000	      0.000	      0.000	      0.000	      0.000	     -1.633	      0.000	      0.000	
 07/19-13:28	2221.000	2222.000	2220.200	2221.200	           1140	    163.000	   2222.342	   2226.565	   2227.350	   2230.808	           	      0.000	      0.000	      1.000	      0.000	      0.000	      0.000	      0.000	     -1.142	      0.000	      0.000	
 07/19-13:29	2220.600	2221.000	2219.200	2220.600	           1608	    164.000	   2222.221	   2226.387	   2227.352	   2230.771	           	      0.000	      0.000	      1.000	      0.000	      0.000	      0.000	      0.000	     -1.621	      0.000	      0.000	
 07/19-13:30	2220.400	2220.400	2219.000	2219.400	           1735	    165.000	   2222.100	   2226.144	   2227.341	   2230.733	           	      0.000	      0.000	      1.000	      0.000	      0.000	      0.000	      0.000	     -2.700	      0.000	      0.000	
 07/19-13:31	2219.600	2221.200	2219.200	2219.600	           1181	    166.000	   2221.917	   2225.848	   2227.297	   2230.704	           	      0.000	      0.000	      1.000	      0.000	      0.000	      0.000	      0.000	     -2.317	      0.000	      0.000	
 07/19-13:32	2219.800	2220.200	2215.000	2217.200	           5836	    167.000	   2221.671	   2225.556	   2227.230	   2230.673	           	      0.000	      0.000	      1.000	      0.000	      0.000	      0.000	      0.000	     -4.471	      0.000	      0.000	
 07/19-13:33	2217.200	2218.000	2214.400	2218.000	           3975	    168.000	   2221.488	   2225.244	   2227.180	   2230.626	           	      0.000	      0.000	      1.000	      0.000	      0.000	      0.000	      0.000	     -3.488	      0.000	      0.000	
 07/19-13:34	2218.200	2220.800	2215.200	2220.800	           3397	    169.000	   2221.500	   2224.981	   2227.169	   2230.592	           	      0.000	      0.000	      1.000	      0.000	      0.000	      0.000	      0.000	     -0.700	      0.000	      0.000	
 07/19-13:35	2221.400	2221.400	2217.000	2218.400	           3626	    170.000	   2221.488	   2224.681	   2227.124	   2230.546	           	      0.000	      1.000	      0.000	      0.000	      0.000	      0.000	      0.000	     -3.088	      0.000	      0.000	
 07/19-13:36	2218.400	2218.800	2216.200	2218.800	           1579	    171.000	   2221.387	   2224.417	   2227.055	   2230.500	           	      0.000	      1.000	      0.000	      0.000	      0.000	      0.000	      0.000	     -2.587	      0.000	      0.000	
 07/19-13:37	2219.000	2219.200	2215.800	2217.400	           2443	    172.000	   2221.179	   2224.142	   2226.975	   2230.446	           	      0.000	      1.000	      0.000	      0.000	      0.000	      0.000	      0.000	     -3.779	      0.000	      0.000	
 07/19-13:38	2217.800	2217.800	2213.600	2213.800	           4161	    173.000	   2220.887	   2223.854	   2226.853	   2230.369	           	      0.000	      1.000	      0.000	      0.000	      0.000	      0.000	      0.000	     -7.087	      0.000	      0.000	
 07/19-13:39	2213.800	2217.200	2213.800	2216.200	           2614	    174.000	   2220.583	   2223.490	   2226.753	   2230.304	           	      0.000	      1.000	      0.000	      0.000	      0.000	      0.000	      0.000	     -4.383	      0.000	      0.000	
 07/19-13:40	2216.000	2218.000	2214.400	2217.600	           2753	    175.000	   2220.337	   2223.173	   2226.670	   2230.251	           	      0.000	      1.000	      0.000	      0.000	      0.000	      0.000	      0.000	     -2.737	      0.000	      0.000	
 07/19-13:41	2217.400	2219.800	2215.600	2218.600	           3324	    176.000	   2220.233	   2222.890	   2226.558	   2230.211	           	      0.000	      1.000	      0.000	      0.000	      0.000	      0.000	      0.000	     -1.633	      0.000	      0.000	
 07/19-13:42	2218.800	2220.600	2218.800	2220.200	           3193	    177.000	   2220.121	   2222.683	   2226.474	   2230.174	           	      0.000	      1.000	      0.000	      0.000	      0.000	      0.000	      0.000	      0.079	      0.000	      0.000	
 07/19-13:43	2220.400	2220.800	2218.200	2219.400	           2427	    178.000	   2219.996	   2222.438	   2226.388	   2230.104	           	      0.000	      1.000	      0.000	      0.000	      0.000	      0.000	      0.000	     -0.596	      0.000	      0.000	
 07/19-13:44	2219.600	2220.400	2218.800	2219.400	           1539	    179.000	   2219.913	   2222.288	   2226.300	   2230.020	           	      0.000	      1.000	      0.000	      0.000	      0.000	      0.000	      0.000	     -0.513	      0.000	      0.000	
 07/19-13:45	2219.400	2220.400	2218.200	2219.000	           1603	    180.000	   2219.858	   2222.137	   2226.233	   2229.937	           	      0.000	      1.000	      0.000	      0.000	      0.000	      0.000	      0.000	     -0.858	      0.000	      0.000	
 07/19-13:46	2219.600	2220.400	2218.400	2220.000	           1617	    181.000	   2219.754	   2221.994	   2226.180	   2229.862	           	      0.000	      1.000	      0.000	      0.000	      0.000	      0.000	      0.000	      0.246	      0.000	      0.000	
 07/19-13:47	2219.600	2220.200	2216.600	2218.000	           2593	    182.000	   2219.587	   2221.813	   2226.098	   2229.772	           	      0.000	      1.000	      0.000	      0.000	      0.000	      0.000	      0.000	     -1.587	      0.000	      0.000	
 07/19-13:48	2217.800	2217.800	2215.600	2217.600	           2141	    183.000	   2219.488	   2221.594	   2226.000	   2229.686	           	      0.000	      1.000	      0.000	      0.000	      0.000	      0.000	      0.000	     -1.887	      0.000	      0.000	
 07/19-13:49	2217.600	2219.000	2215.800	2216.800	           2077	    184.000	   2219.254	   2221.360	   2225.900	   2229.601	           	      0.000	      1.000	      0.000	      0.000	      0.000	      0.000	      0.000	     -2.454	      0.000	      0.000	
 07/19-13:50	2217.000	2217.000	2212.200	2213.000	           5085	    185.000	   2218.946	   2221.135	   2225.805	   2229.485	           	      0.000	      1.000	      0.000	      0.000	      0.000	      0.000	      0.000	     -5.946	      0.000	      0.000	
 07/19-13:51	2213.200	2214.600	2208.600	2210.800	           7824	    186.000	   2218.563	   2220.865	   2225.708	   2229.372	           	      0.000	      1.000	      0.000	      0.000	      0.000	      0.000	      0.000	     -7.762	      0.000	      0.000	
 07/19-13:52	2211.000	2212.400	2206.000	2207.200	           6631	    187.000	   2218.158	   2220.529	   2225.589	   2229.260	           	      0.000	      1.000	      0.000	      0.000	      0.000	      0.000	      0.000	    -10.958	      0.000	      0.000	
 07/19-13:53	2207.400	2209.000	2204.600	2206.200	           5106	    188.000	   2217.708	   2220.221	   2225.460	   2229.147	           	      0.000	      1.000	      0.000	      0.000	      0.000	      0.000	      0.000	    -11.508	      0.000	      0.000	
 07/19-13:54	2206.400	2209.800	2206.400	2207.000	           4140	    189.000	   2217.254	   2219.906	   2225.349	   2229.017	           	      0.000	      1.000	      0.000	      0.000	      0.000	      0.000	      0.000	    -10.254	      0.000	      0.000	
 07/19-13:55	2207.000	2207.000	2203.000	2203.000	           6222	    190.000	   2216.579	   2219.581	   2225.175	   2228.854	           	      0.000	      1.000	      0.000	      0.000	      0.000	      0.000	      0.000	    -13.579	      0.000	      0.000	
 07/19-13:56	2203.000	2204.200	2199.800	2204.200	           8154	    191.000	   2216.004	   2219.269	   2225.001	   2228.699	           	      0.000	      1.000	      0.000	      0.000	      0.000	      0.000	      0.000	    -11.804	      0.000	      0.000	
 07/19-13:57	2203.600	2206.400	2203.200	2205.800	           4569	    192.000	   2215.508	   2218.971	   2224.832	   2228.560	           	      0.000	      1.000	      0.000	      0.000	      0.000	      0.000	      0.000	     -9.708	      0.000	      0.000	
 07/19-13:58	2205.600	2206.200	2198.400	2198.400	           3627	    193.000	   2214.746	   2218.544	   2224.598	   2228.383	           	      0.000	      1.000	      0.000	      0.000	      0.000	      0.000	      0.000	    -16.346	      0.000	      0.000	
 07/19-13:59	2198.600	2204.000	2198.600	2203.000	           5261	    194.000	   2214.158	   2218.190	   2224.356	   2228.228	           	      0.000	      1.000	      0.000	      0.000	      0.000	      0.000	      0.000	    -11.158	      0.000	      0.000	
 07/19-14:00	2203.000	2204.000	2200.200	2200.200	           3160	    195.000	   2213.521	   2217.810	   2224.060	   2228.080	           	      0.000	      1.000	      0.000	      0.000	      0.000	      0.000	      0.000	    -13.321	      0.000	      0.000	
 07/19-14:01	2200.200	2200.200	2189.800	2192.200	          11265	    196.000	   2212.604	   2217.260	   2223.705	   2227.919	           	      0.000	      1.000	      0.000	      0.000	      0.000	      0.000	      0.000	    -20.404	      0.000	      0.000	
 07/19-14:02	2192.800	2192.800	2184.600	2187.000	           7803	    197.000	   2211.600	   2216.635	   2223.317	   2227.736	           	      0.000	      1.000	      0.000	      0.000	      0.000	      0.000	      0.000	    -24.600	      0.000	      0.000	
 07/19-14:03	2187.800	2193.600	2184.400	2193.000	           6620	    198.000	   2210.767	   2216.127	   2222.961	   2227.574	           	      0.000	      1.000	      0.000	      0.000	      0.000	      0.000	      0.000	    -17.767	      0.000	      0.000	
 07/19-14:04	2192.600	2192.600	2185.600	2189.000	           4255	    199.000	   2209.704	   2215.602	   2222.590	   2227.406	           	      0.000	      1.000	      0.000	      0.000	      0.000	      0.000	      0.000	    -20.704	      0.000	      0.000	
 07/19-14:05	2189.000	2190.400	2183.200	2189.400	           5885	    200.000	   2208.738	   2215.113	   2222.208	   2227.240	           	      0.000	      1.000	      0.000	      0.000	      0.000	      0.000	      0.000	    -19.338	      0.000	      0.000	
 07/19-14:06	2189.400	2190.200	2185.200	2188.800	           3076	    201.000	   2207.742	   2214.565	   2221.850	   2227.067	           	      0.000	      1.000	      0.000	      0.000	      0.000	      0.000	      0.000	    -18.942	      0.000	      0.000	
 07/19-14:07	2188.800	2191.800	2187.400	2188.600	           4087	    202.000	   2206.783	   2213.981	   2221.500	   2226.899	           	      0.000	      1.000	      0.000	      0.000	      0.000	      0.000	      0.000	    -18.183	      0.000	      0.000	
 07/19-14:08	2188.600	2191.800	2187.800	2191.000	           3090	    203.000	   2206.021	   2213.454	   2221.158	   2226.741	           	      0.000	      1.000	      0.000	      0.000	      0.000	      0.000	      0.000	    -15.021	      0.000	      0.000	
 07/19-14:09	2191.000	2195.000	2190.200	2191.600	           5649	    204.000	   2205.200	   2212.892	   2220.851	   2226.571	           	      0.000	      1.000	      0.000	      0.000	      0.000	      0.000	      0.000	    -13.600	      0.000	      0.000	
 07/19-14:10	2191.400	2194.000	2189.400	2190.600	           4066	    205.000	   2204.300	   2212.319	   2220.551	   2226.405	           	      0.000	      1.000	      0.000	      0.000	      0.000	      0.000	      0.000	    -13.700	      0.000	      0.000	
 07/19-14:11	2190.800	2192.000	2188.800	2191.000	           3486	    206.000	   2203.379	   2211.806	   2220.251	   2226.231	           	      0.000	      1.000	      0.000	      0.000	      0.000	      0.000	      0.000	    -12.379	      0.000	      0.000	
 07/19-14:12	2191.000	2191.000	2186.400	2188.200	           3859	    207.000	   2202.313	   2211.217	   2219.942	   2226.059	           	      0.000	      1.000	      0.000	      0.000	      0.000	      0.000	      0.000	    -14.113	      0.000	      0.000	
 07/19-14:13	2188.600	2190.200	2188.000	2189.800	           2034	    208.000	   2201.325	   2210.660	   2219.601	   2225.896	           	      0.000	      1.000	      0.000	      0.000	      0.000	      0.000	      0.000	    -11.525	      0.000	      0.000	
 07/19-14:14	2189.800	2192.000	2188.800	2191.800	           2691	    209.000	   2200.408	   2210.160	   2219.263	   2225.738	           	      0.000	      1.000	      0.000	      0.000	      0.000	      0.000	      0.000	     -8.608	      0.000	      0.000	
 07/19-14:15	2192.600	2192.800	2185.000	2185.000	           5172	    210.000	   2199.275	   2209.567	   2218.850	   2225.558	           	      0.000	      1.000	      0.000	      0.000	      0.000	      0.000	      0.000	    -14.275	      0.000	      0.000	
 07/19-14:16	2185.200	2188.600	2181.400	2183.400	           7169	    211.000	   2198.054	   2208.904	   2218.453	   2225.365	           	      0.000	      1.000	      0.000	      0.000	      0.000	      0.000	      0.000	    -14.654	      0.000	      0.000	
 07/19-14:17	2183.200	2185.000	2181.200	2184.400	           5214	    212.000	   2196.933	   2208.260	   2218.060	   2225.175	           	      0.000	      1.000	      0.000	      0.000	      0.000	      0.000	      0.000	    -12.533	      0.000	      0.000	
 07/19-14:18	2184.000	2189.600	2184.000	2189.200	           4674	    213.000	   2195.988	   2207.738	   2217.775	   2225.010	           	      0.000	      1.000	      0.000	      0.000	      0.000	      0.000	      0.000	     -6.788	      0.000	      0.000	
 07/19-14:19	2189.600	2190.000	2187.200	2189.400	           3017	    214.000	   2195.075	   2207.165	   2217.472	   2224.850	           	      0.000	      1.000	      0.000	      0.000	      0.000	      0.000	      0.000	     -5.675	      0.000	      0.000	
 07/19-14:20	2189.600	2189.600	2185.200	2185.200	           3149	    215.000	   2194.146	   2206.546	   2217.137	   2224.684	           	      0.000	      1.000	      0.000	      0.000	      0.000	      0.000	      0.000	     -8.946	      0.000	      0.000	
 07/19-14:21	2185.200	2185.200	2179.600	2181.200	           7460	    216.000	   2193.158	   2205.860	   2216.739	   2224.498	           	      0.000	      1.000	      0.000	      0.000	      0.000	      0.000	      0.000	    -11.958	      0.000	      0.000	
 07/19-14:22	2181.600	2182.400	2176.400	2178.000	           6417	    217.000	   2192.188	   2205.173	   2216.315	   2224.282	           	      0.000	      1.000	      0.000	      0.000	      0.000	      0.000	      0.000	    -14.188	      0.000	      0.000	
 07/19-14:23	2177.800	2178.400	2171.400	2174.600	           7180	    218.000	   2191.133	   2204.421	   2215.833	   2224.048	           	      0.000	      1.000	      0.000	      0.000	      0.000	      0.000	      0.000	    -16.533	      0.000	      0.000	
 07/19-14:24	2174.800	2175.600	2166.000	2169.000	           7909	    219.000	   2189.867	   2203.560	   2215.328	   2223.792	           	      0.000	      1.000	      0.000	      0.000	      0.000	      0.000	      0.000	    -20.867	      0.000	      0.000	
 07/19-14:25	2169.200	2169.600	2164.600	2168.200	           7380	    220.000	   2188.704	   2202.642	   2214.842	   2223.536	           	      0.000	      1.000	      0.000	      0.000	      0.000	      0.000	      0.000	    -20.504	      0.000	      0.000	
 07/19-14:26	2167.400	2169.600	2166.600	2169.600	           3778	    221.000	   2187.554	   2201.779	   2214.336	   2223.284	           	      0.000	      1.000	      0.000	      0.000	      0.000	      0.000	      0.000	    -17.954	      0.000	      0.000	
 07/19-14:27	2169.600	2172.400	2166.800	2169.200	           5117	    222.000	   2186.333	   2200.921	   2213.827	   2223.033	           	      0.000	      1.000	      0.000	      0.000	      0.000	      0.000	      0.000	    -17.133	      0.000	      0.000	
 07/19-14:28	2169.400	2171.600	2167.000	2168.400	           3749	    223.000	   2185.333	   2200.040	   2213.302	   2222.784	           	      0.000	      1.000	      0.000	      0.000	      0.000	      0.000	      0.000	    -16.933	      0.000	      0.000	
 07/19-14:29	2168.000	2168.000	2153.200	2157.800	          12106	    224.000	   2183.825	   2198.992	   2212.690	   2222.487	           	      0.000	      1.000	      0.000	      0.000	      0.000	      0.000	      0.000	    -26.025	      0.000	      1.000	
 07/19-14:30	2157.600	2161.400	2155.000	2157.200	           5573	    225.000	   2182.392	   2197.956	   2212.050	   2222.193	           	      0.000	      1.000	      0.000	      0.000	      0.000	      0.000	      0.000	    -25.192	      0.000	      0.000	
 07/19-14:31	2157.400	2161.600	2156.200	2158.800	           4711	    226.000	   2181.279	   2196.942	   2211.395	   2221.905	           	      0.000	      1.000	      0.000	      0.000	      0.000	      0.000	      0.000	    -22.479	      0.000	      0.000	
 07/19-14:32	2159.000	2160.800	2157.400	2160.400	           2970	    227.000	   2180.396	   2195.998	   2210.777	   2221.608	           	      0.000	      1.000	      0.000	      0.000	      0.000	      0.000	      0.000	    -19.996	      0.000	      0.000	
 07/19-14:33	2160.400	2162.800	2158.400	2161.800	           3353	    228.000	   2179.354	   2195.060	   2210.152	   2221.316	           	      0.000	      1.000	      0.000	      0.000	      0.000	      0.000	      0.000	    -17.554	      0.000	      0.000	
 07/19-14:34	2161.800	2162.800	2156.600	2160.400	           4115	    229.000	   2178.400	   2194.052	   2209.517	   2221.024	           	      0.000	      1.000	      0.000	      0.000	      0.000	      0.000	      0.000	    -18.000	      0.000	      0.000	
 07/19-14:35	2160.200	2171.200	2159.400	2168.000	           7828	    230.000	   2177.688	   2193.212	   2208.947	   2220.760	           	      0.000	      1.000	      0.000	      0.000	      0.000	      0.000	      0.000	     -9.688	      0.000	      0.000	
 07/19-14:36	2168.000	2170.000	2165.000	2169.400	           4387	    231.000	   2177.038	   2192.390	   2208.403	   2220.511	           	      0.000	      1.000	      0.000	      0.000	      0.000	      0.000	      0.000	     -7.638	      0.000	      0.000	
 07/19-14:37	2169.000	2169.200	2166.200	2166.600	           2790	    232.000	   2176.304	   2191.544	   2207.843	   2220.259	           	      0.000	      1.000	      0.000	      0.000	      0.000	      0.000	      0.000	     -9.704	      0.000	      0.000	
 07/19-14:38	2166.400	2169.800	2166.400	2168.600	           2612	    233.000	   2175.558	   2190.790	   2207.322	   2220.010	           	      0.000	      1.000	      0.000	      0.000	      0.000	      0.000	      0.000	     -6.958	      0.000	      0.000	
 07/19-14:39	2168.400	2170.000	2166.600	2167.000	           4039	    234.000	   2174.742	   2189.971	   2206.730	   2219.755	           	      0.000	      1.000	      0.000	      0.000	      0.000	      0.000	      0.000	     -7.742	      0.000	      0.000	
 07/19-14:40	2167.000	2167.800	2160.200	2161.400	           4836	    235.000	   2173.767	   2189.033	   2206.103	   2219.480	           	      0.000	      1.000	      0.000	      0.000	      0.000	      0.000	      0.000	    -12.367	      0.000	      0.000	
 07/19-14:41	2161.600	2166.800	2161.400	2166.400	           3620	    236.000	   2172.946	   2188.163	   2205.526	   2219.226	           	      0.000	      1.000	      0.000	      0.000	      0.000	      0.000	      0.000	     -6.546	      0.000	      0.000	
 07/19-14:42	2166.400	2175.800	2166.400	2170.000	           8939	    237.000	   2172.337	   2187.325	   2205.004	   2218.982	           	      0.000	      1.000	      0.000	      0.000	      0.000	      0.000	      0.000	     -2.337	      0.000	      0.000	
 07/19-14:43	2170.000	2170.000	2167.200	2167.200	           2808	    238.000	   2171.587	   2186.456	   2204.447	   2218.720	           	      0.000	      1.000	      0.000	      0.000	      0.000	      0.000	      0.000	     -4.387	      0.000	      0.000	
 07/19-14:44	2167.200	2167.600	2164.800	2165.200	           2925	    239.000	   2170.700	   2185.554	   2203.921	   2218.449	           	      0.000	      1.000	      0.000	      0.000	      0.000	      0.000	      0.000	     -5.500	      0.000	      0.000	
 07/19-14:45	2165.200	2167.400	2165.200	2167.400	           2040	    240.000	   2170.113	   2184.694	   2203.416	   2218.187	           	      0.000	      1.000	      0.000	      0.000	      0.000	      0.000	      0.000	     -2.713	      0.000	      0.000	
 07/19-14:46	2167.400	2168.600	2165.200	2166.800	           2482	    241.000	   2169.558	   2183.806	   2202.900	   2217.923	           	      0.000	      1.000	      0.000	      0.000	      0.000	      0.000	      0.000	     -2.758	      0.000	      0.000	
 07/19-14:47	2166.800	2168.000	2165.800	2167.800	           1604	    242.000	   2169.008	   2182.971	   2202.392	   2217.664	           	      0.000	      1.000	      0.000	      0.000	      0.000	      0.000	      0.000	     -1.208	      0.000	      0.000	
 07/19-14:48	2167.400	2167.600	2165.000	2166.400	           2286	    243.000	   2168.246	   2182.117	   2201.855	   2217.400	           	      0.000	      1.000	      0.000	      0.000	      0.000	      0.000	      0.000	     -1.846	      0.000	      0.000	
 07/19-14:49	2166.600	2167.000	2165.200	2166.200	           1445	    244.000	   2167.471	   2181.273	   2201.317	   2217.130	           	      0.000	      1.000	      0.000	      0.000	      0.000	      0.000	      0.000	     -1.271	      0.000	      0.000	
 07/19-14:50	2166.200	2167.600	2165.800	2167.000	           1780	    245.000	   2166.867	   2180.506	   2200.821	   2216.862	           	      0.000	      1.000	      0.000	      0.000	      0.000	      0.000	      0.000	      0.133	      0.000	      0.000	
 07/19-14:51	2167.200	2168.200	2167.000	2167.600	           1832	    246.000	   2166.413	   2179.785	   2200.325	   2216.603	           	      0.000	      1.000	      0.000	      0.000	      0.000	      0.000	      0.000	      1.188	      0.000	      0.000	
 07/19-14:52	2167.600	2168.200	2164.000	2164.000	           3119	    247.000	   2165.946	   2179.067	   2199.798	   2216.331	           	      0.000	      1.000	      0.000	      0.000	      0.000	      0.000	      0.000	     -1.946	      0.000	      0.000	
 07/19-14:53	2163.800	2164.200	2159.400	2160.200	           4574	    248.000	   2165.467	   2178.300	   2199.260	   2216.050	           	      0.000	      1.000	      0.000	      0.000	      0.000	      0.000	      0.000	     -5.267	      0.000	      0.000	
 07/19-14:54	2160.200	2162.600	2160.200	2160.800	           2567	    249.000	   2165.192	   2177.529	   2198.718	   2215.769	           	      0.000	      1.000	      0.000	      0.000	      0.000	      0.000	      0.000	     -4.392	      0.000	      0.000	
 07/19-14:55	2160.600	2160.600	2157.600	2158.800	           2993	    250.000	   2164.883	   2176.794	   2198.188	   2215.486	           	      0.000	      1.000	      0.000	      0.000	      0.000	      0.000	      0.000	     -6.083	      0.000	      0.000	
 07/19-14:56	2158.800	2160.000	2157.200	2158.600	           2724	    251.000	   2164.512	   2176.033	   2197.651	   2215.166	           	      0.000	      1.000	      0.000	      0.000	      0.000	      0.000	      0.000	     -5.912	      0.000	      0.000	
 07/19-14:57	2158.600	2158.800	2156.200	2157.400	           2494	    252.000	   2164.121	   2175.227	   2197.099	   2214.841	           	      0.000	      1.000	      0.000	      0.000	      0.000	      0.000	      0.000	     -6.721	      0.000	      0.000	
 07/19-14:58	2157.200	2158.600	2156.000	2158.400	           2650	    253.000	   2163.788	   2174.560	   2196.552	   2214.510	           	      0.000	      1.000	      0.000	      0.000	      0.000	      0.000	      0.000	     -5.388	      0.000	      0.000	
 07/19-14:59	2158.000	2159.600	2156.200	2156.200	           2583	    254.000	   2163.733	   2173.779	   2195.984	   2214.172	           	      0.000	      1.000	      0.000	      0.000	      0.000	      0.000	      0.000	     -7.533	      0.000	      0.000	
 07/19-15:00	2156.000	2157.400	2155.600	2157.000	           1956	    255.000	   2163.725	   2173.058	   2195.434	   2213.838	           	      0.000	      1.000	      0.000	      0.000	      0.000	      0.000	      0.000	     -6.725	      0.000	      0.000	
 07/19-15:01	2157.200	2159.800	2156.400	2159.200	           3370	    256.000	   2163.742	   2172.510	   2194.885	   2213.521	           	      0.000	      1.000	      0.000	      0.000	      0.000	      0.000	      0.000	     -4.542	      0.000	      0.000	
 07/19-15:02	2159.000	2159.400	2157.200	2158.400	           1346	    257.000	   2163.671	   2172.033	   2194.334	   2213.188	           	      0.000	      1.000	      0.000	      0.000	      0.000	      0.000	      0.000	     -5.271	      0.000	      0.000	
 07/19-15:03	2158.400	2160.400	2158.400	2159.800	           2256	    258.000	   2163.608	   2171.481	   2193.804	   2212.871	           	      0.000	      1.000	      0.000	      0.000	      0.000	      0.000	      0.000	     -3.808	      0.000	      0.000	
 07/19-15:04	2159.800	2160.000	2157.600	2157.800	           1691	    259.000	   2163.521	   2170.960	   2193.281	   2212.548	           	      0.000	      1.000	      0.000	      0.000	      0.000	      0.000	      0.000	     -5.721	      0.000	      0.000	
 07/19-15:05	2157.800	2158.000	2150.200	2151.800	           5525	    260.000	   2162.979	   2170.333	   2192.723	   2212.204	           	      0.000	      1.000	      0.000	      0.000	      0.000	      0.000	      0.000	    -11.179	      0.000	      0.000	
 07/19-15:06	2151.600	2154.600	2151.400	2154.000	           2778	    261.000	   2162.467	   2169.752	   2192.158	   2211.865	           	      0.000	      1.000	      0.000	      0.000	      0.000	      0.000	      0.000	     -8.467	      0.000	      0.000	
 07/19-15:07	2153.800	2154.600	2152.200	2153.000	           2174	    262.000	   2162.012	   2169.158	   2191.570	   2211.517	           	      0.000	      1.000	      0.000	      0.000	      0.000	      0.000	      0.000	     -9.012	      0.000	      0.000	
 07/19-15:08	2152.800	2153.400	2149.600	2151.600	           3854	    263.000	   2161.446	   2168.502	   2190.978	   2211.160	           	      0.000	      1.000	      0.000	      0.000	      0.000	      0.000	      0.000	     -9.846	      0.000	      0.000	
 07/19-15:09	2152.000	2153.600	2151.600	2153.600	           1841	    264.000	   2161.000	   2167.871	   2190.381	   2210.811	           	      0.000	      1.000	      0.000	      0.000	      0.000	      0.000	      0.000	     -7.400	      0.000	      0.000	
 07/19-15:10	2153.200	2154.200	2151.600	2154.000	           2259	    265.000	   2160.754	   2167.260	   2189.790	   2210.463	           	      0.000	      1.000	      0.000	      0.000	      0.000	      0.000	      0.000	     -6.754	      0.000	      0.000	
 07/19-15:11	2153.800	2160.000	2153.600	2158.400	           4821	    266.000	   2160.488	   2166.717	   2189.261	   2210.140	           	      0.000	      1.000	      0.000	      0.000	      0.000	      0.000	      0.000	     -2.088	      0.000	      0.000	
 07/19-15:12	2158.200	2158.800	2155.800	2158.800	           2443	    267.000	   2160.117	   2166.227	   2188.722	   2209.824	           	      0.000	      1.000	      0.000	      0.000	      0.000	      0.000	      0.000	     -1.317	      0.000	      0.000	
 07/19-15:13	2158.800	2159.200	2156.400	2157.600	           1830	    268.000	   2159.792	   2165.690	   2188.175	   2209.509	           	      0.000	      1.000	      0.000	      0.000	      0.000	      0.000	      0.000	     -2.192	      0.000	      0.000	
 07/19-15:14	2157.800	2158.200	2151.800	2153.600	           3141	    269.000	   2159.404	   2165.052	   2187.606	   2209.172	           	      0.000	      1.000	      0.000	      0.000	      0.000	      0.000	      0.000	     -5.804	      0.000	      0.000	
 07/19-15:15	2153.400	2155.000	2148.800	2155.000	           4530	    270.000	   2158.992	   2164.552	   2187.059	   2208.843	           	      0.000	      1.000	      0.000	      0.000	      0.000	      0.000	      0.000	     -3.992	      0.000	      0.000	