 08/22-09:16	2299.800	2304.000	2298.000	2301.000	           9133	      1.000	   2310.746	   2307.652	   2305.831	   2306.772	     -0.204	      0.017	     -0.144	      0.000	
 08/22-09:17	2300.800	2304.000	2300.600	2304.000	           2822	      2.000	   2310.650	   2307.708	   2305.740	   2306.729	     -0.096	      0.056	     -0.210	      0.000	
 08/22-09:18	2303.800	2304.800	2303.200	2304.400	           2275	      3.000	   2310.575	   2307.750	   2305.675	   2306.692	     -0.075	      0.042	     -0.156	      0.000	
 08/22-09:19	2304.400	2304.800	2303.400	2303.800	           1585	      4.000	   2310.458	   2307.750	   2305.600	   2306.648	     -0.117	      0.000	     -0.139	      0.000	
 08/22-09:20	2303.600	2305.000	2303.400	2304.800	           1531	      5.000	   2310.337	   2307.767	   2305.546	   2306.610	     -0.121	      0.017	     -0.129	      0.000	
 08/22-09:21	2304.400	2305.000	2303.600	2304.800	           1400	      6.000	   2310.221	   2307.800	   2305.536	   2306.581	     -0.116	      0.033	     -0.064	      0.000	
 08/22-09:22	2304.800	2305.600	2303.600	2304.400	           1756	      7.000	   2310.075	   2307.846	   2305.542	   2306.539	     -0.146	      0.046	     -0.004	      0.000	
 08/22-09:23	2304.200	2306.000	2304.200	2305.200	           1442	      8.000	   2309.929	   2307.908	   2305.546	   2306.499	     -0.146	      0.063	      0.010	      0.000	
 08/22-09:24	2305.200	2307.400	2305.200	2307.400	           2311	      9.000	   2309.808	   2307.994	   2305.567	   2306.467	     -0.121	      0.085	      0.025	      0.000	
 08/22-09:25	2306.600	2307.400	2305.600	2306.000	           1783	     10.000	   2309.621	   2308.050	   2305.578	   2306.452	     -0.188	      0.056	      0.032	      0.000	
 08/22-09:26	2306.400	2308.600	2306.000	2306.800	           1989	     11.000	   2309.492	   2308.094	   2305.590	   2306.434	     -0.129	      0.044	      0.023	      0.000	
 08/22-09:27	2307.000	2307.600	2306.000	2307.000	           1372	     12.000	   2309.400	   2308.127	   2305.600	   2306.420	     -0.092	      0.033	      0.022	      0.000	
 08/22-09:28	2307.400	2308.200	2306.000	2306.200	           1075	     13.000	   2309.275	   2308.200	   2305.619	   2306.412	     -0.125	      0.073	      0.029	      0.000	
 08/22-09:29	2306.400	2307.200	2306.200	2306.600	            733	     14.000	   2309.121	   2308.260	   2305.583	   2306.407	     -0.154	      0.061	     -0.017	      0.000	
 08/22-09:30	2306.600	2308.600	2306.600	2308.600	           1874	     15.000	   2309.046	   2308.375	   2305.545	   2306.402	     -0.075	      0.115	     -0.074	      0.000	
 08/22-09:31	2308.800	2309.000	2306.400	2307.400	           2416	     16.000	   2308.917	   2308.465	   2305.502	   2306.403	     -0.129	      0.090	     -0.081	      0.000	
 08/22-09:32	2307.600	2308.200	2306.600	2307.000	           2268	     17.000	   2308.754	   2308.575	   2305.480	   2306.408	     -0.163	      0.110	     -0.064	      0.000	
 08/22-09:33	2306.800	2313.000	2306.800	2311.600	           6132	     18.000	   2308.750	   2308.773	   2305.492	   2306.440	     -0.004	      0.198	     -0.010	      0.000	
 08/22-09:34	2311.600	2311.800	2310.000	2310.400	           2014	     19.000	   2308.729	   2308.917	   2305.488	   2306.472	     -0.021	      0.144	      0.007	      0.000	
 08/22-09:35	2310.200	2310.600	2307.000	2308.200	           3473	     20.000	   2308.658	   2308.969	   2305.472	   2306.490	     -0.071	      0.052	     -0.020	      0.000	
 08/22-09:36	2308.000	2309.000	2305.200	2305.200	           2876	     21.000	   2308.446	   2308.977	   2305.430	   2306.496	     -0.213	      0.008	     -0.057	      0.000	
 08/22-09:37	2305.200	2305.600	2303.200	2304.000	           4396	     22.000	   2308.163	   2308.967	   2305.422	   2306.488	     -0.283	     -0.010	     -0.050	      0.000	
 08/22-09:38	2303.800	2305.800	2303.800	2304.600	           2369	     23.000	   2307.887	   2308.938	   2305.394	   2306.485	     -0.275	     -0.029	     -0.036	      0.000	
 08/22-09:39	2304.400	2305.000	2303.400	2304.000	           2232	     24.000	   2307.575	   2308.848	   2305.375	   2306.464	     -0.313	     -0.090	     -0.047	      0.000	
 08/22-09:40	2304.000	2309.600	2304.000	2308.800	           5049	     25.000	   2307.433	   2308.827	   2305.414	   2306.464	     -0.142	     -0.021	      0.020	      0.000	
 08/22-09:41	2309.000	2311.400	2309.000	2309.800	           3758	     26.000	   2307.279	   2308.823	   2305.475	   2306.478	     -0.154	     -0.004	      0.100	      0.000	
 08/22-09:42	2309.800	2311.600	2307.600	2311.600	           2925	     27.000	   2307.200	   2308.856	   2305.539	   2306.521	     -0.079	      0.033	      0.125	      0.000	
 08/22-09:43	2311.600	2314.800	2311.600	2312.200	           7116	     28.000	   2307.129	   2308.900	   2305.616	   2306.603	     -0.071	      0.044	      0.141	      0.000	
 08/22-09:44	2312.200	2314.600	2312.200	2312.400	           3092	     29.000	   2307.075	   2308.960	   2305.688	   2306.673	     -0.054	      0.061	      0.150	      0.000	
 08/22-09:45	2312.000	2313.800	2311.000	2313.400	           3578	     30.000	   2307.054	   2309.002	   2305.759	   2306.747	     -0.021	      0.042	      0.144	      0.000	
 08/22-09:46	2313.200	2324.000	2312.400	2321.600	          12582	     31.000	   2307.742	   2309.244	   2305.908	   2306.855	      0.688	      0.241	      0.220	      0.000	
 08/22-09:47	2322.200	2330.600	2321.600	2325.200	          10957	     32.000	   2308.450	   2309.550	   2306.094	   2306.971	      0.708	      0.306	      0.334	      0.000	
 08/22-09:48	2325.200	2328.400	2322.400	2325.200	           6222	     33.000	   2309.137	   2309.856	   2306.272	   2307.088	      0.688	      0.306	      0.364	      0.000	
 08/22-09:49	2325.000	2328.600	2324.400	2326.400	           5300	     34.000	   2309.892	   2310.175	   2306.453	   2307.194	      0.754	      0.319	      0.359	      0.000	
 08/22-09:50	2326.200	2327.200	2319.000	2319.600	           7228	     35.000	   2310.387	   2310.363	   2306.573	   2307.255	      0.496	      0.188	      0.301	      0.000	
 08/22-09:51	2321.000	2323.200	2315.600	2322.000	           7435	     36.000	   2310.958	   2310.590	   2306.717	   2307.333	      0.571	      0.227	      0.263	      0.000	
 08/22-09:52	2322.000	2326.400	2321.800	2323.800	           4206	     37.000	   2311.608	   2310.842	   2306.864	   2307.416	      0.650	      0.252	      0.291	      0.000	
 08/22-09:53	2323.800	2325.600	2322.400	2324.200	           2788	     38.000	   2312.238	   2311.083	   2307.033	   2307.506	      0.629	      0.242	      0.317	      0.000	
 08/22-09:54	2324.200	2329.600	2322.600	2323.600	           5901	     39.000	   2312.779	   2311.294	   2307.211	   2307.560	      0.542	      0.210	      0.348	      0.000	
 08/22-09:55	2323.600	2324.800	2321.200	2324.200	           4270	     40.000	   2313.387	   2311.504	   2307.397	   2307.618	      0.608	      0.210	      0.364	      0.000	
 08/22-09:56	2324.200	2326.600	2321.600	2321.600	           3889	     41.000	   2313.879	   2311.685	   2307.570	   2307.666	      0.492	      0.181	      0.358	      0.000	
 08/22-09:57	2321.400	2326.600	2320.400	2326.200	           3860	     42.000	   2314.521	   2311.960	   2307.765	   2307.735	      0.642	      0.275	      0.368	      0.000	
 08/22-09:58	2326.600	2336.000	2325.600	2335.400	          15024	     43.000	   2315.492	   2312.383	   2308.034	   2307.841	      0.971	      0.423	      0.465	      0.000	
 08/22-09:59	2335.400	2335.400	2331.800	2332.200	           5689	     44.000	   2316.346	   2312.733	   2308.274	   2307.938	      0.854	      0.350	      0.509	      0.000	
 08/22-10:00	2332.200	2333.600	2330.600	2333.000	           4265	     45.000	   2317.163	   2313.104	   2308.527	   2308.044	      0.817	      0.371	      0.493	      0.000	
 08/22-10:01	2333.600	2333.600	2328.200	2329.800	           5011	     46.000	   2317.904	   2313.410	   2308.755	   2308.137	      0.741	      0.306	      0.481	      0.000	
 08/22-10:02	2330.200	2330.600	2327.000	2329.200	           3178	     47.000	   2318.646	   2313.700	   2308.999	   2308.220	      0.742	      0.290	      0.472	      0.000	
 08/22-10:03	2329.400	2330.000	2325.400	2326.400	           4430	     48.000	   2319.142	   2313.946	   2309.223	   2308.290	      0.496	      0.246	      0.468	      0.000	
 08/22-10:04	2326.200	2326.400	2321.400	2322.000	           7800	     49.000	   2319.525	   2314.127	   2309.414	   2308.357	      0.383	      0.181	      0.415	      0.000	
 08/22-10:05	2321.600	2324.800	2321.200	2323.600	           3847	     50.000	   2320.042	   2314.350	   2309.619	   2308.449	      0.517	      0.223	      0.396	      0.000	
 08/22-10:06	2324.200	2326.400	2323.000	2323.000	           3102	     51.000	   2320.633	   2314.540	   2309.824	   2308.534	      0.592	      0.189	      0.410	      0.000	
 08/22-10:07	2322.400	2323.800	2319.400	2321.400	           6870	     52.000	   2321.212	   2314.688	   2310.022	   2308.618	      0.579	      0.148	      0.403	      0.000	
 08/22-10:08	2321.000	2321.200	2319.000	2319.400	           3714	     53.000	   2321.704	   2314.796	   2310.205	   2308.695	      0.492	      0.108	      0.381	      0.000	
 08/22-10:09	2320.000	2321.800	2320.000	2320.800	           2648	     54.000	   2322.267	   2314.921	   2310.430	   2308.774	      0.563	      0.125	      0.408	      0.000	
 08/22-10:10	2320.800	2324.600	2320.200	2323.600	           3401	     55.000	   2322.758	   2315.096	   2310.678	   2308.860	      0.492	      0.175	      0.473	      0.000	
 08/22-10:11	2323.600	2324.200	2321.600	2323.200	           2685	     56.000	   2323.208	   2315.244	   2310.898	   2308.939	      0.450	      0.148	      0.468	      0.000	
 08/22-10:12	2323.000	2328.200	2322.800	2326.600	           4647	     57.000	   2323.708	   2315.454	   2311.141	   2309.052	      0.500	      0.210	      0.462	      0.000	
 08/22-10:13	2326.600	2327.400	2322.400	2322.800	           3411	     58.000	   2324.058	   2315.594	   2311.347	   2309.124	      0.350	      0.140	      0.449	      0.000	
 08/22-10:14	2322.600	2323.200	2317.400	2321.200	           6468	     59.000	   2324.354	   2315.715	   2311.541	   2309.178	      0.296	      0.121	      0.400	      0.000	
 08/22-10:15	2321.000	2326.600	2319.800	2326.400	           5055	     60.000	   2324.788	   2315.921	   2311.778	   2309.250	      0.433	      0.206	      0.431	      0.000	
 08/22-10:16	2326.600	2329.200	2326.600	2326.800	           6629	     61.000	   2324.958	   2316.350	   2312.001	   2309.328	      0.171	      0.429	      0.460	      0.000	
 08/22-10:17	2326.800	2326.800	2323.000	2323.800	           2950	     62.000	   2324.913	   2316.681	   2312.195	   2309.390	     -0.046	      0.331	      0.417	      0.000	
 08/22-10:18	2324.200	2326.000	2321.400	2323.800	           2860	     63.000	   2324.867	   2317.002	   2312.376	   2309.452	     -0.046	      0.321	      0.375	      0.000	
 08/22-10:19	2324.400	2325.200	2321.600	2323.200	           2404	     64.000	   2324.762	   2317.327	   2312.539	   2309.515	     -0.104	      0.325	      0.344	      0.000	
 08/22-10:20	2323.200	2323.200	2320.400	2322.000	           3010	     65.000	   2324.842	   2317.615	   2312.691	   2309.565	      0.079	      0.287	      0.315	      0.000	
 08/22-10:21	2321.800	2323.000	2319.000	2322.400	           4201	     66.000	   2324.854	   2317.906	   2312.853	   2309.617	      0.013	      0.292	      0.314	      0.000	
 08/22-10:22	2321.800	2323.800	2321.400	2322.400	           2954	     67.000	   2324.804	   2318.206	   2313.026	   2309.669	     -0.050	      0.300	      0.335	      0.000	
 08/22-10:23	2322.400	2323.200	2319.800	2321.000	           2728	     68.000	   2324.700	   2318.469	   2313.188	   2309.712	     -0.104	      0.262	      0.335	      0.000	
 08/22-10:24	2321.400	2326.000	2321.200	2325.000	           3739	     69.000	   2324.746	   2318.762	   2313.378	   2309.775	      0.046	      0.294	      0.352	      0.000	
 08/22-10:25	2324.800	2325.000	2322.800	2322.800	           1844	     70.000	   2324.700	   2319.044	   2313.547	   2309.837	     -0.046	      0.281	      0.358	      0.000	
 08/22-10:26	2322.800	2325.000	2321.800	2322.200	           2386	     71.000	   2324.721	   2319.300	   2313.697	   2309.896	      0.021	      0.256	      0.319	      0.000	
 08/22-10:27	2322.400	2323.200	2321.600	2322.000	           1461	     72.000	   2324.579	   2319.550	   2313.839	   2309.947	     -0.142	      0.250	      0.292	      0.000	
 08/22-10:28	2322.200	2323.000	2318.600	2322.200	           4454	     73.000	   2324.142	   2319.817	   2314.008	   2310.013	     -0.438	      0.267	      0.312	      0.000	
 08/22-10:29	2322.400	2323.000	2320.000	2320.200	           2895	     74.000	   2323.738	   2320.042	   2314.151	   2310.082	     -0.404	      0.225	      0.313	      0.000	
 08/22-10:30	2320.200	2321.800	2318.800	2320.400	           3059	     75.000	   2323.321	   2320.242	   2314.308	   2310.155	     -0.417	      0.200	      0.300	      0.000	
 08/22-10:31	2321.000	2322.800	2320.000	2321.400	           2175	     76.000	   2323.042	   2320.473	   2314.469	   2310.233	     -0.279	      0.231	      0.318	      0.000	
 08/22-10:32	2321.600	2322.400	2320.000	2321.600	           2036	     77.000	   2322.788	   2320.717	   2314.646	   2310.314	     -0.254	      0.244	      0.337	      0.000	
 08/22-10:33	2321.600	2323.800	2320.400	2321.800	           3079	     78.000	   2322.633	   2320.887	   2314.830	   2310.392	     -0.154	      0.171	      0.362	      0.000	
 08/22-10:34	2321.600	2324.000	2321.600	2324.000	           2471	     79.000	   2322.700	   2321.113	   2315.015	   2310.493	      0.067	      0.225	      0.369	      0.000	
 08/22-10:35	2324.000	2329.400	2323.800	2327.800	           8402	     80.000	   2322.837	   2321.440	   2315.204	   2310.610	      0.137	      0.327	      0.374	      0.000	
 08/22-10:36	2327.600	2328.400	2326.200	2326.200	           3160	     81.000	   2322.946	   2321.790	   2315.383	   2310.718	      0.108	      0.350	      0.369	      0.000	
 08/22-10:37	2326.000	2326.400	2324.400	2325.800	           2849	     82.000	   2323.092	   2322.152	   2315.559	   2310.823	      0.146	      0.363	      0.355	      0.000	
 08/22-10:38	2325.600	2326.000	2322.400	2324.200	           3176	     83.000	   2323.254	   2322.479	   2315.708	   2310.930	      0.163	      0.327	      0.325	      0.000	
 08/22-10:39	2323.800	2324.800	2321.000	2322.400	           3134	     84.000	   2323.304	   2322.785	   2315.817	   2311.025	      0.050	      0.306	      0.257	      0.000	
 08/22-10:40	2322.400	2322.800	2320.400	2322.000	           3126	     85.000	   2323.254	   2323.006	   2315.917	   2311.115	     -0.050	      0.221	      0.208	      0.000	
 08/22-10:41	2322.400	2323.200	2320.400	2321.400	           2208	     86.000	   2323.192	   2323.200	   2316.011	   2311.195	     -0.063	      0.194	      0.195	      0.000	
 08/22-10:42	2321.400	2323.200	2321.200	2323.000	           1752	     87.000	   2323.071	   2323.390	   2316.123	   2311.281	     -0.121	      0.190	      0.206	      0.000	
 08/22-10:43	2323.200	2324.200	2321.400	2321.600	           2231	     88.000	   2323.033	   2323.546	   2316.223	   2311.357	     -0.037	      0.156	      0.211	      0.000	
 08/22-10:44	2321.800	2323.200	2320.800	2321.800	           2073	     89.000	   2323.054	   2323.704	   2316.332	   2311.431	      0.021	      0.158	      0.209	      0.000	
 08/22-10:45	2321.600	2322.000	2319.000	2319.600	           4598	     90.000	   2322.825	   2323.806	   2316.404	   2311.506	     -0.229	      0.102	      0.181	      0.000	
 08/22-10:46	2319.600	2321.000	2319.200	2320.600	           2220	     91.000	   2322.621	   2323.790	   2316.517	   2311.590	     -0.204	     -0.017	      0.184	      0.000	
 08/22-10:47	2320.800	2321.200	2315.800	2317.000	           6258	     92.000	   2322.392	   2323.652	   2316.601	   2311.638	     -0.229	     -0.137	      0.197	      0.000	
 08/22-10:48	2317.000	2317.600	2316.000	2316.800	           2885	     93.000	   2322.163	   2323.515	   2316.685	   2311.652	     -0.229	     -0.137	      0.169	      0.000	
 08/22-10:49	2316.400	2318.000	2316.000	2316.600	           2214	     94.000	   2321.938	   2323.350	   2316.762	   2311.660	     -0.225	     -0.165	      0.161	      0.000	
 08/22-10:50	2316.600	2318.800	2315.400	2316.800	           3250	     95.000	   2321.767	   2323.304	   2316.833	   2311.671	     -0.171	     -0.046	      0.148	      0.000	
 08/22-10:51	2316.400	2317.600	2314.000	2317.600	           4432	     96.000	   2321.608	   2323.231	   2316.910	   2311.684	     -0.158	     -0.073	      0.148	      0.000	
 08/22-10:52	2317.800	2318.200	2316.200	2316.800	           1868	     97.000	   2321.421	   2323.113	   2316.977	   2311.694	     -0.188	     -0.119	      0.144	      0.000	
 08/22-10:53	2316.200	2316.800	2314.800	2316.000	           1858	     98.000	   2321.254	   2322.977	   2317.030	   2311.701	     -0.167	     -0.135	      0.120	      0.000	
 08/22-10:54	2316.400	2317.800	2315.600	2316.000	           2093	     99.000	   2320.954	   2322.850	   2317.072	   2311.707	     -0.300	     -0.127	      0.095	      0.000	
 08/22-10:55	2316.000	2316.400	2314.800	2316.400	           2099	    100.000	   2320.738	   2322.719	   2317.112	   2311.710	     -0.217	     -0.131	      0.081	      0.000	
 08/22-10:56	2315.800	2318.400	2315.800	2316.600	           2652	    101.000	   2320.554	   2322.637	   2317.161	   2311.726	     -0.183	     -0.081	      0.090	      0.000	
 08/22-10:57	2317.200	2318.200	2316.600	2317.000	           1604	    102.000	   2320.387	   2322.483	   2317.222	   2311.749	     -0.167	     -0.154	      0.110	      0.000	
 08/22-10:58	2316.800	2318.800	2316.400	2318.200	           2330	    103.000	   2320.254	   2322.198	   2317.291	   2311.783	     -0.133	     -0.285	      0.129	      0.000	
 08/22-10:59	2317.800	2319.800	2317.800	2318.800	           3303	    104.000	   2320.208	   2321.973	   2317.353	   2311.830	     -0.046	     -0.225	      0.131	      0.000	
 08/22-11:00	2319.000	2324.400	2318.600	2323.200	           7166	    105.000	   2320.300	   2321.810	   2317.457	   2311.889	      0.092	     -0.163	      0.167	      0.000	
 08/22-11:01	2323.200	2324.600	2323.000	2324.000	           4087	    106.000	   2320.387	   2321.715	   2317.563	   2311.944	      0.087	     -0.096	      0.209	      0.000	
 08/22-11:02	2324.400	2324.400	2323.200	2323.400	           2782	    107.000	   2320.446	   2321.617	   2317.658	   2311.993	      0.058	     -0.098	      0.201	      0.000	
 08/22-11:03	2323.200	2325.000	2323.200	2324.800	           3503	    108.000	   2320.546	   2321.590	   2317.768	   2312.050	      0.100	     -0.027	      0.205	      0.000	
 08/22-11:04	2324.800	2325.200	2323.600	2324.000	           2660	    109.000	   2320.546	   2321.623	   2317.875	   2312.084	      0.000	      0.033	      0.217	      0.000	
 08/22-11:05	2323.800	2325.400	2323.600	2325.000	           2971	    110.000	   2320.454	   2321.646	   2317.998	   2312.113	     -0.092	      0.023	      0.230	      0.000	
 08/22-11:06	2325.400	2329.400	2325.200	2327.600	           7284	    111.000	   2320.500	   2321.723	   2318.131	   2312.155	      0.046	      0.077	      0.256	      0.000	
 08/22-11:07	2327.600	2328.400	2326.200	2326.400	           3028	    112.000	   2320.521	   2321.806	   2318.247	   2312.188	      0.021	      0.083	      0.249	      0.000	
 08/22-11:08	2326.400	2326.600	2324.000	2325.600	           3814	    113.000	   2320.567	   2321.910	   2318.353	   2312.227	      0.046	      0.104	      0.222	      0.000	
 08/22-11:09	2325.600	2326.000	2323.600	2325.000	           2321	    114.000	   2320.654	   2321.979	   2318.450	   2312.265	      0.087	      0.069	      0.203	      0.000	
 08/22-11:10	2324.800	2326.000	2324.200	2325.800	           1790	    115.000	   2320.779	   2322.017	   2318.556	   2312.305	      0.125	      0.037	      0.203	      0.000	
 08/22-11:11	2325.800	2326.600	2323.600	2324.000	           2869	    116.000	   2320.867	   2322.029	   2318.636	   2312.333	      0.088	      0.012	      0.187	      0.000	
 08/22-11:12	2324.000	2324.200	2323.000	2323.200	           2170	    117.000	   2320.875	   2321.973	   2318.714	   2312.371	      0.008	     -0.056	      0.157	      0.000	
 08/22-11:13	2323.400	2327.800	2323.400	2327.600	           2801	    118.000	   2321.075	   2322.054	   2318.824	   2312.426	      0.200	      0.081	      0.188	      0.000	
 08/22-11:14	2327.800	2328.000	2323.800	2325.000	           3535	    119.000	   2321.179	   2322.117	   2318.916	   2312.475	      0.104	      0.063	      0.202	      0.000	
 08/22-11:15	2325.400	2331.000	2325.000	2330.800	           7546	    120.000	   2321.554	   2322.190	   2319.055	   2312.544	      0.375	      0.073	      0.231	      0.000	
 08/22-11:16	2330.200	2334.000	2328.800	2330.400	           8113	    121.000	   2321.879	   2322.250	   2319.300	   2312.608	      0.325	      0.060	      0.385	      0.000	
 08/22-11:17	2330.600	2332.600	2328.400	2329.000	           4210	    122.000	   2322.279	   2322.335	   2319.508	   2312.672	      0.400	      0.085	      0.453	      0.000	
 08/22-11:18	2328.600	2329.600	2327.200	2328.600	           3550	    123.000	   2322.671	   2322.417	   2319.709	   2312.740	      0.392	      0.081	      0.409	      0.000	
 08/22-11:19	2328.800	2329.000	2327.400	2327.400	           1901	    124.000	   2323.033	   2322.485	   2319.906	   2312.806	      0.363	      0.069	      0.398	      0.000	
 08/22-11:20	2327.400	2328.200	2324.600	2325.400	           3899	    125.000	   2323.321	   2322.544	   2320.079	   2312.864	      0.287	      0.058	      0.370	      0.000	
 08/22-11:21	2325.600	2326.000	2323.200	2323.400	           3351	    126.000	   2323.512	   2322.560	   2320.233	   2312.909	      0.192	      0.017	      0.327	      0.000	
 08/22-11:22	2323.400	2323.800	2322.000	2323.800	           3795	    127.000	   2323.746	   2322.583	   2320.395	   2312.946	      0.233	      0.023	      0.316	      0.000	
 08/22-11:23	2323.800	2324.800	2323.200	2323.600	           1762	    128.000	   2324.000	   2322.627	   2320.548	   2312.981	      0.254	      0.044	      0.314	      0.000	
 08/22-11:24	2323.200	2324.600	2322.600	2323.200	           2091	    129.000	   2324.242	   2322.598	   2320.680	   2313.010	      0.242	     -0.029	      0.285	      0.000	
 08/22-11:25	2323.000	2323.400	2318.600	2319.000	           6373	    130.000	   2324.329	   2322.533	   2320.789	   2313.018	      0.087	     -0.064	      0.241	      0.000	
 08/22-11:26	2319.200	2319.200	2316.800	2319.000	           4850	    131.000	   2324.408	   2322.481	   2320.891	   2313.033	      0.079	     -0.052	      0.210	      0.000	
 08/22-11:27	2319.000	2321.600	2319.000	2320.200	           2994	    132.000	   2324.512	   2322.450	   2321.000	   2313.053	      0.104	     -0.031	      0.211	      0.000	
 08/22-11:28	2320.000	2321.000	2319.200	2319.600	           1830	    133.000	   2324.558	   2322.406	   2321.112	   2313.083	      0.046	     -0.044	      0.221	      0.000	
 08/22-11:29	2319.600	2319.800	2317.800	2318.800	           2157	    134.000	   2324.558	   2322.383	   2321.212	   2313.107	      0.000	     -0.023	      0.212	      0.000	
 08/22-11:30	2319.000	2319.400	2315.000	2315.400	           4492	    135.000	   2324.300	   2322.300	   2321.271	   2313.124	     -0.258	     -0.083	      0.159	      0.000	
 08/22-13:01	2315.400	2317.000	2314.400	2316.000	           4124	    136.000	   2324.033	   2322.210	   2321.342	   2313.164	     -0.267	     -0.090	      0.129	      0.000	
 08/22-13:02	2316.000	2318.000	2315.800	2317.200	           2437	    137.000	   2323.825	   2322.135	   2321.426	   2313.218	     -0.208	     -0.075	      0.155	      0.000	
 08/22-13:03	2317.400	2318.800	2316.800	2318.200	           1874	    138.000	   2323.608	   2322.077	   2321.482	   2313.271	     -0.217	     -0.058	      0.141	      0.000	
 08/22-13:04	2318.200	2319.600	2318.000	2319.400	           2121	    139.000	   2323.454	   2322.000	   2321.556	   2313.330	     -0.154	     -0.077	      0.130	      0.000	
 08/22-13:05	2319.400	2319.600	2317.600	2317.800	           1695	    140.000	   2323.212	   2321.833	   2321.636	   2313.382	     -0.242	     -0.167	      0.154	      0.000	
 08/22-13:06	2317.800	2318.800	2317.800	2318.000	           1228	    141.000	   2322.892	   2321.696	   2321.743	   2313.433	     -0.321	     -0.137	      0.187	      0.000	
 08/22-13:07	2317.800	2318.000	2316.000	2316.800	           2377	    142.000	   2322.575	   2321.548	   2321.850	   2313.477	     -0.317	     -0.148	      0.214	      0.000	
 08/22-13:08	2316.800	2318.800	2316.400	2318.000	           1800	    143.000	   2322.321	   2321.444	   2321.961	   2313.533	     -0.254	     -0.104	      0.219	      0.000	
 08/22-13:09	2318.000	2319.000	2317.200	2317.200	           1567	    144.000	   2322.058	   2321.356	   2322.071	   2313.558	     -0.262	     -0.088	      0.221	      0.000	
 08/22-13:10	2317.400	2318.800	2317.000	2317.000	           1426	    145.000	   2321.767	   2321.273	   2322.140	   2313.573	     -0.292	     -0.083	      0.178	      0.000	
 08/22-13:11	2317.000	2317.000	2312.200	2312.400	           6118	    146.000	   2321.383	   2321.125	   2322.163	   2313.573	     -0.383	     -0.148	      0.092	      0.000	
 08/22-13:12	2312.600	2313.400	2311.800	2312.600	           3347	    147.000	   2321.025	   2320.950	   2322.170	   2313.584	     -0.358	     -0.175	      0.030	      0.000	
 08/22-13:13	2312.400	2313.200	2312.000	2312.600	           2393	    148.000	   2320.525	   2320.800	   2322.173	   2313.594	     -0.500	     -0.150	      0.010	      0.000	
 08/22-13:14	2312.800	2314.200	2312.600	2313.800	           2336	    149.000	   2320.154	   2320.667	   2322.185	   2313.606	     -0.371	     -0.133	      0.016	      0.000	
 08/22-13:15	2313.800	2313.800	2310.200	2310.400	           3782	    150.000	   2319.475	   2320.515	   2322.160	   2313.607	     -0.679	     -0.152	     -0.012	      0.000	
 08/22-13:16	2310.400	2310.600	2308.600	2310.600	           5641	    151.000	   2318.817	   2320.348	   2322.069	   2313.609	     -0.658	     -0.167	     -0.116	      0.000	
 08/22-13:17	2310.800	2311.800	2309.000	2309.800	           2486	    152.000	   2318.175	   2320.227	   2321.940	   2313.628	     -0.642	     -0.121	     -0.221	      0.000	
 08/22-13:18	2309.600	2311.400	2309.600	2310.800	           1877	    153.000	   2317.579	   2320.125	   2321.820	   2313.639	     -0.596	     -0.102	     -0.249	      0.000	
 08/22-13:19	2310.800	2312.000	2310.600	2310.800	           2463	    154.000	   2317.029	   2320.031	   2321.691	   2313.657	     -0.550	     -0.094	     -0.249	      0.000	
 08/22-13:20	2310.800	2312.600	2310.800	2312.400	           1891	    155.000	   2316.592	   2319.956	   2321.630	   2313.690	     -0.438	     -0.075	     -0.190	      0.000	
 08/22-13:21	2311.800	2312.200	2311.000	2311.400	           1598	    156.000	   2316.192	   2319.852	   2321.542	   2313.727	     -0.400	     -0.104	     -0.149	      0.000	
 08/22-13:22	2311.400	2312.200	2310.200	2312.000	           2434	    157.000	   2315.800	   2319.773	   2321.443	   2313.759	     -0.392	     -0.079	     -0.188	      0.000	
 08/22-13:23	2312.200	2312.200	2310.000	2310.400	           2154	    158.000	   2315.358	   2319.679	   2321.328	   2313.788	     -0.442	     -0.094	     -0.214	      0.000	
 08/22-13:24	2310.200	2313.800	2309.000	2313.000	           3774	    159.000	   2315.017	   2319.629	   2321.240	   2313.825	     -0.342	     -0.050	     -0.203	      0.000	
 08/22-13:25	2312.800	2313.200	2311.600	2312.200	           1818	    160.000	   2314.792	   2319.560	   2321.140	   2313.855	     -0.225	     -0.069	     -0.188	      0.000	
 08/22-13:26	2312.000	2312.800	2308.200	2309.200	           3931	    161.000	   2314.467	   2319.438	   2321.038	   2313.877	     -0.325	     -0.123	     -0.202	      0.000	
 08/22-13:27	2309.400	2311.000	2309.400	2310.400	           1909	    162.000	   2314.142	   2319.327	   2320.905	   2313.906	     -0.325	     -0.110	     -0.234	      0.000	
 08/22-13:28	2310.200	2312.000	2309.800	2312.000	           1794	    163.000	   2313.887	   2319.223	   2320.710	   2313.939	     -0.254	     -0.104	     -0.327	      0.000	
 08/22-13:29	2311.600	2312.400	2311.200	2312.400	           1489	    164.000	   2313.675	   2319.117	   2320.545	   2313.970	     -0.212	     -0.106	     -0.361	      0.000	
 08/22-13:30	2312.200	2313.400	2312.200	2312.800	           2248	    165.000	   2313.583	   2318.942	   2320.376	   2314.000	     -0.092	     -0.175	     -0.334	      0.000	
 08/22-13:31	2312.800	2312.800	2308.200	2308.800	           4127	    166.000	   2313.346	   2318.690	   2320.202	   2314.017	     -0.237	     -0.252	     -0.343	      0.000	
 08/22-13:32	2308.800	2310.000	2308.200	2309.600	           2771	    167.000	   2313.096	   2318.460	   2320.039	   2314.031	     -0.250	     -0.229	     -0.337	      0.000	
 08/22-13:33	2309.800	2310.600	2308.000	2308.600	           2581	    168.000	   2312.771	   2318.190	   2319.890	   2314.050	     -0.325	     -0.271	     -0.313	      0.000	
 08/22-13:34	2308.600	2310.600	2308.600	2310.400	           1847	    169.000	   2312.475	   2317.965	   2319.794	   2314.083	     -0.296	     -0.225	     -0.245	      0.000	
 08/22-13:35	2310.200	2312.200	2310.000	2312.000	           2183	    170.000	   2312.283	   2317.748	   2319.697	   2314.123	     -0.192	     -0.217	     -0.193	      0.000	
 08/22-13:36	2311.800	2312.400	2311.400	2312.200	           1388	    171.000	   2312.087	   2317.490	   2319.606	   2314.168	     -0.196	     -0.258	     -0.188	      0.000	
 08/22-13:37	2312.200	2313.800	2312.200	2312.200	           3064	    172.000	   2311.933	   2317.254	   2319.530	   2314.206	     -0.154	     -0.235	     -0.167	      0.000	
 08/22-13:38	2312.200	2313.400	2312.200	2312.200	           1799	    173.000	   2311.738	   2317.029	   2319.470	   2314.242	     -0.196	     -0.225	     -0.136	      0.000	
 08/22-13:39	2312.400	2315.000	2311.600	2314.200	           4107	    174.000	   2311.642	   2316.850	   2319.415	   2314.285	     -0.096	     -0.179	     -0.116	      0.000	
 08/22-13:40	2314.000	2315.400	2312.800	2313.200	           3082	    175.000	   2311.517	   2316.642	   2319.329	   2314.327	     -0.125	     -0.208	     -0.141	      0.000	
 08/22-13:41	2313.200	2315.000	2313.000	2314.800	           1993	    176.000	   2311.592	   2316.488	   2319.258	   2314.377	      0.075	     -0.154	     -0.156	      0.000	
 08/22-13:42	2314.800	2316.200	2314.200	2315.600	           3413	    177.000	   2311.696	   2316.360	   2319.167	   2314.439	      0.104	     -0.127	     -0.162	      0.000	
 08/22-13:43	2315.600	2316.800	2313.200	2314.000	           4412	    178.000	   2311.742	   2316.133	   2319.094	   2314.498	      0.046	     -0.227	     -0.165	      0.000	
 08/22-13:44	2314.400	2314.600	2313.400	2314.600	           1616	    179.000	   2311.767	   2315.960	   2319.039	   2314.560	      0.025	     -0.173	     -0.128	      0.000	
 08/22-13:45	2314.400	2315.000	2313.600	2314.200	           1759	    180.000	   2311.892	   2315.683	   2318.937	   2314.620	      0.125	     -0.277	     -0.157	      0.000	
 08/22-13:46	2314.600	2315.800	2313.200	2313.800	           2721	    181.000	   2312.000	   2315.408	   2318.829	   2314.682	      0.108	     -0.275	     -0.209	      0.000	
 08/22-13:47	2314.000	2315.200	2313.600	2315.200	           1566	    182.000	   2312.179	   2315.177	   2318.756	   2314.752	      0.179	     -0.231	     -0.180	      0.000	
 08/22-13:48	2315.000	2315.600	2310.200	2311.400	           4189	    183.000	   2312.200	   2314.890	   2318.653	   2314.808	      0.021	     -0.287	     -0.176	      0.000	
 08/22-13:49	2311.600	2314.000	2311.600	2313.000	           2231	    184.000	   2312.271	   2314.650	   2318.568	   2314.885	      0.071	     -0.240	     -0.189	      0.000	
 08/22-13:50	2313.200	2315.200	2313.000	2314.800	           2516	    185.000	   2312.350	   2314.471	   2318.507	   2314.969	      0.079	     -0.179	     -0.146	      0.000	
 08/22-13:51	2315.000	2315.600	2314.400	2314.800	           1749	    186.000	   2312.471	   2314.331	   2318.446	   2315.041	      0.121	     -0.140	     -0.122	      0.000	
 08/22-13:52	2315.000	2315.400	2313.200	2314.000	           1765	    187.000	   2312.538	   2314.169	   2318.376	   2315.107	      0.067	     -0.163	     -0.131	      0.000	
 08/22-13:53	2314.000	2314.600	2311.600	2312.400	           2224	    188.000	   2312.600	   2313.979	   2318.303	   2315.164	      0.063	     -0.189	     -0.143	      0.000	
 08/22-13:54	2312.200	2314.800	2311.800	2314.200	           1875	    189.000	   2312.642	   2313.829	   2318.214	   2315.229	      0.042	     -0.150	     -0.162	      0.000	
 08/22-13:55	2314.200	2314.600	2311.200	2312.200	           2744	    190.000	   2312.642	   2313.717	   2318.125	   2315.287	      0.000	     -0.113	     -0.178	      0.000	
 08/22-13:56	2312.200	2314.800	2312.000	2314.800	           1875	    191.000	   2312.825	   2313.646	   2318.063	   2315.345	      0.183	     -0.071	     -0.150	      0.000	
 08/22-13:57	2314.800	2319.200	2314.400	2317.800	           7286	    192.000	   2313.071	   2313.606	   2318.028	   2315.414	      0.246	     -0.040	     -0.097	      0.000	
 08/22-13:58	2317.800	2318.000	2316.400	2316.600	           2674	    193.000	   2313.229	   2313.558	   2317.982	   2315.473	      0.158	     -0.048	     -0.081	      0.000	
 08/22-13:59	2316.800	2318.200	2316.400	2317.800	           2027	    194.000	   2313.408	   2313.542	   2317.962	   2315.529	      0.179	     -0.017	     -0.066	      0.000	
 08/22-14:00	2317.600	2317.800	2316.600	2317.400	           1863	    195.000	   2313.558	   2313.571	   2317.935	   2315.583	      0.150	      0.029	     -0.047	      0.000	
 08/22-14:01	2317.200	2321.800	2316.800	2319.800	           5840	    196.000	   2313.929	   2313.637	   2317.924	   2315.652	      0.371	      0.067	     -0.038	      0.000	
 08/22-14:02	2319.800	2320.400	2319.200	2319.600	           2339	    197.000	   2314.258	   2313.677	   2317.906	   2315.723	      0.329	      0.040	     -0.029	      0.000	
 08/22-14:03	2319.800	2320.000	2317.600	2318.000	           2367	    198.000	   2314.575	   2313.673	   2317.875	   2315.789	      0.317	     -0.004	     -0.049	      0.000	
 08/22-14:04	2318.200	2318.200	2316.000	2316.400	           2700	    199.000	   2314.775	   2313.625	   2317.813	   2315.846	      0.200	     -0.048	     -0.094	      0.000	
 08/22-14:05	2316.400	2317.200	2314.600	2314.600	           2636	    200.000	   2314.858	   2313.571	   2317.702	   2315.894	      0.083	     -0.054	     -0.173	      0.000	
 08/22-14:06	2314.400	2317.000	2314.400	2316.600	           2109	    201.000	   2315.004	   2313.546	   2317.621	   2315.943	      0.146	     -0.025	     -0.192	      0.000	
 08/22-14:07	2316.600	2316.800	2315.400	2315.400	           1592	    202.000	   2315.113	   2313.523	   2317.535	   2315.985	      0.108	     -0.023	     -0.167	      0.000	
 08/22-14:08	2315.400	2315.400	2311.400	2312.000	           4979	    203.000	   2315.108	   2313.423	   2317.433	   2316.025	     -0.004	     -0.100	     -0.188	      0.000	
 08/22-14:09	2312.000	2312.600	2309.400	2309.400	           5194	    204.000	   2314.950	   2313.296	   2317.326	   2316.052	     -0.158	     -0.127	     -0.209	      0.000	
 08/22-14:10	2309.200	2310.400	2308.200	2309.200	           4202	    205.000	   2314.808	   2313.163	   2317.218	   2316.081	     -0.142	     -0.133	     -0.216	      0.000	
 08/22-14:11	2309.000	2310.400	2309.000	2309.200	           2582	    206.000	   2314.625	   2313.108	   2317.117	   2316.110	     -0.183	     -0.054	     -0.209	      0.000	
 08/22-14:12	2309.200	2310.000	2308.400	2308.400	           2726	    207.000	   2314.387	   2313.042	   2316.996	   2316.142	     -0.238	     -0.067	     -0.222	      0.000	
 08/22-14:13	2308.400	2310.200	2307.200	2307.400	           4135	    208.000	   2314.163	   2312.952	   2316.876	   2316.173	     -0.225	     -0.090	     -0.241	      0.000	
 08/22-14:14	2307.400	2308.400	2305.000	2306.000	           5540	    209.000	   2313.875	   2312.821	   2316.744	   2316.189	     -0.288	     -0.131	     -0.252	      0.000	
 08/22-14:15	2305.600	2306.200	2305.000	2305.200	           3949	    210.000	   2313.579	   2312.735	   2316.625	   2316.190	     -0.296	     -0.085	     -0.251	      0.000	
 08/22-14:16	2305.200	2307.400	2304.600	2307.200	           4017	    211.000	   2313.358	   2312.679	   2316.513	   2316.200	     -0.221	     -0.056	     -0.230	      0.000	
 08/22-14:17	2307.400	2307.600	2306.200	2306.600	           2162	    212.000	   2313.071	   2312.625	   2316.426	   2316.208	     -0.288	     -0.054	     -0.199	      0.000	
 08/22-14:18	2306.200	2308.000	2306.200	2307.600	           2589	    213.000	   2312.950	   2312.575	   2316.350	   2316.213	     -0.121	     -0.050	     -0.163	      0.000	
 08/22-14:19	2307.800	2308.400	2307.400	2307.400	           2061	    214.000	   2312.758	   2312.515	   2316.273	   2316.205	     -0.192	     -0.060	     -0.153	      0.000	
 08/22-14:20	2307.400	2308.800	2307.000	2308.200	           2180	    215.000	   2312.542	   2312.446	   2316.201	   2316.198	     -0.217	     -0.069	     -0.149	      0.000	
 08/22-14:21	2308.200	2308.200	2307.000	2307.000	           1730	    216.000	   2312.275	   2312.373	   2316.113	   2316.186	     -0.267	     -0.073	     -0.160	      0.000	
 08/22-14:22	2307.400	2308.200	2306.600	2307.800	           1280	    217.000	   2312.067	   2312.302	   2316.038	   2316.178	     -0.208	     -0.071	     -0.163	      0.000	
 08/22-14:23	2307.800	2308.000	2303.800	2305.200	           4366	    218.000	   2311.833	   2312.217	   2315.948	   2316.160	     -0.233	     -0.085	     -0.165	      0.000	
 08/22-14:24	2305.200	2306.200	2304.400	2305.200	           1918	    219.000	   2311.533	   2312.087	   2315.858	   2316.146	     -0.300	     -0.129	     -0.179	      0.000	
 08/22-14:25	2305.600	2308.400	2305.000	2308.200	           2865	    220.000	   2311.400	   2312.021	   2315.791	   2316.136	     -0.134	     -0.067	     -0.157	      0.000	
 08/22-14:26	2308.000	2308.200	2307.400	2307.800	           1352	    221.000	   2311.167	   2311.996	   2315.717	   2316.138	     -0.233	     -0.025	     -0.142	      0.000	
 08/22-14:27	2307.600	2308.000	2306.000	2308.000	           1935	    222.000	   2310.842	   2311.956	   2315.642	   2316.143	     -0.325	     -0.040	     -0.149	      0.000	
 08/22-14:28	2308.200	2310.400	2308.000	2309.400	           4666	    223.000	   2310.600	   2311.915	   2315.569	   2316.154	     -0.241	     -0.042	     -0.148	      0.000	
 08/22-14:29	2309.200	2310.200	2308.800	2309.000	           1898	    224.000	   2310.308	   2311.858	   2315.488	   2316.161	     -0.292	     -0.056	     -0.154	      0.000	
 08/22-14:30	2309.000	2310.600	2309.000	2310.200	           2306	    225.000	   2310.067	   2311.813	   2315.377	   2316.167	     -0.242	     -0.046	     -0.192	      0.000	
 08/22-14:31	2310.400	2310.600	2308.800	2309.200	           2074	    226.000	   2309.708	   2311.819	   2315.254	   2316.171	     -0.358	      0.006	     -0.233	      0.000	
 08/22-14:32	2309.400	2312.800	2309.000	2312.400	           3947	    227.000	   2309.475	   2311.867	   2315.164	   2316.186	     -0.233	      0.048	     -0.214	      0.000	
 08/22-14:33	2312.000	2312.600	2309.400	2310.000	           3322	    228.000	   2309.208	   2311.892	   2315.041	   2316.188	     -0.267	      0.025	     -0.214	      0.000	
 08/22-14:34	2309.600	2310.800	2308.000	2308.800	           2595	    229.000	   2308.950	   2311.863	   2314.914	   2316.178	     -0.258	     -0.029	     -0.250	      0.000	
 08/22-14:35	2308.800	2309.600	2308.600	2309.200	           1627	    230.000	   2308.775	   2311.817	   2314.782	   2316.169	     -0.175	     -0.046	     -0.258	      0.000	
 08/22-14:36	2309.200	2310.200	2308.800	2310.000	           1121	    231.000	   2308.558	   2311.781	   2314.635	   2316.167	     -0.217	     -0.035	     -0.278	      0.000	
 08/22-14:37	2310.000	2310.000	2307.200	2309.000	           2748	    232.000	   2308.342	   2311.727	   2314.491	   2316.164	     -0.217	     -0.054	     -0.292	      0.000	
 08/22-14:38	2309.200	2309.400	2305.000	2306.200	           4272	    233.000	   2308.150	   2311.629	   2314.329	   2316.148	     -0.192	     -0.098	     -0.306	      0.000	
 08/22-14:39	2306.000	2308.600	2305.800	2308.400	           2989	    234.000	   2308.108	   2311.529	   2314.190	   2316.136	     -0.042	     -0.100	     -0.301	      0.000	
 08/22-14:40	2308.400	2308.800	2307.000	2308.000	           1655	    235.000	   2308.075	   2311.442	   2314.042	   2316.125	     -0.033	     -0.087	     -0.287	      0.000	
 08/22-14:41	2308.400	2309.000	2307.800	2308.200	           1696	    236.000	   2308.042	   2311.333	   2313.910	   2316.113	     -0.033	     -0.108	     -0.279	      0.000	
 08/22-14:42	2308.000	2309.200	2306.600	2307.800	           2199	    237.000	   2308.017	   2311.202	   2313.781	   2316.096	     -0.025	     -0.131	     -0.260	      0.000	
 08/22-14:43	2307.600	2308.400	2306.200	2306.400	           1998	    238.000	   2307.992	   2311.077	   2313.605	   2316.076	     -0.025	     -0.125	     -0.305	      0.000	
 08/22-14:44	2306.800	2307.800	2305.800	2305.800	           1733	    239.000	   2307.983	   2310.929	   2313.445	   2316.054	     -0.008	     -0.148	     -0.336	      0.000	
 08/22-14:45	2306.000	2307.800	2305.000	2307.400	           2351	    240.000	   2308.058	   2310.819	   2313.251	   2316.043	      0.075	     -0.110	     -0.354	      0.000	
 08/22-14:46	2307.600	2308.800	2307.000	2308.200	           2048	    241.000	   2308.083	   2310.721	   2313.065	   2316.029	      0.025	     -0.098	     -0.380	      0.000	
 08/22-14:47	2308.200	2308.600	2307.600	2307.600	           1490	    242.000	   2308.125	   2310.598	   2312.887	   2316.010	      0.042	     -0.123	     -0.364	      0.000	
 08/22-14:48	2307.400	2307.600	2305.200	2305.600	           2246	    243.000	   2308.050	   2310.500	   2312.695	   2315.980	     -0.075	     -0.098	     -0.370	      0.000	
 08/22-14:49	2305.800	2307.000	2305.600	2306.200	           1508	    244.000	   2308.017	   2310.387	   2312.519	   2315.952	     -0.033	     -0.113	     -0.369	      0.000	
 08/22-14:50	2306.000	2306.000	2303.200	2304.000	           4004	    245.000	   2307.875	   2310.208	   2312.340	   2315.916	     -0.142	     -0.179	     -0.355	      0.000	
 08/22-14:51	2305.000	2305.000	2302.000	2304.000	           3966	    246.000	   2307.775	   2310.025	   2312.178	   2315.875	     -0.100	     -0.183	     -0.341	      0.000	
 08/22-14:52	2304.000	2304.600	2303.200	2304.200	           2280	    247.000	   2307.658	   2309.863	   2312.016	   2315.835	     -0.116	     -0.162	     -0.324	      0.000	
 08/22-14:53	2304.600	2305.000	2303.600	2303.600	           1562	    248.000	   2307.600	   2309.717	   2311.848	   2315.792	     -0.058	     -0.146	     -0.330	      0.000	
 08/22-14:54	2303.600	2304.000	2303.000	2303.400	           1753	    249.000	   2307.542	   2309.538	   2311.683	   2315.750	     -0.058	     -0.179	     -0.332	      0.000	
 08/22-14:55	2303.400	2304.600	2302.200	2303.200	           3344	    250.000	   2307.375	   2309.387	   2311.552	   2315.707	     -0.167	     -0.150	     -0.296	      0.000	
 08/22-14:56	2303.400	2303.400	2301.000	2301.600	           4042	    251.000	   2307.167	   2309.167	   2311.406	   2315.709	     -0.208	     -0.221	     -0.277	      0.000	
 08/22-14:57	2301.600	2303.400	2301.200	2303.200	           2529	    252.000	   2307.008	   2308.925	   2311.266	   2315.706	     -0.158	     -0.242	     -0.286	      0.000	
 08/22-14:58	2303.400	2305.400	2303.200	2305.400	           2747	    253.000	   2306.867	   2308.733	   2311.146	   2315.709	     -0.142	     -0.192	     -0.260	      0.000	
 08/22-14:59	2305.200	2306.000	2304.800	2305.200	           2465	    254.000	   2306.742	   2308.525	   2311.033	   2315.715	     -0.125	     -0.208	     -0.232	      0.000	
 08/22-15:00	2305.200	2306.400	2304.800	2306.400	           1725	    255.000	   2306.625	   2308.346	   2310.958	   2315.722	     -0.117	     -0.179	     -0.188	      0.000	
 08/22-15:01	2306.600	2307.200	2305.800	2306.400	           2766	    256.000	   2306.525	   2308.117	   2310.877	   2315.728	     -0.100	     -0.229	     -0.156	      0.000	
 08/22-15:02	2306.600	2306.800	2306.000	2306.800	           1216	    257.000	   2306.342	   2307.908	   2310.793	   2315.738	     -0.183	     -0.208	     -0.166	      0.000	
 08/22-15:03	2307.000	2309.400	2307.000	2309.400	           4357	    258.000	   2306.317	   2307.762	   2310.718	   2315.754	     -0.025	     -0.146	     -0.159	      0.000	
 08/22-15:04	2309.200	2309.400	2307.800	2308.200	           2221	    259.000	   2306.300	   2307.625	   2310.625	   2315.758	     -0.017	     -0.137	     -0.168	      0.000	
 08/22-15:05	2308.200	2308.800	2307.600	2308.600	           1867	    260.000	   2306.275	   2307.525	   2310.548	   2315.768	     -0.025	     -0.100	     -0.170	      0.000	
 08/22-15:06	2309.000	2309.000	2307.600	2308.400	           1332	    261.000	   2306.225	   2307.392	   2310.469	   2315.774	     -0.050	     -0.133	     -0.156	      0.000	
 08/22-15:07	2308.400	2308.800	2307.800	2308.200	            897	    262.000	   2306.200	   2307.271	   2310.397	   2315.780	     -0.025	     -0.121	     -0.151	      0.000	
 08/22-15:08	2308.400	2309.400	2308.200	2308.800	           2075	    263.000	   2306.283	   2307.217	   2310.320	   2315.790	      0.083	     -0.054	     -0.149	      0.000	
 08/22-15:09	2309.000	2310.000	2308.600	2309.000	           2591	    264.000	   2306.308	   2307.208	   2310.252	   2315.799	      0.025	     -0.008	     -0.145	      0.000	
 08/22-15:10	2308.800	2309.000	2308.200	2308.400	           1570	    265.000	   2306.325	   2307.200	   2310.181	   2315.799	      0.017	     -0.008	     -0.139	      0.000	
 08/22-15:11	2309.000	2309.000	2308.000	2308.200	           1320	    266.000	   2306.317	   2307.179	   2310.144	   2315.801	     -0.008	     -0.021	     -0.108	      0.000	
 08/22-15:12	2308.400	2309.400	2308.400	2309.000	           1711	    267.000	   2306.358	   2307.188	   2310.115	   2315.809	      0.042	      0.008	     -0.067	      0.000	
 08/22-15:13	2309.400	2309.600	2308.800	2308.800	           1564	    268.000	   2306.442	   2307.217	   2310.084	   2315.799	      0.083	      0.029	     -0.059	      0.000	
 08/22-15:14	2308.800	2309.800	2308.200	2309.400	           2980	    269.000	   2306.558	   2307.271	   2310.046	   2315.794	      0.117	      0.054	     -0.069	      0.000	
 08/22-15:15	2309.400	2309.400	2308.200	2309.000	           3261	    270.000	   2306.608	   2307.333	   2310.034	   2315.798	      0.050	      0.063	     -0.050	      0.000	
 08/23-09:16	2323.000	2327.600	2323.000	2324.200	           9956	      1.000	   2307.150	   2307.617	   2310.148	   2315.874	      0.542	      0.283	      0.102	      0.000	
 08/23-09:17	2324.400	2324.600	2321.200	2322.200	           4277	      2.000	   2307.633	   2307.879	   2310.252	   2315.947	      0.483	      0.262	      0.218	      0.000	
 08/23-09:18	2322.200	2324.200	2321.200	2323.800	           2613	      3.000	   2308.242	   2308.146	   2310.360	   2316.023	      0.608	      0.267	      0.212	      0.000	
 08/23-09:19	2323.600	2324.800	2323.400	2323.800	           1825	      4.000	   2308.825	   2308.421	   2310.468	   2316.102	      0.583	      0.275	      0.216	      0.000	
 08/23-09:20	2323.800	2326.400	2323.800	2324.200	           3857	      5.000	   2309.500	   2308.688	   2310.567	   2316.164	      0.675	      0.267	      0.206	      0.000	
 08/23-09:21	2324.200	2325.800	2323.800	2324.600	           1946	      6.000	   2310.183	   2308.979	   2310.676	   2316.223	      0.683	      0.292	      0.208	      0.000	
 08/23-09:22	2324.800	2325.800	2324.400	2324.800	           1107	      7.000	   2310.875	   2309.267	   2310.784	   2316.277	      0.692	      0.287	      0.218	      0.000	
 08/23-09:23	2324.600	2324.600	2322.000	2323.200	           1980	      8.000	   2311.525	   2309.563	   2310.890	   2316.320	      0.650	      0.296	      0.214	      0.000	
 08/23-09:24	2323.600	2324.200	2321.800	2322.400	           2065	      9.000	   2312.158	   2309.850	   2310.969	   2316.360	      0.634	      0.288	      0.184	      0.000	
 08/23-09:25	2322.600	2324.000	2322.400	2323.200	           1237	     10.000	   2312.825	   2310.100	   2311.060	   2316.399	      0.667	      0.250	      0.171	      0.000	
 08/23-09:26	2323.200	2323.400	2321.200	2322.000	           1995	     11.000	   2313.508	   2310.337	   2311.167	   2316.401	      0.683	      0.237	      0.198	      0.000	
 08/23-09:27	2322.200	2323.400	2319.200	2323.400	           3049	     12.000	   2314.175	   2310.592	   2311.274	   2316.393	      0.667	      0.254	      0.214	      0.000	
 08/23-09:28	2323.200	2327.200	2323.200	2325.000	           4649	     13.000	   2314.833	   2310.850	   2311.382	   2316.393	      0.658	      0.259	      0.216	      0.000	
 08/23-09:29	2325.000	2325.600	2324.000	2324.800	           1920	     14.000	   2315.492	   2311.117	   2311.488	   2316.387	      0.658	      0.267	      0.214	      0.000	
 08/23-09:30	2324.800	2325.400	2320.400	2321.200	           3191	     15.000	   2315.975	   2311.300	   2311.556	   2316.393	      0.483	      0.183	      0.174	      0.000	
 08/23-09:31	2321.200	2324.600	2321.200	2322.800	           2591	     16.000	   2316.533	   2311.529	   2311.674	   2316.396	      0.558	      0.229	      0.187	      0.000	
 08/23-09:32	2322.600	2324.000	2320.400	2322.800	           3042	     17.000	   2317.058	   2311.700	   2311.783	   2316.392	      0.525	      0.171	      0.227	      0.000	
 08/23-09:33	2322.600	2324.400	2321.400	2322.000	           2238	     18.000	   2317.483	   2311.900	   2311.896	   2316.384	      0.425	      0.200	      0.222	      0.000	
 08/23-09:34	2322.200	2324.800	2321.200	2324.400	           2818	     19.000	   2318.017	   2312.158	   2312.010	   2316.386	      0.533	      0.259	      0.227	      0.000	
 08/23-09:35	2324.800	2327.600	2322.200	2322.200	           6267	     20.000	   2318.475	   2312.375	   2312.096	   2316.378	      0.458	      0.217	      0.200	      1.000	
 08/23-09:36	2322.000	2324.400	2320.200	2324.200	           4619	     21.000	   2319.000	   2312.613	   2312.197	   2316.389	      0.525	      0.238	      0.186	      0.000	
 08/23-09:37	2324.600	2325.200	2322.600	2324.800	           2360	     22.000	   2319.550	   2312.875	   2312.301	   2316.383	      0.550	      0.262	      0.205	      0.000	
 08/23-09:38	2325.000	2325.000	2322.800	2323.800	           1578	     23.000	   2320.050	   2313.167	   2312.398	   2316.336	      0.500	      0.292	      0.201	      0.000	
 08/23-09:39	2323.600	2325.800	2322.600	2325.600	           2461	     24.000	   2320.608	   2313.458	   2312.494	   2316.311	      0.558	      0.292	      0.193	      0.000	
 08/23-09:40	2326.000	2326.000	2322.600	2323.000	           2916	     25.000	   2321.092	   2313.708	   2312.575	   2316.271	      0.483	      0.250	      0.177	      0.000	
 08/23-09:41	2323.200	2324.400	2321.600	2321.800	           2358	     26.000	   2321.550	   2313.933	   2312.633	   2316.239	      0.458	      0.225	      0.140	      0.000	
 08/23-09:42	2321.600	2321.800	2320.000	2320.200	           3715	     27.000	   2321.925	   2314.142	   2312.672	   2316.202	      0.375	      0.208	      0.097	      0.000	
 08/23-09:43	2320.200	2321.000	2318.400	2320.400	           4488	     28.000	   2322.300	   2314.371	   2312.724	   2316.178	      0.375	      0.229	      0.091	      0.000	
 08/23-09:44	2320.200	2320.400	2318.200	2319.600	           2545	     29.000	   2322.650	   2314.604	   2312.767	   2316.169	      0.350	      0.233	      0.095	      0.000	
 08/23-09:45	2319.000	2320.400	2318.200	2319.000	           2834	     30.000	   2322.983	   2314.796	   2312.807	   2316.150	      0.333	      0.192	      0.083	      0.000	
 08/23-09:46	2318.400	2319.600	2318.200	2319.200	           1802	     31.000	   2322.817	   2314.983	   2312.852	   2316.135	     -0.167	      0.188	      0.085	      0.000	
 08/23-09:47	2318.800	2320.600	2317.000	2318.200	           3440	     32.000	   2322.675	   2315.154	   2312.876	   2316.122	     -0.142	      0.171	      0.069	      0.000	
 08/23-09:48	2317.800	2319.000	2316.600	2317.800	           2589	     33.000	   2322.483	   2315.363	   2312.931	   2316.116	     -0.192	      0.208	      0.079	      0.000	
 08/23-09:49	2317.800	2319.600	2317.400	2317.400	           1675	     34.000	   2322.267	   2315.546	   2312.967	   2316.102	     -0.217	      0.183	      0.091	      0.000	
 08/23-09:50	2317.400	2320.000	2317.200	2318.200	           2131	     35.000	   2322.067	   2315.783	   2312.996	   2316.081	     -0.200	      0.238	      0.065	      0.000	
 08/23-09:51	2318.200	2319.200	2315.800	2316.400	           3593	     36.000	   2321.800	   2315.992	   2313.008	   2316.054	     -0.267	      0.208	      0.042	      0.000	
 08/23-09:52	2316.400	2317.000	2315.800	2315.800	           1950	     37.000	   2321.492	   2316.183	   2313.023	   2316.010	     -0.308	      0.192	      0.027	      0.000	
 08/23-09:53	2316.000	2317.600	2315.800	2316.800	           1667	     38.000	   2321.283	   2316.404	   2313.060	   2315.987	     -0.208	      0.221	      0.052	      0.000	
 08/23-09:54	2317.000	2318.400	2316.600	2316.600	           1772	     39.000	   2321.083	   2316.621	   2313.079	   2315.968	     -0.200	      0.217	      0.056	      0.000	
 08/23-09:55	2316.600	2318.000	2315.600	2315.600	           2209	     40.000	   2320.833	   2316.829	   2313.108	   2315.925	     -0.250	      0.208	      0.048	      0.000	
 08/23-09:56	2315.600	2317.600	2315.600	2317.600	           1648	     41.000	   2320.683	   2317.096	   2313.131	   2315.888	     -0.150	      0.267	      0.052	      0.000	
 08/23-09:57	2317.800	2318.200	2316.600	2317.400	           1427	     42.000	   2320.492	   2317.333	   2313.129	   2315.863	     -0.192	      0.237	      0.021	      0.000	
 08/23-09:58	2317.400	2318.600	2316.200	2316.800	           2166	     43.000	   2320.217	   2317.525	   2313.129	   2315.834	     -0.275	      0.192	     -0.002	      0.000	
 08/23-09:59	2316.800	2319.600	2316.800	2319.000	           2412	     44.000	   2320.017	   2317.754	   2313.140	   2315.817	     -0.200	      0.229	      0.010	      0.000	
 08/23-10:00	2319.200	2323.000	2318.800	2322.000	           6402	     45.000	   2320.050	   2318.012	   2313.179	   2315.817	      0.033	      0.258	      0.050	      0.000	
 08/23-10:01	2322.200	2322.800	2321.000	2321.600	           2781	     46.000	   2320.000	   2318.267	   2313.192	   2315.814	     -0.050	      0.254	      0.052	      0.000	
 08/23-10:02	2321.400	2322.000	2320.200	2321.000	           2076	     47.000	   2319.942	   2318.500	   2313.204	   2315.809	     -0.058	      0.233	      0.025	      0.000	
 08/23-10:03	2320.800	2321.000	2313.200	2314.200	           6985	     48.000	   2319.683	   2318.583	   2313.173	   2315.781	     -0.258	      0.083	     -0.019	      0.000	
 08/23-10:04	2314.000	2314.000	2311.400	2313.000	           6827	     49.000	   2319.308	   2318.663	   2313.144	   2315.733	     -0.375	      0.079	     -0.060	      0.000	
 08/23-10:05	2312.800	2314.000	2312.000	2313.800	           3132	     50.000	   2319.025	   2318.750	   2313.137	   2315.697	     -0.283	      0.087	     -0.035	      0.000	
 08/23-10:06	2313.600	2314.400	2312.600	2314.200	           2624	     51.000	   2318.692	   2318.846	   2313.119	   2315.666	     -0.333	      0.096	     -0.025	      0.000	
 08/23-10:07	2314.200	2314.400	2313.200	2313.800	           1289	     52.000	   2318.325	   2318.938	   2313.104	   2315.633	     -0.367	      0.092	     -0.033	      0.000	
 08/23-10:08	2313.800	2315.600	2313.600	2315.600	           1678	     53.000	   2318.058	   2319.054	   2313.135	   2315.606	     -0.267	      0.117	      0.017	      0.000	
 08/23-10:09	2315.800	2315.800	2313.000	2313.000	           2372	     54.000	   2317.633	   2319.121	   2313.165	   2315.578	     -0.425	      0.067	      0.060	      0.000	
 08/23-10:10	2313.000	2314.000	2312.200	2312.600	           2262	     55.000	   2317.283	   2319.188	   2313.194	   2315.546	     -0.350	      0.067	      0.058	      0.000	
 08/23-10:11	2312.600	2313.800	2312.000	2313.200	           1853	     56.000	   2317.000	   2319.275	   2313.227	   2315.513	     -0.283	      0.087	      0.063	      0.000	
 08/23-10:12	2313.000	2313.800	2312.000	2312.200	           1669	     57.000	   2316.733	   2319.329	   2313.258	   2315.476	     -0.267	      0.054	      0.064	      0.000	
 08/23-10:13	2312.200	2312.200	2310.400	2310.800	           3392	     58.000	   2316.417	   2319.358	   2313.288	   2315.432	     -0.317	      0.029	      0.061	      0.000	
 08/23-10:14	2310.800	2312.400	2310.600	2312.000	           1641	     59.000	   2316.158	   2319.404	   2313.337	   2315.384	     -0.258	      0.046	      0.079	      0.000	
 08/23-10:15	2312.400	2312.400	2309.600	2309.800	           3456	     60.000	   2315.850	   2319.417	   2313.375	   2315.312	     -0.308	      0.013	      0.087	      0.000	
 08/23-10:16	2309.800	2311.800	2309.400	2310.600	           3133	     61.000	   2315.567	   2319.192	   2313.404	   2315.250	     -0.283	     -0.225	      0.067	      0.000	
 08/23-10:17	2310.400	2311.800	2309.600	2311.400	           1612	     62.000	   2315.342	   2319.008	   2313.444	   2315.192	     -0.225	     -0.183	      0.069	      0.000	
 08/23-10:18	2311.400	2312.600	2311.000	2312.000	           1896	     63.000	   2315.142	   2318.813	   2313.479	   2315.143	     -0.200	     -0.196	      0.075	      0.000	
 08/23-10:19	2312.000	2313.600	2312.000	2312.800	           2350	     64.000	   2314.992	   2318.629	   2313.525	   2315.104	     -0.150	     -0.183	      0.081	      0.000	
 08/23-10:20	2312.800	2314.400	2312.800	2314.000	           2108	     65.000	   2314.850	   2318.458	   2313.573	   2315.073	     -0.142	     -0.171	      0.094	      0.000	
 08/23-10:21	2313.800	2314.000	2311.800	2311.800	           1813	     66.000	   2314.700	   2318.250	   2313.615	   2315.035	     -0.150	     -0.208	      0.090	      0.000	
 08/23-10:22	2311.800	2313.600	2311.400	2312.600	           1591	     67.000	   2314.592	   2318.042	   2313.654	   2314.993	     -0.108	     -0.208	      0.081	      0.000	
 08/23-10:23	2312.600	2313.400	2311.200	2311.600	           1834	     68.000	   2314.417	   2317.850	   2313.706	   2314.952	     -0.175	     -0.192	      0.092	      0.000	
 08/23-10:24	2311.600	2313.600	2311.400	2312.800	           1396	     69.000	   2314.300	   2317.692	   2313.771	   2314.917	     -0.117	     -0.158	      0.117	      0.000	
 08/23-10:25	2312.800	2313.200	2310.800	2311.200	           1700	     70.000	   2314.142	   2317.488	   2313.794	   2314.883	     -0.158	     -0.204	      0.087	      0.000	
 08/23-10:26	2311.600	2312.000	2309.600	2311.200	           2476	     71.000	   2313.933	   2317.308	   2313.823	   2314.845	     -0.208	     -0.179	      0.052	      0.000	
 08/23-10:27	2311.200	2311.800	2310.000	2311.800	           1321	     72.000	   2313.742	   2317.117	   2313.854	   2314.824	     -0.192	     -0.192	      0.061	      0.000	
 08/23-10:28	2311.800	2312.600	2310.000	2310.800	           1641	     73.000	   2313.550	   2316.883	   2313.867	   2314.801	     -0.192	     -0.233	      0.044	      0.000	
 08/23-10:29	2311.000	2311.600	2310.600	2311.200	            991	     74.000	   2313.283	   2316.650	   2313.883	   2314.779	     -0.267	     -0.233	      0.029	      0.000	
 08/23-10:30	2311.200	2311.200	2308.800	2308.800	           3173	     75.000	   2312.850	   2316.450	   2313.875	   2314.748	     -0.433	     -0.200	      0.008	      0.000	
 08/23-10:31	2308.800	2310.400	2308.800	2310.000	           1596	     76.000	   2312.467	   2316.233	   2313.881	   2314.717	     -0.384	     -0.217	     -0.002	      0.000	
 08/23-10:32	2310.200	2315.000	2309.800	2314.000	           5415	     77.000	   2312.233	   2316.087	   2313.894	   2314.706	     -0.233	     -0.146	      0.019	      0.000	
 08/23-10:33	2314.000	2314.400	2313.200	2313.400	           2198	     78.000	   2312.200	   2315.942	   2313.921	   2314.695	     -0.033	     -0.146	      0.040	      0.000	
 08/23-10:34	2313.600	2313.800	2310.600	2311.200	           2461	     79.000	   2312.142	   2315.725	   2313.942	   2314.676	     -0.058	     -0.217	      0.048	      0.000	
 08/23-10:35	2311.400	2312.800	2311.000	2312.000	           1921	     80.000	   2312.083	   2315.554	   2313.965	   2314.658	     -0.058	     -0.171	      0.044	      0.000	
 08/23-10:36	2311.600	2313.400	2311.200	2313.200	           1277	     81.000	   2312.050	   2315.371	   2313.992	   2314.645	     -0.033	     -0.183	      0.050	      0.000	
 08/23-10:37	2313.000	2314.000	2311.800	2313.800	           1943	     82.000	   2312.050	   2315.188	   2314.031	   2314.632	      0.000	     -0.183	      0.067	      0.000	
 08/23-10:38	2314.000	2315.400	2313.400	2313.800	           2848	     83.000	   2311.983	   2315.021	   2314.094	   2314.614	     -0.067	     -0.167	      0.102	      0.000	
 08/23-10:39	2313.800	2314.600	2312.600	2314.200	           1698	     84.000	   2312.025	   2314.829	   2314.144	   2314.596	      0.042	     -0.192	      0.113	      0.000	
 08/23-10:40	2314.200	2316.000	2313.800	2314.600	           2905	     85.000	   2312.092	   2314.688	   2314.198	   2314.561	      0.067	     -0.142	      0.104	      0.000	
 08/23-10:41	2314.000	2315.200	2313.400	2314.200	           2285	     86.000	   2312.125	   2314.563	   2314.248	   2314.522	      0.033	     -0.125	      0.104	      0.000	
 08/23-10:42	2314.200	2315.400	2313.600	2315.000	           1321	     87.000	   2312.217	   2314.475	   2314.308	   2314.489	      0.092	     -0.087	      0.110	      0.000	
 08/23-10:43	2314.800	2317.000	2314.000	2316.000	           3733	     88.000	   2312.392	   2314.404	   2314.387	   2314.454	      0.175	     -0.071	      0.140	      0.000	
 08/23-10:44	2316.000	2316.400	2315.400	2316.200	           2143	     89.000	   2312.533	   2314.346	   2314.475	   2314.423	      0.142	     -0.058	      0.167	      0.000	
 08/23-10:45	2316.000	2316.600	2314.800	2316.600	           2296	     90.000	   2312.758	   2314.304	   2314.550	   2314.388	      0.225	     -0.042	      0.163	      0.000	
 08/23-10:46	2316.400	2318.400	2316.400	2317.000	           4597	     91.000	   2312.967	   2314.267	   2314.625	   2314.346	      0.208	     -0.038	      0.150	      0.000	
 08/23-10:47	2317.000	2317.000	2314.400	2314.600	           2362	     92.000	   2313.083	   2314.212	   2314.683	   2314.300	      0.117	     -0.054	      0.133	      0.000	
 08/23-10:48	2314.400	2315.200	2314.000	2314.400	           1932	     93.000	   2313.158	   2314.150	   2314.756	   2314.254	      0.075	     -0.063	      0.131	      0.000	
 08/23-10:49	2314.200	2314.800	2313.200	2314.600	           1855	     94.000	   2313.225	   2314.108	   2314.827	   2314.213	      0.067	     -0.042	      0.144	      0.000	
 08/23-10:50	2314.800	2315.400	2313.600	2314.200	           1719	     95.000	   2313.233	   2314.042	   2314.913	   2314.167	      0.008	     -0.067	      0.156	      0.000	
 08/23-10:51	2313.600	2314.000	2312.000	2312.800	           2665	     96.000	   2313.258	   2313.979	   2314.985	   2314.122	      0.025	     -0.063	      0.158	      0.000	
 08/23-10:52	2313.000	2314.400	2312.600	2314.400	           1654	     97.000	   2313.317	   2313.954	   2315.069	   2314.086	      0.058	     -0.025	      0.156	      0.000	
 08/23-10:53	2314.400	2314.600	2313.400	2314.000	           1005	     98.000	   2313.400	   2313.908	   2315.156	   2314.031	      0.083	     -0.046	      0.171	      0.000	
 08/23-10:54	2314.000	2317.000	2313.800	2316.000	           3377	     99.000	   2313.500	   2313.900	   2315.260	   2313.996	      0.100	     -0.009	      0.192	      0.000	
 08/23-10:55	2316.200	2316.400	2312.000	2312.200	           2754	    100.000	   2313.542	   2313.842	   2315.335	   2313.921	      0.042	     -0.058	      0.179	      0.000	
 08/23-10:56	2312.000	2313.400	2312.000	2312.200	           2095	    101.000	   2313.575	   2313.754	   2315.425	   2313.849	      0.033	     -0.087	      0.165	      0.000	
 08/23-10:57	2312.400	2313.800	2311.200	2311.600	           2583	    102.000	   2313.567	   2313.654	   2315.494	   2313.779	     -0.008	     -0.100	      0.158	      0.000	
 08/23-10:58	2311.800	2312.200	2311.000	2311.600	           2161	    103.000	   2313.592	   2313.571	   2315.548	   2313.711	      0.025	     -0.083	      0.123	      0.000	
 08/23-10:59	2311.200	2312.600	2311.200	2312.400	           1313	    104.000	   2313.633	   2313.458	   2315.606	   2313.651	      0.042	     -0.113	      0.113	      0.000	
 08/23-11:00	2312.400	2313.200	2311.200	2312.200	           1713	    105.000	   2313.742	   2313.296	   2315.654	   2313.598	      0.108	     -0.162	      0.106	      0.000	
 08/23-11:01	2312.600	2314.400	2312.200	2314.400	           2060	    106.000	   2313.892	   2313.179	   2315.723	   2313.563	      0.150	     -0.117	      0.117	      0.000	
 08/23-11:02	2314.200	2315.000	2313.000	2314.600	           2535	    107.000	   2313.908	   2313.071	   2315.785	   2313.525	      0.017	     -0.108	      0.131	      0.000	
 08/23-11:03	2314.400	2315.400	2314.400	2314.600	           1552	    108.000	   2313.958	   2313.079	   2315.831	   2313.490	      0.050	      0.008	      0.108	      0.000	
 08/23-11:04	2314.600	2315.000	2313.000	2313.800	           1575	    109.000	   2314.042	   2313.092	   2315.877	   2313.452	      0.083	      0.012	      0.092	      0.000	
 08/23-11:05	2313.800	2314.400	2312.000	2313.000	           2280	    110.000	   2314.075	   2313.079	   2315.915	   2313.428	      0.033	     -0.012	      0.083	      0.000	
 08/23-11:06	2313.200	2314.600	2312.800	2313.400	           1404	    111.000	   2314.075	   2313.063	   2315.954	   2313.405	      0.000	     -0.017	      0.077	      0.000	
 08/23-11:07	2313.800	2316.600	2313.200	2316.000	           3287	    112.000	   2314.150	   2313.100	   2316.019	   2313.388	      0.075	      0.038	      0.104	      0.000	
 08/23-11:08	2315.800	2318.800	2314.800	2317.800	           6223	    113.000	   2314.292	   2313.137	   2316.096	   2313.382	      0.142	      0.037	      0.142	      0.000	
 08/23-11:09	2317.800	2318.000	2316.400	2317.000	           2425	    114.000	   2314.383	   2313.204	   2316.163	   2313.375	      0.092	      0.067	      0.144	      0.000	
 08/23-11:10	2317.000	2318.400	2317.000	2317.600	           2184	    115.000	   2314.483	   2313.288	   2316.238	   2313.383	      0.100	      0.083	      0.142	      0.000	
 08/23-11:11	2317.800	2317.800	2314.000	2315.200	           3471	    116.000	   2314.517	   2313.321	   2316.298	   2313.380	      0.033	      0.033	      0.135	      0.000	
 08/23-11:12	2315.200	2316.600	2314.800	2315.400	           2462	    117.000	   2314.525	   2313.371	   2316.350	   2313.373	      0.008	      0.050	      0.113	      0.000	
 08/23-11:13	2315.600	2316.600	2314.600	2316.600	           1676	    118.000	   2314.550	   2313.471	   2316.415	   2313.366	      0.025	      0.100	      0.117	      0.000	
 08/23-11:14	2316.800	2318.400	2314.600	2315.800	           3435	    119.000	   2314.533	   2313.533	   2316.469	   2313.352	     -0.017	      0.063	      0.119	      0.000	
 08/23-11:15	2315.800	2317.800	2315.400	2316.800	           2268	    120.000	   2314.542	   2313.650	   2316.533	   2313.348	      0.008	      0.116	      0.119	      0.000	
 08/23-11:16	2316.600	2317.000	2314.800	2315.800	           2518	    121.000	   2314.500	   2313.733	   2316.462	   2313.339	     -0.042	      0.083	     -0.006	      0.000	
 08/23-11:17	2315.800	2316.000	2314.600	2314.600	           1111	    122.000	   2314.500	   2313.792	   2316.400	   2313.331	      0.000	      0.058	     -0.134	      0.000	
 08/23-11:18	2314.800	2315.200	2312.600	2313.400	           3989	    123.000	   2314.467	   2313.813	   2316.313	   2313.312	     -0.033	      0.021	     -0.150	      0.000	
 08/23-11:19	2313.600	2314.000	2313.000	2313.400	           1472	    124.000	   2314.425	   2313.825	   2316.227	   2313.297	     -0.042	      0.012	     -0.173	      0.000	
 08/23-11:20	2313.200	2313.800	2312.400	2313.600	           1816	    125.000	   2314.400	   2313.817	   2316.137	   2313.283	     -0.025	     -0.008	     -0.175	      0.000	
 08/23-11:21	2313.600	2315.400	2313.600	2315.400	           1994	    126.000	   2314.492	   2313.875	   2316.063	   2313.295	      0.092	      0.058	     -0.165	      0.000	
 08/23-11:22	2315.600	2315.600	2313.800	2315.400	           1670	    127.000	   2314.533	   2313.925	   2315.983	   2313.307	      0.042	      0.050	     -0.154	      0.000	
 08/23-11:23	2315.600	2315.600	2313.400	2314.400	           1710	    128.000	   2314.542	   2313.971	   2315.910	   2313.313	      0.008	      0.046	     -0.152	      0.000	
 08/23-11:24	2314.200	2314.600	2313.000	2313.600	           1327	    129.000	   2314.467	   2313.983	   2315.837	   2313.313	     -0.075	      0.012	     -0.146	      0.000	
 08/23-11:25	2313.600	2314.200	2313.200	2313.800	           1373	    130.000	   2314.517	   2314.029	   2315.758	   2313.326	      0.050	      0.046	     -0.152	      0.000	
 08/23-11:26	2313.800	2314.000	2312.000	2312.600	           2041	    131.000	   2314.525	   2314.050	   2315.679	   2313.334	      0.008	      0.021	     -0.158	      0.000	
 08/23-11:27	2312.800	2313.000	2310.000	2310.600	           2983	    132.000	   2314.500	   2314.033	   2315.575	   2313.338	     -0.025	     -0.017	     -0.183	      0.000	
 08/23-11:28	2310.800	2311.400	2310.000	2310.600	           1932	    133.000	   2314.458	   2314.025	   2315.454	   2313.337	     -0.042	     -0.009	     -0.225	      0.000	
 08/23-11:29	2310.600	2311.000	2307.600	2309.000	           4350	    134.000	   2314.350	   2313.992	   2315.321	   2313.330	     -0.108	     -0.033	     -0.254	      0.000	
 08/23-11:30	2309.200	2310.000	2308.600	2310.000	           2413	    135.000	   2314.275	   2314.008	   2315.229	   2313.320	     -0.075	      0.017	     -0.225	      0.000	
 08/23-13:01	2310.000	2311.400	2309.400	2311.200	           2517	    136.000	   2314.167	   2314.029	   2315.131	   2313.320	     -0.108	      0.021	     -0.189	      0.000	
 08/23-13:02	2311.000	2311.600	2310.200	2310.400	           1366	    137.000	   2314.025	   2313.967	   2315.027	   2313.313	     -0.142	     -0.063	     -0.202	      0.000	
 08/23-13:03	2310.400	2311.800	2310.400	2311.800	           1102	    138.000	   2313.933	   2313.946	   2314.944	   2313.319	     -0.092	     -0.021	     -0.188	      0.000	
 08/23-13:04	2311.800	2312.600	2311.200	2311.600	           1765	    139.000	   2313.858	   2313.950	   2314.837	   2313.313	     -0.075	      0.004	     -0.190	      0.000	
 08/23-13:05	2311.200	2312.000	2310.000	2310.000	           1541	    140.000	   2313.758	   2313.917	   2314.735	   2313.304	     -0.100	     -0.033	     -0.208	      0.000	
 08/23-13:06	2310.000	2310.600	2310.000	2310.200	           1434	    141.000	   2313.658	   2313.867	   2314.619	   2313.308	     -0.100	     -0.050	     -0.219	      0.000	
 08/23-13:07	2310.200	2311.400	2310.200	2311.000	            884	    142.000	   2313.492	   2313.821	   2314.504	   2313.311	     -0.167	     -0.046	     -0.231	      0.000	
 08/23-13:08	2311.200	2313.200	2310.800	2312.600	           2349	    143.000	   2313.308	   2313.800	   2314.410	   2313.313	     -0.183	     -0.021	     -0.208	      0.000	
 08/23-13:09	2312.600	2313.200	2312.200	2312.800	           1167	    144.000	   2313.167	   2313.775	   2314.302	   2313.314	     -0.142	     -0.025	     -0.202	      0.000	
 08/23-13:10	2313.000	2313.200	2312.000	2312.800	           1011	    145.000	   2313.017	   2313.750	   2314.219	   2313.315	     -0.150	     -0.025	     -0.192	      0.000	
 08/23-13:11	2312.200	2313.000	2312.000	2313.000	           1045	    146.000	   2312.942	   2313.729	   2314.146	   2313.332	     -0.075	     -0.021	     -0.156	      0.000	
 08/23-13:12	2313.000	2314.400	2312.600	2313.800	           1901	    147.000	   2312.892	   2313.708	   2314.092	   2313.348	     -0.050	     -0.021	     -0.127	      0.000	
 08/23-13:13	2313.800	2314.000	2311.000	2311.600	           2188	    148.000	   2312.717	   2313.633	   2314.019	   2313.360	     -0.175	     -0.075	     -0.127	      0.000	
 08/23-13:14	2311.800	2311.800	2310.400	2311.400	           1582	    149.000	   2312.575	   2313.554	   2313.950	   2313.364	     -0.142	     -0.079	     -0.142	      0.000	
 08/23-13:15	2311.400	2311.600	2310.600	2310.600	            941	    150.000	   2312.367	   2313.454	   2313.879	   2313.358	     -0.208	     -0.100	     -0.140	      0.000	
 08/23-13:16	2310.400	2311.000	2310.000	2311.000	           1661	    151.000	   2312.208	   2313.354	   2313.810	   2313.354	     -0.158	     -0.100	     -0.140	      0.000	
 08/23-13:17	2310.800	2311.000	2309.000	2309.200	           1993	    152.000	   2312.025	   2313.262	   2313.738	   2313.342	     -0.183	     -0.092	     -0.142	      0.000	
 08/23-13:18	2309.000	2310.200	2309.000	2309.400	           1371	    153.000	   2311.900	   2313.183	   2313.667	   2313.331	     -0.125	     -0.079	     -0.144	      0.000	
 08/23-13:19	2309.200	2310.400	2306.000	2306.000	           3446	    154.000	   2311.650	   2313.038	   2313.573	   2313.298	     -0.250	     -0.146	     -0.165	      0.000	
 08/23-13:20	2306.400	2306.400	2301.000	2301.000	          10325	    155.000	   2311.233	   2312.817	   2313.429	   2313.249	     -0.417	     -0.221	     -0.238	      0.000	
 08/23-13:21	2300.800	2300.800	2296.800	2298.000	           9596	    156.000	   2310.650	   2312.571	   2313.275	   2313.182	     -0.583	     -0.246	     -0.298	      0.000	
 08/23-13:22	2298.400	2298.600	2293.000	2294.400	           7664	    157.000	   2309.942	   2312.238	   2313.096	   2313.096	     -0.708	     -0.333	     -0.333	      0.000	
 08/23-13:23	2294.800	2295.600	2294.000	2295.200	           4743	    158.000	   2309.308	   2311.925	   2312.917	   2313.021	     -0.633	     -0.313	     -0.358	      0.000	
 08/23-13:24	2295.400	2295.600	2294.400	2294.400	           2824	    159.000	   2308.667	   2311.567	   2312.733	   2312.941	     -0.642	     -0.358	     -0.363	      0.000	
 08/23-13:25	2294.600	2295.200	2284.000	2285.400	          11379	    160.000	   2307.717	   2311.117	   2312.479	   2312.825	     -0.950	     -0.450	     -0.438	      0.000	
 08/23-13:26	2285.600	2286.400	2280.400	2283.800	          11666	    161.000	   2306.758	   2310.642	   2312.198	   2312.705	     -0.958	     -0.475	     -0.535	      0.000	
 08/23-13:27	2284.400	2284.400	2281.000	2284.000	           5426	    162.000	   2305.867	   2310.183	   2311.919	   2312.581	     -0.892	     -0.458	     -0.561	      0.000	
 08/23-13:28	2284.400	2286.000	2283.600	2284.400	           4878	    163.000	   2305.000	   2309.729	   2311.650	   2312.473	     -0.867	     -0.454	     -0.548	      0.000	
 08/23-13:29	2284.200	2284.200	2281.000	2281.000	           5478	    164.000	   2304.067	   2309.208	   2311.333	   2312.345	     -0.933	     -0.521	     -0.585	      0.000	
 08/23-13:30	2280.600	2280.600	2270.000	2272.000	          16814	    165.000	   2302.800	   2308.538	   2310.917	   2312.174	     -1.267	     -0.671	     -0.733	      0.000	
 08/23-13:31	2272.200	2277.000	2272.200	2275.400	           4110	    166.000	   2301.608	   2307.887	   2310.533	   2312.016	     -1.192	     -0.650	     -0.800	      0.000	
 08/23-13:32	2275.600	2278.400	2274.600	2278.000	           4359	    167.000	   2300.533	   2307.279	   2310.175	   2311.872	     -1.075	     -0.608	     -0.742	      0.000	
 08/23-13:33	2277.400	2277.800	2276.400	2276.400	           2106	    168.000	   2299.342	   2306.637	   2309.858	   2311.728	     -1.192	     -0.642	     -0.675	      0.000	
 08/23-13:34	2276.400	2278.800	2276.400	2277.200	           2713	    169.000	   2298.200	   2306.029	   2309.560	   2311.580	     -1.142	     -0.608	     -0.615	      0.000	
 08/23-13:35	2277.200	2278.400	2276.400	2277.400	           5838	    170.000	   2297.117	   2305.438	   2309.258	   2311.441	     -1.083	     -0.592	     -0.600	      0.000	
 08/23-13:36	2277.600	2277.800	2274.400	2276.200	           4207	    171.000	   2295.975	   2304.817	   2308.940	   2311.286	     -1.142	     -0.621	     -0.621	      0.000	
 08/23-13:37	2276.000	2279.000	2276.000	2278.000	           2870	    172.000	   2294.875	   2304.183	   2308.642	   2311.127	     -1.100	     -0.633	     -0.617	      0.000	
 08/23-13:38	2278.000	2279.800	2276.800	2277.200	           4015	    173.000	   2293.700	   2303.504	   2308.321	   2310.969	     -1.175	     -0.679	     -0.619	      0.000	
 08/23-13:39	2277.000	2277.200	2273.400	2277.200	           4756	    174.000	   2292.517	   2302.842	   2308.023	   2310.807	     -1.183	     -0.663	     -0.619	      0.000	
 08/23-13:40	2277.200	2278.200	2274.000	2275.400	           2752	    175.000	   2291.267	   2302.142	   2307.715	   2310.640	     -1.250	     -0.700	     -0.606	      0.000	
 08/23-13:41	2275.800	2276.800	2274.600	2276.000	           1750	    176.000	   2290.033	   2301.488	   2307.404	   2310.464	     -1.233	     -0.654	     -0.619	      0.000	
 08/23-13:42	2275.800	2277.600	2272.600	2272.600	           3201	    177.000	   2288.658	   2300.775	   2307.073	   2310.276	     -1.375	     -0.713	     -0.642	      0.000	
 08/23-13:43	2272.200	2273.400	2265.200	2265.200	          12309	    178.000	   2287.117	   2299.917	   2306.694	   2310.065	     -1.542	     -0.858	     -0.710	      0.000	
 08/23-13:44	2265.600	2271.800	2265.000	2269.400	           7425	    179.000	   2285.708	   2299.142	   2306.337	   2309.876	     -1.408	     -0.775	     -0.736	      0.000	
 08/23-13:45	2269.200	2269.200	2256.200	2259.000	          12797	    180.000	   2283.992	   2298.179	   2305.915	   2309.654	     -1.717	     -0.962	     -0.779	      0.000	
 08/23-13:46	2259.600	2262.600	2250.000	2251.600	           8372	    181.000	   2282.017	   2297.113	   2305.423	   2309.395	     -1.975	     -1.067	     -0.915	      0.000	
 08/23-13:47	2252.000	2256.800	2247.200	2247.200	           7559	    182.000	   2279.950	   2295.988	   2304.890	   2309.122	     -2.067	     -1.125	     -1.025	      0.000	
 08/23-13:48	2247.600	2253.600	2244.400	2251.800	           8964	    183.000	   2278.025	   2294.962	   2304.387	   2308.881	     -1.925	     -1.025	     -1.035	      0.000	
 08/23-13:49	2251.400	2258.000	2249.200	2256.000	           7459	    184.000	   2276.358	   2294.004	   2303.915	   2308.667	     -1.667	     -0.958	     -0.975	      0.000	
 08/23-13:50	2256.200	2257.600	2254.000	2257.000	           5096	    185.000	   2274.892	   2293.063	   2303.440	   2308.459	     -1.467	     -0.942	     -0.948	      0.000	
 08/23-13:51	2256.800	2260.600	2256.400	2258.400	           5398	    186.000	   2273.567	   2292.108	   2302.992	   2308.255	     -1.325	     -0.954	     -0.923	      0.000	
 08/23-13:52	2258.000	2259.200	2256.600	2256.800	           3386	    187.000	   2272.325	   2291.133	   2302.529	   2308.049	     -1.242	     -0.975	     -0.911	      0.000	
 08/23-13:53	2257.200	2260.800	2256.800	2260.800	           4033	    188.000	   2271.175	   2290.242	   2302.106	   2307.863	     -1.150	     -0.892	     -0.885	      0.000	
 08/23-13:54	2261.600	2262.600	2257.400	2258.000	           4915	    189.000	   2269.958	   2289.313	   2301.648	   2307.671	     -1.217	     -0.929	     -0.881	      0.000	
 08/23-13:55	2258.200	2260.000	2257.800	2259.000	           2102	    190.000	   2269.083	   2288.400	   2301.215	   2307.486	     -0.875	     -0.913	     -0.892	      0.000	
 08/23-13:56	2259.400	2259.400	2256.400	2257.600	           3211	    191.000	   2268.208	   2287.483	   2300.767	   2307.287	     -0.875	     -0.917	     -0.881	      0.000	
 08/23-13:57	2257.400	2260.400	2257.000	2259.400	           2118	    192.000	   2267.392	   2286.629	   2300.331	   2307.099	     -0.817	     -0.854	     -0.883	      0.000	
 08/23-13:58	2259.200	2261.000	2258.800	2260.200	           2947	    193.000	   2266.583	   2285.792	   2299.908	   2306.909	     -0.808	     -0.837	     -0.858	      0.000	
 08/23-13:59	2260.600	2265.400	2260.200	2261.200	           6671	    194.000	   2265.917	   2284.992	   2299.492	   2306.724	     -0.667	     -0.800	     -0.840	      0.000	
 08/23-14:00	2261.600	2264.000	2260.000	2264.000	           3866	    195.000	   2265.650	   2284.225	   2299.117	   2306.547	     -0.267	     -0.767	     -0.792	      0.000	
 08/23-14:01	2263.800	2269.800	2263.400	2266.800	           8722	    196.000	   2265.367	   2283.488	   2298.758	   2306.387	     -0.283	     -0.738	     -0.733	      0.000	
 08/23-14:02	2266.600	2267.400	2264.600	2265.800	           3647	    197.000	   2264.958	   2282.746	   2298.356	   2306.219	     -0.408	     -0.742	     -0.760	      0.000	
 08/23-14:03	2265.600	2265.800	2262.200	2262.400	           4249	    198.000	   2264.492	   2281.917	   2297.931	   2306.047	     -0.467	     -0.829	     -0.827	      0.000	
 08/23-14:04	2262.800	2265.200	2262.400	2265.000	           2771	    199.000	   2264.083	   2281.142	   2297.546	   2305.886	     -0.408	     -0.775	     -0.810	      0.000	
 08/23-14:05	2265.200	2266.200	2263.600	2265.000	           2428	    200.000	   2263.667	   2280.392	   2297.154	   2305.713	     -0.417	     -0.750	     -0.777	      0.000	
 08/23-14:06	2264.800	2266.600	2263.600	2264.800	           2124	    201.000	   2263.300	   2279.637	   2296.752	   2305.542	     -0.367	     -0.754	     -0.794	      0.000	
 08/23-14:07	2264.800	2267.400	2264.600	2267.400	           2256	    202.000	   2262.942	   2278.908	   2296.365	   2305.379	     -0.358	     -0.729	     -0.790	      0.000	
 08/23-14:08	2267.800	2267.800	2265.400	2265.600	           1983	    203.000	   2262.558	   2278.129	   2295.965	   2305.204	     -0.383	     -0.779	     -0.788	      0.000	
 08/23-14:09	2265.800	2266.400	2264.600	2266.200	           2372	    204.000	   2262.183	   2277.350	   2295.563	   2305.032	     -0.375	     -0.779	     -0.802	      0.000	
 08/23-14:10	2266.200	2273.400	2266.200	2271.000	          10174	    205.000	   2262.033	   2276.650	   2295.200	   2304.876	     -0.150	     -0.700	     -0.765	      0.000	
 08/23-14:11	2270.200	2271.400	2269.800	2270.200	           3526	    206.000	   2261.842	   2275.938	   2294.833	   2304.720	     -0.192	     -0.712	     -0.729	      0.000	
 08/23-14:12	2270.200	2271.800	2268.400	2271.800	           3157	    207.000	   2261.817	   2275.238	   2294.473	   2304.557	     -0.025	     -0.700	     -0.727	      0.000	
 08/23-14:13	2271.600	2272.400	2270.000	2271.000	           4030	    208.000	   2262.008	   2274.563	   2294.098	   2304.401	      0.192	     -0.675	     -0.735	      0.000	
 08/23-14:14	2271.000	2275.000	2271.000	2271.600	           5052	    209.000	   2262.092	   2273.900	   2293.727	   2304.253	      0.083	     -0.663	     -0.746	      0.000	
 08/23-14:15	2272.200	2272.800	2269.800	2269.800	           4847	    210.000	   2262.450	   2273.221	   2293.337	   2304.095	      0.358	     -0.679	     -0.760	      0.000	
 08/23-14:16	2269.400	2273.800	2268.400	2272.200	           5871	    211.000	   2263.133	   2272.575	   2292.965	   2303.944	      0.683	     -0.646	     -0.762	      0.000	
 08/23-14:17	2272.600	2273.000	2269.800	2270.400	           3176	    212.000	   2263.900	   2271.925	   2292.594	   2303.789	      0.767	     -0.650	     -0.744	      0.000	
 08/23-14:18	2270.200	2271.400	2268.800	2271.400	           2670	    213.000	   2264.558	   2271.292	   2292.238	   2303.650	      0.658	     -0.633	     -0.727	      0.000	
 08/23-14:19	2271.200	2276.200	2270.800	2273.200	           7684	    214.000	   2265.133	   2270.746	   2291.892	   2303.510	      0.575	     -0.546	     -0.702	      0.000	
 08/23-14:20	2273.200	2282.200	2273.000	2281.000	          10721	    215.000	   2265.933	   2270.413	   2291.615	   2303.402	      0.800	     -0.333	     -0.623	      0.000	
 08/23-14:21	2280.800	2281.400	2278.200	2281.400	           5865	    216.000	   2266.700	   2270.133	   2291.352	   2303.294	      0.767	     -0.279	     -0.540	      0.000	
 08/23-14:22	2281.200	2283.000	2280.200	2281.600	           4785	    217.000	   2267.525	   2269.925	   2291.081	   2303.190	      0.825	     -0.208	     -0.533	      0.000	
 08/23-14:23	2281.600	2285.200	2281.400	2283.600	           6084	    218.000	   2268.283	   2269.729	   2290.827	   2303.098	      0.759	     -0.196	     -0.525	      0.000	
 08/23-14:24	2283.800	2284.000	2281.600	2282.400	           3842	    219.000	   2269.100	   2269.529	   2290.548	   2303.005	      0.817	     -0.200	     -0.533	      0.000	
 08/23-14:25	2282.200	2283.400	2281.800	2282.600	           2654	    220.000	   2269.883	   2269.483	   2290.300	   2302.905	      0.783	     -0.046	     -0.527	      0.000	
 08/23-14:26	2283.000	2283.000	2280.600	2281.800	           3755	    221.000	   2270.692	   2269.450	   2290.046	   2302.800	      0.808	     -0.033	     -0.502	      0.000	
 08/23-14:27	2281.800	2284.600	2281.400	2284.400	           3092	    222.000	   2271.525	   2269.458	   2289.821	   2302.707	      0.833	      0.008	     -0.479	      0.000	
 08/23-14:28	2284.600	2285.600	2281.600	2282.000	           4166	    223.000	   2272.250	   2269.417	   2289.573	   2302.613	      0.725	     -0.042	     -0.473	      0.000	
 08/23-14:29	2282.000	2282.000	2278.400	2278.600	           3713	    224.000	   2272.833	   2269.375	   2289.292	   2302.502	      0.583	     -0.042	     -0.529	      0.000	
 08/23-14:30	2278.800	2283.800	2277.000	2283.000	           5613	    225.000	   2273.467	   2269.558	   2289.048	   2302.418	      0.633	      0.183	     -0.525	      0.000	
 08/23-14:31	2282.600	2282.800	2280.800	2282.000	           2040	    226.000	   2273.967	   2269.667	   2288.777	   2302.330	      0.500	      0.108	     -0.515	      0.000	
 08/23-14:32	2281.800	2281.800	2278.600	2281.000	           2896	    227.000	   2274.475	   2269.717	   2288.498	   2302.237	      0.509	      0.050	     -0.550	      0.000	
 08/23-14:33	2281.200	2282.200	2280.600	2281.400	           1981	    228.000	   2275.117	   2269.804	   2288.221	   2302.149	      0.642	      0.088	     -0.556	      0.000	
 08/23-14:34	2281.400	2282.600	2276.000	2279.200	           5372	    229.000	   2275.592	   2269.837	   2287.933	   2302.052	      0.475	      0.033	     -0.564	      0.000	
 08/23-14:35	2279.400	2287.400	2279.400	2286.000	           9098	    230.000	   2276.292	   2269.979	   2287.708	   2301.983	      0.700	      0.142	     -0.513	      0.000	
 08/23-14:36	2285.600	2289.000	2284.000	2289.000	           5537	    231.000	   2277.092	   2270.196	   2287.506	   2301.933	      0.800	      0.217	     -0.427	      0.000	
 08/23-14:37	2288.600	2293.600	2288.600	2291.400	           8817	    232.000	   2277.892	   2270.417	   2287.300	   2301.885	      0.800	      0.221	     -0.408	      0.000	
 08/23-14:38	2291.200	2291.200	2289.600	2290.000	           2714	    233.000	   2278.700	   2270.629	   2287.067	   2301.824	      0.808	      0.212	     -0.440	      0.000	
 08/23-14:39	2290.000	2291.600	2289.200	2290.400	           2820	    234.000	   2279.517	   2270.850	   2286.846	   2301.765	      0.817	      0.221	     -0.454	      0.000	
 08/23-14:40	2290.200	2290.200	2287.000	2289.000	           4266	    235.000	   2280.117	   2271.075	   2286.608	   2301.695	      0.600	      0.225	     -0.458	      0.000	
 08/23-14:41	2288.800	2293.200	2288.800	2291.600	           4826	    236.000	   2280.825	   2271.333	   2286.410	   2301.636	      0.708	      0.258	     -0.436	      0.000	
 08/23-14:42	2291.600	2291.600	2288.400	2290.600	           3020	    237.000	   2281.458	   2271.637	   2286.206	   2301.571	      0.633	      0.304	     -0.402	      0.000	
 08/23-14:43	2290.600	2292.200	2289.200	2292.200	           2592	    238.000	   2282.167	   2272.087	   2286.002	   2301.503	      0.708	      0.450	     -0.408	      0.000	
 08/23-14:44	2292.200	2292.200	2289.400	2290.200	           2127	    239.000	   2282.775	   2272.433	   2285.788	   2301.430	      0.608	      0.346	     -0.419	      0.000	
 08/23-14:45	2290.000	2291.200	2289.000	2289.800	           2585	    240.000	   2283.450	   2272.950	   2285.565	   2301.356	      0.675	      0.517	     -0.438	      0.000	
 08/23-14:46	2289.600	2292.800	2289.400	2292.200	           3239	    241.000	   2284.108	   2273.621	   2285.367	   2301.290	      0.658	      0.671	     -0.421	      0.000	
 08/23-14:47	2292.200	2294.000	2290.600	2290.800	           3968	    242.000	   2284.800	   2274.350	   2285.169	   2301.221	      0.692	      0.729	     -0.396	      0.000	
 08/23-14:48	2290.400	2291.600	2289.600	2291.200	           2403	    243.000	   2285.450	   2275.004	   2284.983	   2301.150	      0.650	      0.654	     -0.383	      0.000	
 08/23-14:49	2290.800	2291.400	2288.000	2289.200	           2961	    244.000	   2285.983	   2275.558	   2284.781	   2301.071	      0.533	      0.554	     -0.387	      0.000	
 08/23-14:50	2289.000	2290.000	2286.000	2286.800	           4114	    245.000	   2286.175	   2276.054	   2284.558	   2300.984	      0.192	      0.496	     -0.425	      0.000	
 08/23-14:51	2287.200	2291.000	2286.800	2289.200	           3004	    246.000	   2286.442	   2276.571	   2284.340	   2300.909	      0.267	      0.517	     -0.442	      0.000	
 08/23-14:52	2289.800	2290.200	2288.000	2288.600	           1806	    247.000	   2286.675	   2277.100	   2284.117	   2300.828	      0.233	      0.529	     -0.442	      0.000	
 08/23-14:53	2288.800	2290.600	2288.400	2290.600	           1434	    248.000	   2286.908	   2277.596	   2283.919	   2300.754	      0.233	      0.496	     -0.421	      0.000	
 08/23-14:54	2290.600	2290.600	2288.400	2289.000	           1685	    249.000	   2287.125	   2278.113	   2283.712	   2300.673	      0.217	      0.517	     -0.404	      0.000	
 08/23-14:55	2289.400	2290.000	2288.400	2288.800	           1296	    250.000	   2287.333	   2278.608	   2283.504	   2300.592	      0.208	      0.496	     -0.415	      0.000	
 08/23-14:56	2289.000	2289.000	2285.600	2286.600	           3268	    251.000	   2287.500	   2279.096	   2283.290	   2300.442	      0.167	      0.488	     -0.423	      0.000	
 08/23-14:57	2287.000	2289.400	2286.600	2289.000	           2141	    252.000	   2287.650	   2279.587	   2283.108	   2300.309	      0.150	      0.491	     -0.396	      0.000	
 08/23-14:58	2289.000	2289.400	2288.200	2288.800	           1622	    253.000	   2287.875	   2280.063	   2282.927	   2300.169	      0.225	      0.475	     -0.363	      0.000	
 08/23-14:59	2288.800	2289.400	2288.200	2289.200	            975	    254.000	   2288.233	   2280.533	   2282.762	   2300.031	      0.358	      0.471	     -0.346	      0.000	
 08/23-15:00	2289.200	2290.000	2288.800	2289.400	           1894	    255.000	   2288.442	   2280.954	   2282.590	   2299.891	      0.208	      0.421	     -0.337	      0.000	
 08/23-15:01	2289.400	2289.400	2285.200	2286.800	           4323	    256.000	   2288.600	   2281.283	   2282.385	   2299.740	      0.158	      0.329	     -0.377	      0.000	
 08/23-15:02	2286.600	2286.800	2284.800	2286.000	           2674	    257.000	   2288.767	   2281.621	   2282.183	   2299.584	      0.167	      0.337	     -0.406	      0.000	
 08/23-15:03	2286.000	2286.200	2284.000	2285.600	           2618	    258.000	   2288.908	   2282.012	   2281.965	   2299.435	      0.142	      0.392	     -0.421	      0.000	
 08/23-15:04	2285.200	2286.400	2285.200	2286.000	           1794	    259.000	   2289.133	   2282.363	   2281.752	   2299.289	      0.225	      0.350	     -0.431	      0.000	
 08/23-15:05	2286.000	2286.200	2284.400	2285.000	           1832	    260.000	   2289.100	   2282.696	   2281.544	   2299.136	     -0.033	      0.333	     -0.421	      0.000	
 08/23-15:06	2284.800	2285.600	2283.400	2283.600	           1862	    261.000	   2288.917	   2283.004	   2281.321	   2298.982	     -0.183	      0.308	     -0.431	      0.000	
 08/23-15:07	2283.400	2285.000	2282.800	2284.400	           2292	    262.000	   2288.692	   2283.292	   2281.100	   2298.827	     -0.225	      0.288	     -0.444	      0.000	
 08/23-15:08	2284.200	2284.400	2283.200	2283.400	           1322	    263.000	   2288.467	   2283.583	   2280.856	   2298.660	     -0.225	      0.292	     -0.465	      0.000	
 08/23-15:09	2283.600	2284.200	2282.400	2282.400	           1461	    264.000	   2288.200	   2283.858	   2280.604	   2298.490	     -0.267	      0.275	     -0.496	      0.000	
 08/23-15:10	2282.600	2283.800	2282.600	2283.400	           1254	    265.000	   2288.017	   2284.067	   2280.358	   2298.340	     -0.183	      0.208	     -0.498	      0.000	
 08/23-15:11	2283.400	2285.600	2283.200	2284.600	           2229	    266.000	   2287.783	   2284.304	   2280.121	   2298.186	     -0.233	      0.238	     -0.483	      0.000	
 08/23-15:12	2284.600	2284.800	2281.200	2281.400	           2401	    267.000	   2287.475	   2284.467	   2279.852	   2298.021	     -0.308	      0.162	     -0.506	      0.000	
 08/23-15:13	2281.200	2282.800	2281.200	2282.200	           1945	    268.000	   2287.133	   2284.650	   2279.606	   2297.861	     -0.342	      0.183	     -0.515	      0.000	
 08/23-15:14	2282.000	2282.000	2279.800	2280.600	           3931	    269.000	   2286.825	   2284.800	   2279.350	   2297.687	     -0.308	      0.150	     -0.502	      0.000	
 08/23-15:15	2279.800	2280.400	2278.200	2279.200	           4240	    270.000	   2286.467	   2284.958	   2279.090	   2297.515	     -0.358	      0.158	     -0.517	      0.000	