 07/26-09:16	2200.800	2201.400	2172.600	2196.800	          12652	      1.000	   2208.087	   2214.821	   2219.050	   2224.267	   2222.642	    -18.021	      0.000	      1.000	
 07/26-09:17	2197.000	2200.800	2192.800	2196.800	           5299	      2.000	   2204.925	   2214.033	   2218.707	   2223.912	   2222.472	    -17.233	      0.000	      0.000	
 07/26-09:18	2197.200	2197.200	2191.600	2194.600	           2924	      3.000	   2201.512	   2213.185	   2218.306	   2223.556	   2222.296	    -18.585	      0.000	      0.000	
 07/26-09:19	2194.400	2196.000	2192.400	2193.600	           1804	      4.000	   2198.325	   2212.315	   2217.827	   2223.198	   2222.140	    -18.715	      0.000	      0.000	
 07/26-09:20	2193.200	2196.000	2193.200	2193.800	           2157	      5.000	   2195.125	   2211.433	   2217.341	   2222.874	   2221.986	    -17.633	      0.000	      0.000	
 07/26-09:21	2195.000	2199.000	2193.600	2196.200	           5890	      6.000	   2195.000	   2210.673	   2216.877	   2222.540	   2221.845	    -14.473	      0.000	      0.000	
 07/26-09:22	2196.400	2199.600	2195.600	2199.400	           3739	      7.000	   2195.512	   2210.006	   2216.467	   2222.217	   2221.766	    -10.606	      0.000	      0.000	
 07/26-09:23	2199.400	2205.000	2198.800	2199.000	           4193	      8.000	   2196.400	   2209.340	   2216.123	   2221.890	   2221.710	    -10.340	      0.000	      0.000	
 07/26-09:24	2198.800	2201.200	2197.600	2199.000	           2219	      9.000	   2197.475	   2208.652	   2215.753	   2221.632	   2221.643	     -9.652	      0.000	      0.000	
 07/26-09:25	2198.800	2199.600	2196.000	2198.800	           2154	     10.000	   2198.475	   2207.954	   2215.420	   2221.307	   2221.587	     -9.154	      0.000	      0.000	
 07/26-09:26	2199.400	2201.200	2198.200	2200.600	           2173	     11.000	   2199.363	   2207.348	   2215.077	   2220.952	   2221.530	     -6.748	      0.000	      0.000	
 07/26-09:27	2200.400	2200.400	2186.200	2191.200	           7640	     12.000	   2197.725	   2206.454	   2214.597	   2220.553	   2221.438	    -15.254	      0.000	      0.000	
 07/26-09:28	2191.000	2192.000	2188.200	2191.200	           3586	     13.000	   2196.163	   2205.546	   2214.090	   2220.178	   2221.352	    -14.346	      0.000	      0.000	
 07/26-09:29	2191.200	2191.200	2189.000	2189.200	           1894	     14.000	   2194.200	   2204.646	   2213.456	   2219.806	   2221.240	    -15.446	      0.000	      0.000	
 07/26-09:30	2189.400	2195.600	2188.800	2195.600	           2265	     15.000	   2193.563	   2204.081	   2212.894	   2219.483	   2221.150	     -8.481	      0.000	      0.000	
 07/26-09:31	2196.200	2201.000	2196.000	2197.400	           4894	     16.000	   2192.913	   2203.594	   2212.333	   2219.180	   2221.058	     -6.194	      0.000	      0.000	
 07/26-09:32	2197.200	2198.200	2191.200	2195.000	           3277	     17.000	   2193.675	   2202.994	   2211.759	   2218.900	   2220.958	     -7.994	      0.000	      0.000	
 07/26-09:33	2194.600	2203.000	2194.200	2202.800	           4978	     18.000	   2196.000	   2202.667	   2211.320	   2218.673	   2220.898	      0.133	      0.000	      0.000	
 07/26-09:34	2203.600	2207.000	2202.200	2202.200	           5493	     19.000	   2198.600	   2202.306	   2210.976	   2218.405	   2220.828	     -0.106	      0.000	      0.000	
 07/26-09:35	2201.600	2205.000	2199.200	2203.600	           3890	     20.000	   2200.200	   2201.973	   2210.683	   2218.155	   2220.791	      1.627	      0.000	      0.000	
 07/26-09:36	2203.400	2203.800	2199.000	2200.400	           3719	     21.000	   2200.800	   2201.552	   2210.340	   2217.911	   2220.747	     -1.152	      0.000	      0.000	
 07/26-09:37	2200.200	2201.800	2196.800	2198.400	           3636	     22.000	   2201.488	   2201.027	   2209.938	   2217.615	   2220.692	     -2.627	      0.000	      0.000	
 07/26-09:38	2198.400	2199.800	2196.600	2199.400	           2362	     23.000	   2200.800	   2200.533	   2209.544	   2217.357	   2220.638	     -1.134	      0.000	      0.000	
 07/26-09:39	2199.600	2203.800	2192.200	2193.000	           4842	     24.000	   2198.962	   2199.879	   2209.036	   2217.035	   2220.556	     -6.879	      0.000	      0.000	
 07/26-09:40	2193.200	2194.000	2190.000	2190.400	           5241	     25.000	   2196.313	   2199.125	   2208.493	   2216.725	   2220.458	     -8.725	      0.000	      0.000	
 07/26-09:41	2191.000	2197.000	2190.600	2196.600	           4038	     26.000	   2195.563	   2198.621	   2208.033	   2216.482	   2220.374	     -2.021	      0.000	      0.000	
 07/26-09:42	2196.200	2196.200	2190.200	2192.000	           3735	     27.000	   2194.275	   2197.933	   2207.477	   2216.130	   2220.289	     -5.933	      0.000	      0.000	
 07/26-09:43	2191.600	2192.200	2188.200	2189.400	           4449	     28.000	   2192.275	   2197.192	   2206.917	   2215.750	   2220.180	     -7.792	      0.000	      0.000	
 07/26-09:44	2189.800	2194.000	2189.800	2192.000	           2818	     29.000	   2192.075	   2196.606	   2206.356	   2215.435	   2220.073	     -4.606	      0.000	      0.000	
 07/26-09:45	2192.200	2193.000	2188.000	2190.400	           3464	     30.000	   2192.087	   2195.960	   2205.791	   2215.073	   2219.947	     -5.561	      0.000	      0.000	
 07/26-09:46	2189.600	2195.800	2189.000	2195.800	           4224	     31.000	   2191.925	   2195.927	   2205.374	   2214.767	   2219.847	     -0.127	      0.000	      0.000	
 07/26-09:47	2196.000	2198.600	2195.400	2196.800	           4059	     32.000	   2192.875	   2195.925	   2204.979	   2214.507	   2219.752	      0.875	      0.000	      0.000	
 07/26-09:48	2197.000	2198.600	2196.400	2198.000	           2254	     33.000	   2194.600	   2196.040	   2204.613	   2214.228	   2219.664	      1.960	      0.000	      0.000	
 07/26-09:49	2197.800	2198.000	2196.000	2196.800	           2116	     34.000	   2195.563	   2196.146	   2204.230	   2213.953	   2219.566	      0.654	      0.000	      0.000	
 07/26-09:50	2196.600	2197.800	2194.200	2197.800	           2598	     35.000	   2197.038	   2196.279	   2203.856	   2213.717	   2219.482	      1.521	      0.000	      0.000	
 07/26-09:51	2197.400	2198.000	2194.200	2195.600	           2034	     36.000	   2197.000	   2196.260	   2203.467	   2213.484	   2219.390	     -0.660	      0.000	      0.000	
 07/26-09:52	2195.600	2199.800	2195.400	2197.400	           3402	     37.000	   2197.125	   2196.194	   2203.100	   2213.215	   2219.290	      1.206	      0.000	      0.000	
 07/26-09:53	2198.000	2202.400	2197.800	2199.200	           4405	     38.000	   2197.363	   2196.200	   2202.770	   2212.958	   2219.205	      3.000	      0.000	      0.000	
 07/26-09:54	2199.400	2202.200	2199.200	2201.200	           2918	     39.000	   2198.238	   2196.273	   2202.462	   2212.725	   2219.117	      4.927	      0.000	      0.000	
 07/26-09:55	2201.200	2205.000	2200.800	2204.400	           5357	     40.000	   2199.563	   2196.460	   2202.207	   2212.528	   2218.989	      7.939	      0.000	      0.000	
 07/26-09:56	2204.200	2205.800	2202.400	2204.200	           3791	     41.000	   2201.275	   2196.579	   2201.964	   2212.333	   2218.846	      7.621	      0.000	      0.000	
 07/26-09:57	2204.400	2205.000	2201.600	2203.800	           2972	     42.000	   2202.563	   2197.000	   2201.727	   2212.092	   2218.698	      6.800	      0.000	      0.000	
 07/26-09:58	2204.000	2207.800	2203.200	2205.400	           5171	     43.000	   2203.800	   2197.473	   2201.509	   2211.847	   2218.565	      7.927	      0.000	      0.000	
 07/26-09:59	2205.400	2205.800	2202.000	2204.000	           3068	     44.000	   2204.363	   2197.967	   2201.306	   2211.618	   2218.428	      6.033	      0.000	      0.000	
 07/26-10:00	2204.000	2208.000	2201.600	2208.000	           3514	     45.000	   2205.075	   2198.379	   2201.230	   2211.423	   2218.290	      9.621	      0.000	      0.000	
 07/26-10:01	2208.400	2216.000	2207.600	2213.600	          10571	     46.000	   2206.962	   2198.921	   2201.257	   2211.315	   2218.198	     14.679	      0.000	      0.000	
 07/26-10:02	2213.400	2215.400	2212.200	2212.400	           4317	     47.000	   2208.675	   2199.500	   2201.247	   2211.223	   2218.087	     12.900	      0.000	      0.000	
 07/26-10:03	2212.200	2215.000	2211.200	2214.200	           3250	     48.000	   2210.438	   2199.879	   2201.273	   2211.136	   2217.986	     14.321	      0.000	      0.000	
 07/26-10:04	2214.200	2218.000	2209.800	2210.200	           6913	     49.000	   2211.688	   2200.148	   2201.227	   2211.020	   2217.863	     10.052	      0.000	      0.000	
 07/26-10:05	2210.600	2215.000	2210.200	2211.200	           3815	     50.000	   2212.325	   2200.400	   2201.187	   2210.938	   2217.757	     10.800	      0.000	      0.000	
 07/26-10:06	2210.400	2210.600	2205.200	2207.200	           5596	     51.000	   2211.038	   2200.627	   2201.090	   2210.827	   2217.612	      6.573	      0.000	      0.000	
 07/26-10:07	2207.800	2211.000	2206.600	2210.000	           3169	     52.000	   2210.563	   2201.012	   2201.020	   2210.718	   2217.495	      8.988	      0.000	      0.000	
 07/26-10:08	2209.600	2213.000	2208.000	2211.200	           3230	     53.000	   2209.962	   2201.406	   2200.970	   2210.650	   2217.388	      9.794	      0.000	      0.000	
 07/26-10:09	2211.400	2212.400	2207.600	2209.000	           2463	     54.000	   2209.712	   2201.940	   2200.909	   2210.570	   2217.273	      7.060	      0.000	      0.000	
 07/26-10:10	2209.600	2213.800	2208.200	2210.000	           3537	     55.000	   2209.475	   2202.594	   2200.859	   2210.481	   2217.145	      7.406	      0.000	      0.000	
 07/26-10:11	2209.800	2212.200	2208.600	2211.000	           2157	     56.000	   2210.238	   2203.073	   2200.847	   2210.400	   2217.037	      7.927	      0.000	      0.000	
 07/26-10:12	2210.800	2213.400	2207.600	2207.800	           3482	     57.000	   2209.800	   2203.600	   2200.767	   2210.300	   2216.938	      4.200	      0.000	      0.000	
 07/26-10:13	2207.600	2207.600	2202.400	2203.800	           7433	     58.000	   2208.325	   2204.081	   2200.636	   2210.158	   2216.847	     -0.281	      0.000	      0.000	
 07/26-10:14	2204.000	2204.400	2201.800	2203.200	           3509	     59.000	   2207.163	   2204.454	   2200.530	   2210.013	   2216.754	     -1.254	      0.000	      0.000	
 07/26-10:15	2203.400	2205.400	2203.200	2204.600	           2245	     60.000	   2206.087	   2204.927	   2200.444	   2209.932	   2216.678	     -0.327	      0.000	      0.000	
 07/26-10:16	2204.600	2214.800	2203.600	2214.800	           5877	     61.000	   2206.837	   2205.558	   2200.743	   2209.896	   2216.640	      9.242	      0.000	      0.000	
 07/26-10:17	2214.200	2216.200	2213.000	2213.000	           7047	     62.000	   2207.875	   2206.100	   2201.012	   2209.860	   2216.602	      6.900	      0.000	      0.000	
 07/26-10:18	2213.000	2214.400	2212.200	2213.800	           3068	     63.000	   2209.875	   2206.627	   2201.333	   2209.820	   2216.566	      7.173	      0.000	      0.000	
 07/26-10:19	2213.200	2216.400	2212.000	2212.000	           3757	     64.000	   2211.637	   2207.133	   2201.640	   2209.733	   2216.536	      4.867	      0.000	      0.000	
 07/26-10:20	2211.800	2215.600	2211.800	2213.200	           2479	     65.000	   2213.350	   2207.646	   2201.962	   2209.652	   2216.506	      5.554	      0.000	      0.000	
 07/26-10:21	2212.800	2215.800	2211.800	2215.800	           2558	     66.000	   2213.563	   2208.319	   2202.290	   2209.583	   2216.486	      7.481	      0.000	      0.000	
 07/26-10:22	2215.400	2215.400	2210.400	2211.000	           3349	     67.000	   2213.163	   2208.773	   2202.483	   2209.475	   2216.449	      2.227	      0.000	      0.000	
 07/26-10:23	2210.600	2211.800	2208.000	2211.400	           3283	     68.000	   2212.688	   2209.181	   2202.691	   2209.407	   2216.410	      2.219	      0.000	      0.000	
 07/26-10:24	2211.800	2213.800	2210.400	2211.800	           2391	     69.000	   2212.637	   2209.533	   2202.903	   2209.328	   2216.372	      2.267	      0.000	      0.000	
 07/26-10:25	2211.800	2213.600	2208.000	2209.000	           2853	     70.000	   2211.800	   2209.685	   2203.073	   2209.246	   2216.321	     -0.685	      0.000	      0.000	
 07/26-10:26	2209.600	2210.600	2206.000	2206.200	           4304	     71.000	   2209.887	   2209.754	   2203.167	   2209.122	   2216.262	     -3.554	      0.000	      0.000	
 07/26-10:27	2206.400	2209.400	2206.400	2208.000	           2336	     72.000	   2209.288	   2209.894	   2203.447	   2209.022	   2216.207	     -1.894	      0.000	      0.000	
 07/26-10:28	2207.800	2209.600	2206.200	2207.600	           2396	     73.000	   2208.512	   2209.967	   2203.720	   2208.905	   2216.156	     -2.366	      0.000	      0.000	
 07/26-10:29	2207.600	2208.000	2203.400	2204.400	           4523	     74.000	   2207.050	   2209.981	   2203.974	   2208.715	   2216.086	     -5.581	      0.000	      0.000	
 07/26-10:30	2204.400	2204.800	2197.200	2197.200	           9202	     75.000	   2204.688	   2209.621	   2204.000	   2208.447	   2216.010	    -12.421	      0.000	      0.000	
 07/26-10:31	2197.000	2199.200	2197.000	2198.000	           4941	     76.000	   2203.038	   2209.100	   2204.010	   2208.172	   2215.954	    -11.100	      0.000	      0.000	
 07/26-10:32	2198.000	2202.400	2197.600	2199.600	           4629	     77.000	   2201.350	   2208.673	   2204.086	   2207.923	   2215.906	     -9.073	      0.000	      0.000	
 07/26-10:33	2199.400	2202.600	2198.800	2200.600	           2835	     78.000	   2199.962	   2208.221	   2204.050	   2207.685	   2215.882	     -7.621	      0.000	      0.000	
 07/26-10:34	2200.800	2203.400	2200.000	2201.600	           2371	     79.000	   2199.400	   2207.933	   2204.041	   2207.508	   2215.870	     -6.333	      0.000	      0.000	
 07/26-10:35	2201.200	2208.000	2201.200	2205.600	           5156	     80.000	   2201.075	   2207.746	   2204.073	   2207.378	   2215.869	     -2.146	      0.000	      0.000	
 07/26-10:36	2205.600	2207.400	2205.000	2205.000	           2510	     81.000	   2202.475	   2207.673	   2204.150	   2207.245	   2215.888	     -2.673	      0.000	      0.000	
 07/26-10:37	2205.200	2206.200	2198.800	2199.600	           4901	     82.000	   2202.488	   2207.327	   2204.170	   2207.054	   2215.905	     -7.727	      0.000	      0.000	
 07/26-10:38	2200.000	2201.600	2198.600	2199.400	           3415	     83.000	   2202.238	   2206.933	   2204.170	   2206.857	   2215.921	     -7.533	      0.000	      0.000	
 07/26-10:39	2199.400	2203.400	2199.400	2201.600	           3482	     84.000	   2202.238	   2206.688	   2204.313	   2206.675	   2215.927	     -5.087	      0.000	      0.000	
 07/26-10:40	2202.200	2204.600	2201.600	2202.200	           2618	     85.000	   2201.563	   2206.427	   2204.510	   2206.501	   2215.935	     -4.227	      0.000	      0.000	
 07/26-10:41	2202.400	2202.400	2197.600	2198.800	           3983	     86.000	   2200.325	   2206.021	   2204.547	   2206.290	   2215.930	     -7.221	      0.000	      0.000	
 07/26-10:42	2198.600	2202.600	2198.400	2198.400	           2658	     87.000	   2200.075	   2205.706	   2204.653	   2206.065	   2215.907	     -7.306	      0.000	      0.000	
 07/26-10:43	2198.800	2200.000	2196.400	2198.800	           3359	     88.000	   2199.962	   2205.540	   2204.810	   2205.864	   2215.873	     -6.740	      0.000	      0.000	
 07/26-10:44	2198.600	2199.000	2193.000	2194.200	           4269	     89.000	   2198.475	   2205.240	   2204.847	   2205.602	   2215.825	    -11.040	      0.000	      0.000	
 07/26-10:45	2194.600	2197.000	2194.000	2194.200	           3749	     90.000	   2196.875	   2204.892	   2204.909	   2205.350	   2215.772	    -10.692	      0.000	      0.000	
 07/26-10:46	2194.000	2197.800	2193.400	2195.600	           3441	     91.000	   2196.238	   2204.254	   2204.906	   2205.140	   2215.724	     -8.654	      0.000	      0.000	
 07/26-10:47	2195.800	2197.000	2194.200	2196.400	           2022	     92.000	   2195.837	   2203.700	   2204.900	   2204.940	   2215.677	     -7.300	      0.000	      0.000	
 07/26-10:48	2196.400	2198.600	2195.600	2197.200	           2652	     93.000	   2195.525	   2203.148	   2204.887	   2204.750	   2215.611	     -5.948	      0.000	      0.000	
 07/26-10:49	2197.400	2198.600	2196.800	2197.400	           1983	     94.000	   2196.163	   2202.660	   2204.897	   2204.563	   2215.549	     -5.260	      0.000	      0.000	
 07/26-10:50	2197.200	2203.400	2196.400	2202.000	           4365	     95.000	   2197.725	   2202.288	   2204.967	   2204.411	   2215.507	     -0.288	      0.000	      0.000	
 07/26-10:51	2201.800	2202.200	2200.800	2202.000	           2604	     96.000	   2199.000	   2201.827	   2205.073	   2204.270	   2215.467	      0.173	      0.000	      0.000	
 07/26-10:52	2201.800	2202.400	2200.000	2202.200	           2138	     97.000	   2200.163	   2201.533	   2205.153	   2204.126	   2215.433	      0.667	      0.000	      0.000	
 07/26-10:53	2201.400	2203.000	2200.200	2202.800	           2377	     98.000	   2201.275	   2201.246	   2205.214	   2203.992	   2215.402	      1.554	      0.000	      0.000	
 07/26-10:54	2202.200	2202.200	2195.400	2198.000	           4061	     99.000	   2201.400	   2200.788	   2205.160	   2203.812	   2215.351	     -2.788	      0.000	      0.000	
 07/26-10:55	2198.000	2200.600	2196.600	2198.400	           2389	    100.000	   2200.675	   2200.433	   2205.059	   2203.633	   2215.312	     -2.033	      0.000	      0.000	
 07/26-10:56	2198.400	2200.800	2197.200	2200.800	           2203	    101.000	   2200.438	   2200.252	   2205.003	   2203.483	   2215.246	      0.548	      0.000	      0.000	
 07/26-10:57	2200.800	2202.400	2200.000	2201.400	           2134	    102.000	   2200.288	   2200.033	   2204.964	   2203.345	   2215.170	      1.366	      0.000	      0.000	
 07/26-10:58	2201.200	2201.400	2199.000	2199.400	           1625	    103.000	   2199.600	   2199.760	   2204.864	   2203.187	   2215.078	     -0.361	      0.000	      0.000	
 07/26-10:59	2199.600	2202.000	2199.200	2202.000	           2038	    104.000	   2200.400	   2199.679	   2204.830	   2203.068	   2214.995	      2.321	      0.000	      0.000	
 07/26-11:00	2202.000	2202.000	2196.400	2198.800	           3662	    105.000	   2200.488	   2199.733	   2204.677	   2202.954	   2214.911	     -0.933	      0.000	      0.000	
 07/26-11:01	2198.800	2200.000	2196.600	2197.000	           2112	    106.000	   2199.725	   2199.700	   2204.400	   2202.829	   2214.817	     -2.700	      0.000	      0.000	
 07/26-11:02	2197.200	2198.200	2195.400	2195.400	           2275	    107.000	   2198.512	   2199.560	   2204.117	   2202.682	   2214.713	     -4.160	      0.000	      0.000	
 07/26-11:03	2195.600	2196.800	2191.000	2191.200	           5235	    108.000	   2196.875	   2199.246	   2203.733	   2202.503	   2214.594	     -8.046	      0.000	      0.000	
 07/26-11:04	2191.600	2193.000	2190.600	2192.400	           3937	    109.000	   2194.962	   2198.940	   2203.437	   2202.332	   2214.483	     -6.540	      0.000	      0.000	
 07/26-11:05	2192.600	2193.600	2189.600	2190.800	           4184	    110.000	   2193.363	   2198.448	   2203.097	   2202.142	   2214.331	     -7.648	      0.000	      0.000	
 07/26-11:06	2190.600	2190.600	2182.800	2184.200	           9197	    111.000	   2190.800	   2197.754	   2202.714	   2201.902	   2214.148	    -13.554	      0.000	      0.000	
 07/26-11:07	2184.000	2186.600	2183.400	2186.200	           4340	    112.000	   2188.962	   2197.306	   2202.317	   2201.668	   2213.974	    -11.106	      0.000	      0.000	
 07/26-11:08	2186.000	2186.000	2181.600	2184.600	           5373	    113.000	   2187.650	   2196.815	   2201.874	   2201.422	   2213.789	    -12.215	      0.000	      0.000	
 07/26-11:09	2184.600	2186.200	2180.600	2184.200	           5052	    114.000	   2186.000	   2196.233	   2201.460	   2201.185	   2213.604	    -12.033	      0.000	      0.000	
 07/26-11:10	2184.600	2185.800	2182.800	2185.800	           3123	    115.000	   2185.000	   2195.688	   2201.057	   2200.958	   2213.441	     -9.887	      0.000	      0.000	
 07/26-11:11	2185.400	2190.000	2184.600	2190.000	           4975	    116.000	   2186.163	   2195.394	   2200.707	   2200.777	   2213.309	     -5.394	      0.000	      0.000	
 07/26-11:12	2190.400	2196.000	2189.600	2193.400	           7217	    117.000	   2187.600	   2195.227	   2200.467	   2200.617	   2213.193	     -1.827	      0.000	      0.000	
 07/26-11:13	2193.400	2194.000	2192.200	2193.000	           2989	    118.000	   2189.275	   2195.033	   2200.286	   2200.461	   2213.079	     -2.033	      0.000	      0.000	
 07/26-11:14	2193.000	2193.000	2191.400	2192.400	           1816	    119.000	   2190.913	   2194.973	   2200.106	   2200.318	   2212.969	     -2.573	      0.000	      0.000	
 07/26-11:15	2192.400	2193.800	2191.200	2192.000	           2287	    120.000	   2192.150	   2194.900	   2199.896	   2200.170	   2212.875	     -2.900	      0.000	      0.000	
 07/26-11:16	2191.600	2193.000	2190.200	2191.400	           2102	    121.000	   2192.438	   2194.760	   2199.507	   2200.125	   2212.782	     -3.361	      0.000	      0.000	
 07/26-11:17	2191.400	2192.600	2191.000	2191.600	           1370	    122.000	   2192.075	   2194.600	   2199.150	   2200.081	   2212.686	     -3.000	      0.000	      0.000	
 07/26-11:18	2191.800	2192.400	2188.000	2188.000	           3269	    123.000	   2191.075	   2194.292	   2198.720	   2200.027	   2212.562	     -6.292	      0.000	      0.000	
 07/26-11:19	2188.000	2189.000	2186.400	2189.000	           3047	    124.000	   2190.400	   2194.012	   2198.336	   2199.988	   2212.443	     -5.012	      0.000	      0.000	
 07/26-11:20	2188.800	2192.800	2186.800	2187.800	           3418	    125.000	   2189.563	   2193.540	   2197.914	   2199.938	   2212.311	     -5.740	      0.000	      0.000	
 07/26-11:21	2187.800	2190.600	2187.800	2189.400	           1915	    126.000	   2189.163	   2193.121	   2197.474	   2199.882	   2212.183	     -3.721	      0.000	      0.000	
 07/26-11:22	2189.200	2190.400	2185.800	2186.000	           2853	    127.000	   2188.050	   2192.581	   2197.057	   2199.770	   2212.014	     -6.581	      0.000	      0.000	
 07/26-11:23	2185.800	2186.600	2177.000	2177.400	           8988	    128.000	   2185.925	   2191.733	   2196.490	   2199.590	   2211.782	    -14.333	      0.000	      0.000	
 07/26-11:24	2178.000	2181.000	2177.600	2181.000	           4473	    129.000	   2184.325	   2191.167	   2195.977	   2199.440	   2211.562	    -10.167	      0.000	      0.000	
 07/26-11:25	2180.800	2183.600	2180.000	2183.600	           4657	    130.000	   2183.488	   2190.675	   2195.554	   2199.313	   2211.359	     -7.075	      0.000	      0.000	
 07/26-11:26	2183.600	2191.800	2183.600	2187.400	           7147	    131.000	   2183.075	   2190.227	   2195.240	   2199.203	   2211.153	     -2.827	      0.000	      0.000	
 07/26-11:27	2187.600	2189.800	2187.400	2188.200	           2952	    132.000	   2183.512	   2189.785	   2194.909	   2199.178	   2210.948	     -1.585	      0.000	      0.000	
 07/26-11:28	2188.000	2188.800	2186.000	2188.000	           2102	    133.000	   2185.637	   2189.406	   2194.583	   2199.152	   2210.751	     -1.406	      0.000	      0.000	
 07/26-11:29	2188.000	2190.000	2187.800	2189.800	           2796	    134.000	   2187.400	   2189.000	   2194.340	   2199.157	   2210.564	      0.800	      0.000	      0.000	
 07/26-11:30	2190.000	2190.000	2185.800	2187.000	           3003	    135.000	   2188.075	   2188.606	   2194.170	   2199.085	   2210.381	     -1.606	      0.000	      0.000	
 07/26-13:01	2187.200	2189.400	2186.200	2188.200	           2475	    136.000	   2188.238	   2188.313	   2194.006	   2199.008	   2210.189	     -0.113	      0.000	      0.000	
 07/26-13:02	2188.400	2192.000	2188.200	2190.400	           2371	    137.000	   2188.688	   2188.148	   2193.854	   2198.970	   2209.998	      2.252	      0.000	      0.000	
 07/26-13:03	2190.400	2190.600	2187.000	2187.600	           1824	    138.000	   2188.600	   2188.027	   2193.636	   2198.843	   2209.795	     -0.427	      0.000	      0.000	
 07/26-13:04	2187.400	2188.200	2184.200	2184.400	           2449	    139.000	   2187.525	   2187.760	   2193.350	   2198.695	   2209.613	     -3.361	      0.000	      0.000	
 07/26-13:05	2184.200	2186.800	2183.600	2186.200	           1824	    140.000	   2187.363	   2187.606	   2193.027	   2198.550	   2209.406	     -1.406	      0.000	      0.000	
 07/26-13:06	2186.000	2186.800	2184.000	2184.400	           1439	    141.000	   2186.600	   2187.613	   2192.683	   2198.417	   2209.171	     -3.213	      0.000	      0.000	
 07/26-13:07	2184.600	2184.800	2182.400	2184.600	           2237	    142.000	   2185.438	   2187.560	   2192.433	   2198.302	   2208.954	     -2.960	      0.000	      0.000	
 07/26-13:08	2184.800	2186.200	2183.000	2183.800	           2076	    143.000	   2184.688	   2187.533	   2192.174	   2198.172	   2208.744	     -3.733	      0.000	      0.000	
 07/26-13:09	2183.800	2188.600	2183.800	2186.800	           2682	    144.000	   2185.150	   2187.619	   2191.926	   2198.120	   2208.556	     -0.819	      0.000	      0.000	
 07/26-13:10	2186.600	2189.800	2184.800	2188.000	           2896	    145.000	   2185.512	   2187.692	   2191.690	   2198.100	   2208.370	      0.308	      0.000	      0.000	
 07/26-13:11	2187.800	2194.000	2187.200	2192.400	           5238	    146.000	   2187.125	   2187.773	   2191.583	   2198.065	   2208.205	      4.627	      0.000	      0.000	
 07/26-13:12	2192.200	2192.400	2190.600	2190.800	           1748	    147.000	   2188.363	   2187.688	   2191.457	   2198.055	   2208.054	      3.113	      0.000	      0.000	
 07/26-13:13	2190.800	2192.800	2190.200	2192.000	           2080	    148.000	   2190.000	   2187.654	   2191.344	   2198.077	   2207.902	      4.346	      0.000	      0.000	
 07/26-13:14	2192.000	2193.600	2191.000	2191.200	           2424	    149.000	   2190.887	   2187.615	   2191.294	   2198.070	   2207.729	      3.585	      0.000	      0.000	
 07/26-13:15	2191.400	2191.800	2189.400	2191.000	           2233	    150.000	   2191.488	   2187.581	   2191.241	   2198.075	   2207.559	      3.419	      0.000	      0.000	
 07/26-13:16	2191.000	2192.800	2190.400	2192.000	           1698	    151.000	   2191.400	   2187.600	   2191.180	   2198.043	   2207.408	      4.400	      0.000	      0.000	
 07/26-13:17	2191.600	2193.600	2191.000	2193.400	           2426	    152.000	   2191.913	   2187.660	   2191.130	   2198.015	   2207.246	      5.740	      0.000	      0.000	
 07/26-13:18	2193.600	2193.600	2191.600	2192.200	           1766	    153.000	   2191.950	   2187.800	   2191.046	   2197.967	   2207.093	      4.400	      0.000	      0.000	
 07/26-13:19	2192.400	2192.400	2189.600	2191.000	           2521	    154.000	   2191.913	   2187.867	   2190.940	   2197.918	   2206.930	      3.133	      0.000	      0.000	
 07/26-13:20	2191.000	2191.800	2189.800	2191.800	           1679	    155.000	   2192.075	   2188.000	   2190.770	   2197.868	   2206.787	      3.800	      0.000	      0.000	
 07/26-13:21	2191.600	2192.800	2190.400	2190.400	           1884	    156.000	   2191.762	   2188.033	   2190.577	   2197.825	   2206.646	      2.366	      0.000	      0.000	
 07/26-13:22	2190.600	2190.600	2187.000	2188.400	           3996	    157.000	   2190.762	   2188.113	   2190.347	   2197.750	   2206.462	      0.287	      0.000	      0.000	
 07/26-13:23	2188.400	2191.600	2188.400	2189.000	           2660	    158.000	   2190.125	   2188.500	   2190.117	   2197.665	   2206.278	      0.500	      0.000	      0.000	
 07/26-13:24	2189.000	2189.800	2188.400	2189.400	           1289	    159.000	   2189.800	   2188.779	   2189.973	   2197.567	   2206.117	      0.621	      0.000	      0.000	
 07/26-13:25	2189.400	2192.000	2189.400	2191.200	           2167	    160.000	   2189.688	   2189.033	   2189.854	   2197.457	   2205.947	      2.167	      0.000	      0.000	
 07/26-13:26	2191.400	2199.000	2191.400	2196.800	           9740	    161.000	   2190.950	   2189.346	   2189.786	   2197.395	   2205.803	      7.454	      0.000	      0.000	
 07/26-13:27	2196.800	2198.800	2196.200	2197.400	           4604	    162.000	   2192.762	   2189.654	   2189.720	   2197.342	   2205.681	      7.746	      0.000	      0.000	
 07/26-13:28	2197.000	2198.800	2196.800	2196.800	           2924	    163.000	   2194.325	   2189.948	   2189.677	   2197.270	   2205.542	      6.852	      0.000	      0.000	
 07/26-13:29	2196.800	2199.200	2196.200	2197.200	           3200	    164.000	   2195.887	   2190.194	   2189.597	   2197.214	   2205.412	      7.006	      0.000	      0.000	
 07/26-13:30	2197.600	2202.000	2197.400	2202.000	           6599	    165.000	   2198.038	   2190.694	   2189.650	   2197.164	   2205.315	     11.306	      0.000	      0.000	
 07/26-13:31	2201.800	2201.800	2199.000	2199.400	           2434	    166.000	   2198.563	   2191.067	   2189.690	   2197.045	   2205.218	      8.333	      0.000	      0.000	
 07/26-13:32	2199.000	2200.400	2197.800	2197.800	           3398	    167.000	   2198.637	   2191.313	   2189.730	   2196.923	   2205.091	      6.488	      0.000	      0.000	
 07/26-13:33	2197.800	2199.800	2196.600	2198.800	           3224	    168.000	   2199.038	   2191.688	   2189.857	   2196.795	   2204.967	      7.113	      0.000	      0.000	
 07/26-13:34	2199.000	2201.000	2195.400	2197.000	           4499	    169.000	   2199.000	   2192.106	   2189.933	   2196.685	   2204.838	      4.894	      0.000	      0.000	
 07/26-13:35	2197.000	2199.000	2196.400	2198.600	           1869	    170.000	   2198.313	   2192.519	   2190.063	   2196.580	   2204.720	      6.081	      0.000	      0.000	
 07/26-13:36	2199.000	2199.000	2195.800	2197.600	           2024	    171.000	   2197.962	   2192.960	   2190.286	   2196.500	   2204.600	      4.640	      0.000	      0.000	
 07/26-13:37	2197.400	2197.400	2196.000	2197.000	           1915	    172.000	   2197.800	   2193.373	   2190.467	   2196.392	   2204.457	      3.627	      0.000	      0.000	
 07/26-13:38	2197.000	2198.400	2196.000	2198.400	           2280	    173.000	   2197.712	   2193.858	   2190.696	   2196.285	   2204.311	      4.542	      0.000	      0.000	
 07/26-13:39	2198.600	2203.000	2198.200	2201.400	           5592	    174.000	   2198.587	   2194.346	   2190.982	   2196.221	   2204.191	      7.054	      0.000	      0.000	
 07/26-13:40	2201.200	2201.600	2199.400	2200.600	           2652	    175.000	   2199.000	   2194.767	   2191.229	   2196.143	   2204.068	      5.833	      0.000	      0.000	
 07/26-13:41	2200.400	2201.400	2198.600	2199.400	           2559	    176.000	   2199.350	   2194.998	   2191.385	   2196.046	   2203.959	      4.402	      0.000	      0.000	
 07/26-13:42	2199.400	2201.200	2199.200	2200.800	           1867	    177.000	   2200.125	   2195.333	   2191.510	   2195.989	   2203.869	      5.467	      0.000	      0.000	
 07/26-13:43	2201.000	2201.200	2199.800	2200.000	           1610	    178.000	   2200.450	   2195.600	   2191.627	   2195.957	   2203.771	      4.400	      0.000	      0.000	
 07/26-13:44	2200.400	2200.400	2196.200	2196.600	           3990	    179.000	   2199.500	   2195.781	   2191.698	   2195.902	   2203.660	      0.819	      0.000	      0.000	
 07/26-13:45	2196.600	2199.600	2195.600	2199.400	           2919	    180.000	   2199.250	   2196.060	   2191.821	   2195.858	   2203.574	      3.340	      0.000	      0.000	
 07/26-13:46	2199.800	2201.000	2195.800	2195.800	           3039	    181.000	   2198.525	   2196.185	   2191.893	   2195.700	   2203.474	     -0.385	      0.000	      0.000	
 07/26-13:47	2195.600	2195.600	2192.800	2194.000	           5338	    182.000	   2197.150	   2196.206	   2191.933	   2195.542	   2203.358	     -2.206	      0.000	      0.000	
 07/26-13:48	2194.000	2194.600	2192.400	2192.400	           2578	    183.000	   2195.625	   2196.212	   2192.006	   2195.363	   2203.250	     -3.813	      0.000	      0.000	
 07/26-13:49	2192.800	2195.000	2192.400	2194.200	           2700	    184.000	   2195.150	   2196.321	   2192.094	   2195.215	   2203.153	     -2.121	      0.000	      0.000	
 07/26-13:50	2194.200	2197.000	2193.800	2195.600	           3055	    185.000	   2194.400	   2196.448	   2192.224	   2195.069	   2203.053	     -0.848	      0.000	      0.000	
 07/26-13:51	2195.800	2196.400	2194.200	2195.400	           1559	    186.000	   2194.325	   2196.613	   2192.323	   2194.898	   2202.951	     -1.213	      0.000	      0.000	
 07/26-13:52	2195.600	2196.400	2194.800	2196.200	           1317	    187.000	   2194.775	   2196.875	   2192.494	   2194.776	   2202.857	     -0.675	      0.000	      0.000	
 07/26-13:53	2195.800	2198.600	2193.800	2193.800	           3399	    188.000	   2195.050	   2197.033	   2192.767	   2194.628	   2202.749	     -3.233	      0.000	      0.000	
 07/26-13:54	2193.800	2197.200	2193.200	2196.200	           2856	    189.000	   2195.450	   2197.262	   2193.021	   2194.499	   2202.652	     -1.063	      0.000	      0.000	
 07/26-13:55	2196.400	2197.200	2194.600	2195.600	           1347	    190.000	   2195.425	   2197.404	   2193.219	   2194.386	   2202.576	     -1.804	      0.000	      0.000	
 07/26-13:56	2195.400	2197.200	2194.400	2195.600	           1691	    191.000	   2195.475	   2197.367	   2193.356	   2194.298	   2202.482	     -1.767	      0.000	      0.000	
 07/26-13:57	2195.600	2207.400	2194.400	2207.400	           9401	    192.000	   2197.700	   2197.698	   2193.676	   2194.293	   2202.442	      9.702	      0.000	      0.000	
 07/26-13:58	2207.400	2209.000	2205.000	2206.600	           8352	    193.000	   2200.275	   2198.025	   2193.987	   2194.285	   2202.394	      8.575	      0.000	      0.000	
 07/26-13:59	2206.200	2208.600	2206.200	2207.800	           3416	    194.000	   2202.600	   2198.381	   2194.288	   2194.313	   2202.336	      9.419	      0.000	      0.000	
 07/26-14:00	2208.000	2209.800	2206.600	2207.200	           4418	    195.000	   2204.925	   2198.552	   2194.623	   2194.396	   2202.273	      8.648	      0.000	      0.000	
 07/26-14:01	2207.200	2210.400	2206.400	2208.400	           4993	    196.000	   2207.475	   2198.852	   2194.959	   2194.483	   2202.210	      9.548	      0.000	      0.000	
 07/26-14:02	2208.800	2209.000	2207.000	2208.600	           2585	    197.000	   2207.725	   2199.212	   2195.262	   2194.558	   2202.149	      9.388	      0.000	      0.000	
 07/26-14:03	2208.400	2208.400	2205.600	2206.600	           3003	    198.000	   2207.725	   2199.473	   2195.580	   2194.608	   2202.097	      7.127	      0.000	      0.000	
 07/26-14:04	2206.600	2207.200	2204.400	2204.800	           3615	    199.000	   2207.100	   2199.731	   2195.919	   2194.634	   2202.031	      5.069	      0.000	      0.000	
 07/26-14:05	2204.600	2206.800	2204.400	2206.000	           2396	    200.000	   2206.875	   2199.979	   2196.249	   2194.638	   2201.980	      6.021	      0.000	      0.000	
 07/26-14:06	2205.800	2207.200	2204.000	2206.200	           2611	    201.000	   2206.450	   2200.267	   2196.614	   2194.648	   2201.920	      5.933	      0.000	      0.000	
 07/26-14:07	2206.200	2206.400	2204.200	2204.800	           1801	    202.000	   2205.675	   2200.525	   2196.949	   2194.691	   2201.859	      4.275	      0.000	      0.000	
 07/26-14:08	2204.600	2206.400	2204.600	2205.000	           1729	    203.000	   2205.350	   2200.746	   2197.302	   2194.738	   2201.792	      4.254	      0.000	      0.000	
 07/26-14:09	2205.000	2207.600	2203.600	2206.800	           3747	    204.000	   2205.775	   2200.929	   2197.637	   2194.782	   2201.711	      5.871	      0.000	      0.000	
 07/26-14:10	2206.800	2209.400	2205.400	2208.400	           3675	    205.000	   2206.250	   2201.188	   2197.977	   2194.833	   2201.627	      7.212	      0.000	      0.000	
 07/26-14:11	2208.400	2212.200	2207.600	2211.000	           5208	    206.000	   2207.200	   2201.575	   2198.286	   2194.935	   2201.547	      9.425	      0.000	      0.000	
 07/26-14:12	2210.600	2210.800	2208.200	2208.600	           3388	    207.000	   2207.975	   2201.833	   2198.583	   2195.020	   2201.464	      6.767	      0.000	      0.000	
 07/26-14:13	2208.800	2209.400	2205.200	2205.200	           3064	    208.000	   2208.000	   2202.004	   2198.802	   2195.073	   2201.368	      3.196	      0.000	      0.000	
 07/26-14:14	2205.200	2205.200	2201.000	2202.400	           6471	    209.000	   2207.125	   2202.200	   2198.991	   2195.142	   2201.287	      0.200	      0.000	      0.000	
 07/26-14:15	2202.400	2203.800	2200.200	2200.800	           3956	    210.000	   2205.600	   2202.246	   2199.153	   2195.197	   2201.205	     -1.446	      0.000	      0.000	
 07/26-14:16	2200.600	2203.000	2200.200	2202.400	           2738	    211.000	   2203.875	   2202.467	   2199.326	   2195.253	   2201.130	     -0.067	      0.000	      0.000	
 07/26-14:17	2202.600	2206.400	2202.200	2205.200	           2669	    212.000	   2203.200	   2202.842	   2199.524	   2195.327	   2201.061	      2.358	      0.000	      0.000	
 07/26-14:18	2205.400	2206.200	2204.200	2205.400	           2524	    213.000	   2203.250	   2203.275	   2199.744	   2195.395	   2200.990	      2.125	      0.000	      0.000	
 07/26-14:19	2205.400	2205.600	2202.600	2205.400	           2491	    214.000	   2203.825	   2203.646	   2199.983	   2195.461	   2200.918	      1.754	      0.000	      0.000	
 07/26-14:20	2205.600	2205.600	2201.000	2203.400	           3110	    215.000	   2204.350	   2203.904	   2200.176	   2195.473	   2200.840	     -0.504	      0.000	      0.000	
 07/26-14:21	2203.400	2203.600	2201.600	2202.800	           1703	    216.000	   2204.450	   2204.154	   2200.383	   2195.480	   2200.754	     -1.354	      0.000	      0.000	
 07/26-14:22	2203.200	2207.600	2203.200	2206.000	           3337	    217.000	   2204.600	   2204.479	   2200.677	   2195.512	   2200.677	      1.521	      0.000	      0.000	
 07/26-14:23	2206.000	2206.000	2201.800	2202.600	           2560	    218.000	   2204.050	   2204.775	   2200.904	   2195.510	   2200.595	     -2.175	      0.000	      0.000	
 07/26-14:24	2202.400	2202.400	2197.000	2197.800	           6948	    219.000	   2202.525	   2204.825	   2201.044	   2195.508	   2200.484	     -7.025	      0.000	      0.000	
 07/26-14:25	2198.200	2199.000	2197.000	2198.000	           2953	    220.000	   2201.450	   2204.908	   2201.156	   2195.505	   2200.378	     -6.908	      0.000	      0.000	
 07/26-14:26	2198.000	2198.800	2196.400	2198.000	           2678	    221.000	   2200.475	   2204.988	   2201.177	   2195.482	   2200.287	     -6.988	      0.000	      0.000	
 07/26-14:27	2197.600	2200.000	2197.400	2199.600	           2190	    222.000	   2199.200	   2204.729	   2201.214	   2195.467	   2200.204	     -5.129	      0.000	      0.000	
 07/26-14:28	2199.600	2199.800	2197.600	2197.600	           1601	    223.000	   2198.200	   2204.429	   2201.227	   2195.452	   2200.115	     -6.829	      0.000	      0.000	
 07/26-14:29	2197.600	2198.200	2196.000	2196.200	           3064	    224.000	   2197.875	   2204.038	   2201.209	   2195.403	   2200.020	     -7.838	      0.000	      0.000	
 07/26-14:30	2196.200	2196.600	2191.200	2191.800	           6787	    225.000	   2196.650	   2203.529	   2201.041	   2195.345	   2199.906	    -11.729	      0.000	      0.000	
 07/26-14:31	2192.000	2193.000	2191.600	2192.400	           2693	    226.000	   2195.525	   2202.996	   2200.924	   2195.307	   2199.800	    -10.596	      0.000	      0.000	
 07/26-14:32	2192.000	2194.800	2191.800	2194.800	           3004	    227.000	   2194.550	   2202.533	   2200.873	   2195.302	   2199.701	     -7.733	      0.000	      0.000	
 07/26-14:33	2194.800	2195.200	2192.400	2192.400	           2461	    228.000	   2193.500	   2202.058	   2200.766	   2195.312	   2199.595	     -9.658	      0.000	      0.000	
 07/26-14:34	2192.400	2194.600	2191.600	2193.600	           2682	    229.000	   2193.000	   2201.688	   2200.709	   2195.321	   2199.491	     -8.087	      0.000	      0.000	
 07/26-14:35	2193.800	2196.200	2193.600	2194.400	           2551	    230.000	   2193.500	   2201.300	   2200.640	   2195.351	   2199.389	     -6.900	      0.000	      0.000	
 07/26-14:36	2194.600	2196.000	2194.000	2194.200	           1382	    231.000	   2193.875	   2200.900	   2200.583	   2195.435	   2199.291	     -6.700	      0.000	      0.000	
 07/26-14:37	2194.000	2194.800	2193.600	2193.600	           1396	    232.000	   2193.650	   2200.529	   2200.527	   2195.497	   2199.194	     -6.929	      0.000	      0.000	
 07/26-14:38	2193.400	2195.800	2193.200	2195.600	           1999	    233.000	   2194.300	   2200.217	   2200.481	   2195.589	   2199.103	     -4.616	      0.000	      0.000	
 07/26-14:39	2196.000	2196.000	2192.800	2192.800	           2383	    234.000	   2194.125	   2199.746	   2200.337	   2195.660	   2199.009	     -6.946	      0.000	      0.000	
 07/26-14:40	2192.400	2193.800	2191.200	2192.800	           3324	    235.000	   2193.800	   2199.225	   2200.206	   2195.718	   2198.929	     -6.425	      0.000	      0.000	
 07/26-14:41	2193.000	2193.000	2189.000	2189.800	           4952	    236.000	   2192.925	   2198.521	   2200.048	   2195.717	   2198.841	     -8.721	      0.000	      0.000	
 07/26-14:42	2190.000	2192.600	2189.800	2192.200	           2765	    237.000	   2192.625	   2197.971	   2199.902	   2195.706	   2198.758	     -5.771	      0.000	      0.000	
 07/26-14:43	2192.400	2194.400	2192.400	2194.000	           2313	    238.000	   2192.300	   2197.600	   2199.802	   2195.715	   2198.683	     -3.600	      0.000	      0.000	
 07/26-14:44	2194.200	2195.400	2192.800	2195.000	           2641	    239.000	   2192.750	   2197.350	   2199.775	   2195.737	   2198.611	     -2.350	      0.000	      0.000	
 07/26-14:45	2194.800	2195.000	2194.000	2194.600	           1272	    240.000	   2193.125	   2197.146	   2199.696	   2195.758	   2198.535	     -2.546	      0.000	      0.000	
 07/26-14:46	2194.800	2195.600	2194.000	2194.200	           1284	    241.000	   2194.000	   2196.875	   2199.671	   2195.782	   2198.460	     -2.675	      0.000	      0.000	
 07/26-14:47	2194.000	2197.200	2194.000	2195.600	           2672	    242.000	   2194.700	   2196.554	   2199.698	   2195.816	   2198.386	     -0.954	      0.000	      0.000	
 07/26-14:48	2195.600	2197.200	2195.200	2197.200	           1433	    243.000	   2195.325	   2196.279	   2199.777	   2195.892	   2198.317	      0.921	      0.000	      0.000	
 07/26-14:49	2197.600	2197.600	2195.400	2195.400	           1518	    244.000	   2195.400	   2195.946	   2199.796	   2195.945	   2198.249	     -0.546	      0.000	      0.000	
 07/26-14:50	2195.400	2195.400	2194.200	2195.200	           2028	    245.000	   2195.525	   2195.675	   2199.790	   2196.007	   2198.177	     -0.475	      0.000	      0.000	
 07/26-14:51	2194.800	2196.600	2194.400	2195.400	           1195	    246.000	   2195.750	   2195.425	   2199.790	   2196.056	   2198.112	     -0.025	      0.000	      0.000	
 07/26-14:52	2195.600	2195.600	2193.000	2193.400	           2018	    247.000	   2195.300	   2195.004	   2199.742	   2196.118	   2198.035	     -1.604	      0.000	      0.000	
 07/26-14:53	2193.600	2194.600	2192.800	2193.800	           1708	    248.000	   2194.650	   2194.712	   2199.744	   2196.255	   2197.964	     -0.912	      0.000	      0.000	
 07/26-14:54	2193.800	2195.400	2193.800	2194.400	           1010	    249.000	   2194.450	   2194.600	   2199.712	   2196.367	   2197.903	     -0.200	      0.000	      0.000	
 07/26-14:55	2194.600	2194.600	2193.200	2194.200	           1050	    250.000	   2194.250	   2194.475	   2199.692	   2196.455	   2197.841	     -0.275	      0.000	      0.000	
 07/26-14:56	2194.200	2194.400	2193.200	2193.200	           1223	    251.000	   2193.800	   2194.313	   2199.650	   2196.503	   2197.826	     -1.113	      0.000	      0.000	
 07/26-14:57	2193.000	2193.200	2192.200	2192.600	           2337	    252.000	   2193.650	   2194.079	   2199.404	   2196.540	   2197.810	     -1.479	      0.000	      0.000	
 07/26-14:58	2192.800	2194.400	2192.400	2193.600	           1308	    253.000	   2193.600	   2193.946	   2199.188	   2196.587	   2197.806	     -0.346	      0.000	      0.000	
 07/26-14:59	2193.800	2194.200	2193.400	2194.200	            925	    254.000	   2193.550	   2193.879	   2198.958	   2196.623	   2197.808	      0.321	      0.000	      0.000	
 07/26-15:00	2194.200	2194.400	2193.800	2194.200	            728	    255.000	   2193.550	   2193.958	   2198.744	   2196.683	   2197.810	      0.242	      0.000	      0.000	
 07/26-15:01	2194.200	2194.200	2191.200	2193.000	           3407	    256.000	   2193.525	   2193.979	   2198.488	   2196.723	   2197.797	     -0.979	      0.000	      0.000	
 07/26-15:02	2192.600	2193.400	2191.200	2191.600	           1620	    257.000	   2193.325	   2193.875	   2198.204	   2196.733	   2197.766	     -2.275	      0.000	      0.000	
 07/26-15:03	2191.800	2192.800	2191.000	2191.800	           1509	    258.000	   2192.950	   2193.854	   2197.956	   2196.768	   2197.737	     -2.054	      0.000	      0.000	
 07/26-15:04	2191.800	2192.600	2191.400	2192.200	            773	    259.000	   2192.575	   2193.808	   2197.748	   2196.833	   2197.710	     -1.608	      0.000	      0.000	
 07/26-15:05	2192.000	2192.400	2191.400	2191.800	            875	    260.000	   2192.075	   2193.721	   2197.510	   2196.880	   2197.681	     -1.921	      0.000	      0.000	
 07/26-15:06	2191.600	2192.800	2191.600	2192.400	            975	    261.000	   2191.950	   2193.658	   2197.279	   2196.946	   2197.648	     -1.259	      0.000	      0.000	
 07/26-15:07	2192.200	2193.200	2192.200	2192.600	           1130	    262.000	   2192.150	   2193.625	   2197.077	   2197.013	   2197.654	     -1.025	      0.000	      0.000	
 07/26-15:08	2192.400	2193.400	2191.800	2193.400	           1077	    263.000	   2192.475	   2193.550	   2196.883	   2197.093	   2197.663	     -0.150	      0.000	      0.000	
 07/26-15:09	2193.400	2193.400	2191.200	2191.800	           1305	    264.000	   2192.400	   2193.521	   2196.633	   2197.135	   2197.674	     -1.721	      0.000	      0.000	
 07/26-15:10	2191.400	2191.600	2189.200	2190.600	           2949	    265.000	   2192.175	   2193.450	   2196.337	   2197.157	   2197.654	     -2.850	      0.000	      0.000	
 07/26-15:11	2190.800	2191.200	2187.600	2189.000	           2444	    266.000	   2191.500	   2193.421	   2195.971	   2197.129	   2197.620	     -4.421	      0.000	      0.000	
 07/26-15:12	2189.600	2192.000	2189.400	2191.600	           1769	    267.000	   2191.275	   2193.400	   2195.685	   2197.134	   2197.606	     -1.800	      0.000	      0.000	
 07/26-15:13	2191.400	2191.400	2190.000	2190.600	           1202	    268.000	   2190.725	   2193.288	   2195.444	   2197.123	   2197.558	     -2.688	      0.000	      0.000	
 07/26-15:14	2190.600	2191.000	2188.200	2190.600	           2230	    269.000	   2190.475	   2193.142	   2195.246	   2197.118	   2197.511	     -2.542	      0.000	      0.000	
 07/26-15:15	2190.200	2192.600	2190.000	2192.000	           2981	    270.000	   2190.750	   2193.054	   2195.100	   2197.126	   2197.465	     -1.054	      0.000	      0.000	
 07/29-09:16	2169.000	2169.000	2162.200	2166.000	           9551	      1.000	   2186.150	   2192.113	   2194.494	   2196.910	   2197.327	    -26.113	      0.000	      1.000	
 07/29-09:17	2166.200	2167.800	2164.600	2166.400	           3087	      2.000	   2181.125	   2191.137	   2193.846	   2196.685	   2197.199	    -24.738	      0.000	      0.000	
 07/29-09:18	2166.600	2167.800	2165.600	2165.800	           2059	      3.000	   2176.175	   2190.096	   2193.188	   2196.466	   2197.065	    -24.296	      0.000	      0.000	
 07/29-09:19	2165.400	2165.600	2160.800	2161.200	           4170	      4.000	   2170.275	   2188.954	   2192.450	   2196.217	   2196.938	    -27.754	      0.000	      0.000	
 07/29-09:20	2161.800	2166.000	2160.000	2164.000	           4509	      5.000	   2164.675	   2187.913	   2191.794	   2195.985	   2196.832	    -23.913	      0.000	      0.000	
 07/29-09:21	2163.200	2166.000	2163.200	2165.200	           1613	      6.000	   2164.525	   2186.908	   2191.167	   2195.775	   2196.707	    -21.708	      0.000	      0.000	
 07/29-09:22	2165.200	2166.000	2164.200	2165.000	           1190	      7.000	   2164.250	   2185.962	   2190.483	   2195.580	   2196.598	    -20.962	      0.000	      0.000	
 07/29-09:23	2165.000	2166.200	2163.200	2166.000	           1229	      8.000	   2164.275	   2185.033	   2189.873	   2195.388	   2196.505	    -19.033	      0.000	      0.000	
 07/29-09:24	2165.800	2166.000	2162.600	2163.000	           1585	      9.000	   2164.650	   2183.988	   2189.294	   2195.169	   2196.389	    -20.988	      0.000	      0.000	
 07/29-09:25	2162.600	2164.000	2162.200	2162.600	           1357	     10.000	   2164.375	   2182.933	   2188.704	   2194.930	   2196.278	    -20.333	      0.000	      0.000	
 07/29-09:26	2162.600	2162.800	2158.000	2161.800	           4264	     11.000	   2163.675	   2181.887	   2188.100	   2194.638	   2196.142	    -20.087	      0.000	      0.000	
 07/29-09:27	2161.400	2161.800	2159.600	2160.200	           1854	     12.000	   2162.725	   2180.808	   2187.444	   2194.329	   2195.996	    -20.608	      0.000	      0.000	
 07/29-09:28	2160.000	2160.200	2154.400	2158.000	           5228	     13.000	   2161.125	   2179.621	   2186.783	   2194.005	   2195.835	    -21.621	      0.000	      0.000	
 07/29-09:29	2158.200	2161.600	2157.000	2160.000	           2438	     14.000	   2160.525	   2178.483	   2186.181	   2193.695	   2195.688	    -18.483	      0.000	      0.000	
 07/29-09:30	2160.000	2160.800	2159.200	2160.200	           1927	     15.000	   2160.025	   2177.346	   2185.652	   2193.346	   2195.538	    -17.146	      0.000	      0.000	
 07/29-09:31	2160.800	2164.200	2160.800	2162.000	           3162	     16.000	   2160.075	   2176.313	   2185.146	   2193.035	   2195.403	    -14.313	      0.000	      0.000	
 07/29-09:32	2161.800	2162.800	2159.600	2160.400	           2025	     17.000	   2160.100	   2175.271	   2184.573	   2192.723	   2195.255	    -14.871	      0.000	      0.000	
 07/29-09:33	2160.200	2163.600	2159.600	2162.200	           2625	     18.000	   2160.950	   2174.288	   2184.071	   2192.418	   2195.107	    -12.088	      0.000	      0.000	
 07/29-09:34	2162.600	2162.800	2160.600	2161.400	           1629	     19.000	   2161.225	   2173.258	   2183.533	   2192.121	   2194.948	    -11.858	      0.000	      0.000	
 07/29-09:35	2161.600	2163.800	2161.600	2163.400	           1634	     20.000	   2161.875	   2172.313	   2183.017	   2191.828	   2194.784	     -8.913	      0.000	      0.000	
 07/29-09:36	2163.400	2165.000	2162.600	2163.200	           3083	     21.000	   2162.125	   2171.342	   2182.500	   2191.542	   2194.620	     -8.142	      0.000	      0.000	
 07/29-09:37	2163.200	2164.600	2162.600	2163.400	           1597	     22.000	   2162.725	   2170.367	   2181.996	   2191.261	   2194.458	     -6.967	      0.000	      0.000	
 07/29-09:38	2163.600	2163.600	2152.200	2157.200	           7270	     23.000	   2161.725	   2169.163	   2181.356	   2190.919	   2194.266	    -11.963	      0.000	      0.000	
 07/29-09:39	2157.200	2161.600	2157.200	2158.200	           3391	     24.000	   2161.075	   2168.038	   2180.779	   2190.558	   2194.082	     -9.838	      0.000	      0.000	
 07/29-09:40	2158.400	2159.000	2150.000	2150.000	           5734	     25.000	   2158.400	   2166.683	   2180.067	   2190.136	   2193.850	    -16.683	      0.000	      0.000	
 07/29-09:41	2150.800	2153.000	2148.200	2150.800	           6906	     26.000	   2155.925	   2165.413	   2179.417	   2189.732	   2193.599	    -14.613	      0.000	      0.000	
 07/29-09:42	2151.000	2152.600	2146.200	2150.200	           5735	     27.000	   2153.275	   2164.033	   2178.717	   2189.309	   2193.350	    -13.833	      0.000	      0.000	
 07/29-09:43	2150.400	2152.000	2147.000	2148.400	           3200	     28.000	   2151.525	   2162.629	   2177.958	   2188.880	   2193.087	    -14.229	      0.000	      0.000	
 07/29-09:44	2148.000	2152.200	2147.400	2150.800	           3680	     29.000	   2150.050	   2161.300	   2177.221	   2188.498	   2192.850	    -10.500	      0.000	      0.000	
 07/29-09:45	2150.800	2152.000	2144.800	2145.000	           5950	     30.000	   2149.050	   2159.733	   2176.394	   2188.045	   2192.585	    -14.733	      0.000	      0.000	
 07/29-09:46	2144.400	2147.000	2142.200	2146.400	           5016	     31.000	   2148.150	   2159.079	   2175.596	   2187.633	   2192.342	    -12.679	      0.000	      0.000	
 07/29-09:47	2146.400	2149.400	2145.000	2149.200	           2901	     32.000	   2147.975	   2158.508	   2174.823	   2187.260	   2192.098	     -9.308	      0.000	      0.000	
 07/29-09:48	2149.200	2150.000	2145.600	2145.600	           2292	     33.000	   2147.400	   2157.833	   2173.965	   2186.871	   2191.836	    -12.233	      0.000	      0.000	
 07/29-09:49	2145.400	2150.200	2145.200	2148.600	           2538	     34.000	   2146.950	   2157.413	   2173.183	   2186.490	   2191.594	     -8.813	      0.000	      0.000	
 07/29-09:50	2149.200	2150.600	2148.400	2149.800	           2216	     35.000	   2147.925	   2156.942	   2172.427	   2186.108	   2191.354	     -7.142	      0.000	      0.000	
 07/29-09:51	2149.800	2149.800	2142.600	2143.600	           3821	     36.000	   2147.375	   2156.221	   2171.565	   2185.677	   2191.084	    -12.621	      0.000	      0.000	
 07/29-09:52	2143.000	2143.800	2138.600	2140.400	           7282	     37.000	   2145.600	   2155.400	   2170.681	   2185.211	   2190.814	    -15.000	      0.000	      0.000	
 07/29-09:53	2140.600	2141.400	2138.000	2140.600	           3719	     38.000	   2144.600	   2154.554	   2169.794	   2184.769	   2190.562	    -13.954	      0.000	      0.000	
 07/29-09:54	2140.800	2143.400	2137.000	2137.200	           3665	     39.000	   2142.325	   2153.692	   2168.840	   2184.276	   2190.298	    -16.492	      0.000	      0.000	
 07/29-09:55	2137.800	2145.600	2136.600	2145.600	           5455	     40.000	   2141.475	   2153.125	   2168.029	   2183.860	   2190.062	     -7.525	      0.000	      0.000	
 07/29-09:56	2146.600	2152.000	2145.800	2149.400	           8537	     41.000	   2142.625	   2152.712	   2167.300	   2183.475	   2189.800	     -3.313	      0.000	      0.000	
 07/29-09:57	2149.400	2154.000	2147.800	2154.000	           4704	     42.000	   2145.350	   2152.504	   2166.656	   2183.030	   2189.564	      1.496	      0.000	      0.000	
 07/29-09:58	2154.200	2154.200	2150.200	2150.600	           3974	     43.000	   2147.350	   2152.258	   2165.940	   2182.563	   2189.311	     -1.658	      0.000	      0.000	
 07/29-09:59	2150.600	2152.000	2149.200	2150.000	           2578	     44.000	   2149.925	   2151.925	   2165.204	   2182.081	   2189.063	     -1.925	      0.000	      0.000	
 07/29-10:00	2150.000	2152.600	2149.200	2150.800	           2686	     45.000	   2150.950	   2151.613	   2164.479	   2181.612	   2188.813	     -0.813	      0.000	      0.000	
 07/29-10:01	2150.200	2150.200	2145.600	2147.600	           4419	     46.000	   2150.600	   2151.133	   2163.723	   2181.105	   2188.541	     -3.533	      0.000	      0.000	
 07/29-10:02	2147.800	2149.200	2145.600	2146.200	           2377	     47.000	   2149.050	   2150.663	   2162.967	   2180.585	   2188.282	     -4.463	      0.000	      0.000	
 07/29-10:03	2146.200	2148.400	2146.200	2148.200	           1993	     48.000	   2148.550	   2150.192	   2162.240	   2180.098	   2188.029	     -1.992	      0.000	      0.000	
 07/29-10:04	2147.800	2150.000	2146.600	2147.400	           2244	     49.000	   2148.050	   2149.729	   2161.494	   2179.621	   2187.771	     -2.329	      0.000	      0.000	
 07/29-10:05	2147.000	2151.200	2146.000	2151.000	           2237	     50.000	   2148.100	   2149.317	   2160.815	   2179.163	   2187.540	      1.683	      0.000	      0.000	
 07/29-10:06	2151.000	2151.000	2143.400	2143.800	           4738	     51.000	   2147.325	   2148.667	   2160.004	   2178.642	   2187.290	     -4.867	      0.000	      0.000	
 07/29-10:07	2143.800	2146.800	2143.800	2145.400	           2557	     52.000	   2147.150	   2148.067	   2159.217	   2178.147	   2187.039	     -2.667	      0.000	      0.000	
 07/29-10:08	2145.800	2152.800	2145.600	2151.200	           3649	     53.000	   2147.775	   2147.867	   2158.515	   2177.699	   2186.814	      3.333	      0.000	      0.000	
 07/29-10:09	2151.400	2152.000	2148.600	2149.200	           2103	     54.000	   2148.100	   2147.567	   2157.802	   2177.218	   2186.593	      1.633	      0.000	      0.000	
 07/29-10:10	2149.400	2153.600	2149.200	2150.000	           3198	     55.000	   2147.900	   2147.567	   2157.125	   2176.731	   2186.404	      2.433	      0.000	      0.000	
 07/29-10:11	2150.200	2151.800	2149.200	2149.600	           1962	     56.000	   2149.075	   2147.525	   2156.469	   2176.220	   2186.210	      2.075	      0.000	      0.000	
 07/29-10:12	2149.600	2152.600	2149.600	2151.200	           1748	     57.000	   2150.250	   2147.563	   2155.798	   2175.742	   2186.017	      3.637	      0.000	      0.000	
 07/29-10:13	2151.800	2156.600	2150.800	2152.600	           6030	     58.000	   2150.525	   2147.700	   2155.165	   2175.304	   2185.825	      4.900	      0.000	      0.000	
 07/29-10:14	2152.400	2153.200	2150.800	2151.800	           2775	     59.000	   2151.050	   2147.733	   2154.517	   2174.881	   2185.625	      4.067	      0.000	      0.000	
 07/29-10:15	2152.000	2152.000	2149.200	2150.800	           2572	     60.000	   2151.200	   2147.925	   2153.829	   2174.465	   2185.406	      2.875	      0.000	      0.000	
 07/29-10:16	2150.600	2152.800	2150.400	2151.800	           1918	     61.000	   2151.650	   2148.108	   2153.594	   2174.044	   2185.194	      3.692	      0.000	      0.000	
 07/29-10:17	2152.000	2163.800	2151.800	2163.600	           9251	     62.000	   2154.125	   2148.587	   2153.548	   2173.697	   2185.050	     15.013	      0.000	      0.000	
 07/29-10:18	2163.800	2163.800	2159.000	2160.400	           6044	     63.000	   2155.675	   2149.079	   2153.456	   2173.322	   2184.894	     11.321	      0.000	      0.000	
 07/29-10:19	2160.000	2161.400	2159.000	2160.200	           2849	     64.000	   2157.350	   2149.467	   2153.440	   2172.945	   2184.728	     10.733	      0.000	      0.000	
 07/29-10:20	2160.000	2161.000	2159.000	2160.000	           2029	     65.000	   2159.200	   2149.804	   2153.373	   2172.583	   2184.559	     10.196	      0.000	      0.000	
 07/29-10:21	2160.000	2160.000	2156.600	2158.200	           3317	     66.000	   2160.475	   2150.292	   2153.256	   2172.211	   2184.397	      7.908	      0.000	      0.000	
 07/29-10:22	2158.000	2158.400	2156.200	2157.400	           1987	     67.000	   2159.225	   2150.858	   2153.129	   2171.806	   2184.233	      6.542	      0.000	      0.000	
 07/29-10:23	2157.200	2158.000	2156.000	2156.800	           1967	     68.000	   2158.525	   2151.400	   2152.977	   2171.425	   2184.065	      5.400	      0.000	      0.000	
 07/29-10:24	2156.800	2157.200	2155.800	2156.200	           1553	     69.000	   2157.725	   2152.033	   2152.863	   2171.078	   2183.913	      4.167	      0.000	      0.000	
 07/29-10:25	2156.400	2158.800	2155.800	2156.600	           2557	     70.000	   2157.050	   2152.400	   2152.762	   2170.733	   2183.762	      4.200	      0.000	      0.000	
 07/29-10:26	2156.400	2156.600	2153.000	2153.800	           3931	     71.000	   2156.150	   2152.546	   2152.629	   2170.365	   2183.595	      1.254	      0.000	      0.000	
 07/29-10:27	2153.600	2153.800	2151.400	2151.400	           2437	     72.000	   2154.975	   2152.462	   2152.483	   2169.964	   2183.416	     -1.063	      0.000	      0.000	
 07/29-10:28	2151.400	2151.600	2150.400	2151.400	           2921	     73.000	   2153.875	   2152.488	   2152.373	   2169.578	   2183.232	     -1.088	      0.000	      0.000	
 07/29-10:29	2151.400	2152.000	2151.000	2152.000	           1808	     74.000	   2153.050	   2152.554	   2152.240	   2169.210	   2183.051	     -0.554	      0.000	      0.000	
 07/29-10:30	2152.200	2153.800	2151.800	2151.800	           2467	     75.000	   2152.075	   2152.587	   2152.100	   2168.876	   2182.850	     -0.787	      0.000	      0.000	
 07/29-10:31	2151.400	2152.000	2147.600	2148.400	           5588	     76.000	   2151.000	   2152.613	   2151.873	   2168.509	   2182.635	     -4.213	      0.000	      0.000	
 07/29-10:32	2148.000	2153.400	2148.000	2152.800	           2887	     77.000	   2151.275	   2152.833	   2151.748	   2168.160	   2182.438	     -0.033	      0.000	      0.000	
 07/29-10:33	2153.000	2157.800	2152.200	2155.600	           4704	     78.000	   2152.125	   2153.083	   2151.637	   2167.854	   2182.249	      2.517	      0.000	      0.000	
 07/29-10:34	2155.400	2157.600	2155.000	2156.400	           2053	     79.000	   2153.000	   2153.379	   2151.554	   2167.544	   2182.083	      3.021	      0.000	      0.000	
 07/29-10:35	2156.200	2158.600	2155.600	2158.200	           2667	     80.000	   2154.275	   2153.617	   2151.467	   2167.242	   2181.921	      4.583	      0.000	      0.000	
 07/29-10:36	2158.400	2159.000	2156.400	2157.400	           2603	     81.000	   2156.100	   2154.075	   2151.371	   2166.935	   2181.748	      3.325	      0.000	      0.000	
 07/29-10:37	2156.600	2156.800	2154.800	2156.400	           1857	     82.000	   2156.800	   2154.442	   2151.254	   2166.625	   2181.568	      1.958	      0.000	      0.000	
 07/29-10:38	2156.600	2157.200	2151.200	2152.600	           3699	     83.000	   2156.200	   2154.488	   2151.177	   2166.267	   2181.381	     -1.887	      0.000	      0.000	
 07/29-10:39	2152.800	2154.600	2151.800	2153.000	           2787	     84.000	   2155.525	   2154.617	   2151.092	   2165.935	   2181.185	     -1.617	      0.000	      0.000	
 07/29-10:40	2153.000	2153.800	2151.400	2153.000	           1947	     85.000	   2154.500	   2154.717	   2151.142	   2165.604	   2181.002	     -1.717	      0.000	      0.000	
 07/29-10:41	2153.200	2153.200	2148.800	2148.800	           3736	     86.000	   2152.750	   2154.688	   2151.106	   2165.261	   2180.809	     -5.887	      0.000	      0.000	
 07/29-10:42	2149.000	2150.800	2148.800	2149.200	           2637	     87.000	   2151.325	   2154.621	   2151.092	   2164.904	   2180.624	     -5.421	      0.000	      0.000	
 07/29-10:43	2149.000	2154.200	2149.000	2152.800	           2639	     88.000	   2151.350	   2154.625	   2151.163	   2164.560	   2180.470	     -1.825	      0.000	      0.000	
 07/29-10:44	2152.800	2156.000	2152.400	2154.400	           2478	     89.000	   2151.625	   2154.712	   2151.223	   2164.222	   2180.318	     -0.313	      0.000	      0.000	
 07/29-10:45	2154.400	2154.400	2148.000	2148.000	           3369	     90.000	   2150.625	   2154.621	   2151.273	   2163.833	   2180.147	     -6.621	      0.000	      0.000	
 07/29-10:46	2147.800	2150.400	2147.800	2149.800	           3008	     91.000	   2150.850	   2154.554	   2151.331	   2163.464	   2180.010	     -4.754	      0.000	      0.000	
 07/29-10:47	2149.800	2151.800	2149.000	2151.800	           1482	     92.000	   2151.350	   2154.158	   2151.373	   2163.098	   2179.872	     -2.358	      0.000	      0.000	
 07/29-10:48	2152.000	2152.400	2146.800	2148.200	           3883	     93.000	   2150.450	   2153.754	   2151.417	   2162.691	   2179.727	     -5.554	      0.000	      0.000	
 07/29-10:49	2148.600	2150.800	2148.000	2148.600	           1458	     94.000	   2149.275	   2153.367	   2151.417	   2162.300	   2179.584	     -4.767	      0.000	      0.000	
 07/29-10:50	2148.600	2150.000	2147.800	2149.800	           1642	     95.000	   2149.650	   2153.029	   2151.417	   2161.922	   2179.440	     -3.229	      0.000	      0.000	
 07/29-10:51	2149.600	2153.800	2148.600	2153.800	           2058	     96.000	   2150.425	   2152.879	   2151.585	   2161.575	   2179.295	      0.921	      0.000	      0.000	
 07/29-10:52	2154.600	2156.000	2150.800	2151.000	           4025	     97.000	   2150.275	   2152.667	   2151.762	   2161.222	   2179.125	     -1.667	      0.000	      0.000	
 07/29-10:53	2151.200	2152.600	2150.200	2150.200	           1876	     98.000	   2150.675	   2152.446	   2151.923	   2160.858	   2178.955	     -2.246	      0.000	      0.000	
 07/29-10:54	2150.200	2152.400	2148.200	2151.800	           2059	     99.000	   2151.325	   2152.300	   2152.167	   2160.503	   2178.792	     -0.500	      0.000	      0.000	
 07/29-10:55	2152.000	2152.400	2148.600	2149.200	           1896	    100.000	   2151.200	   2152.054	   2152.227	   2160.128	   2178.621	     -2.854	      0.000	      0.000	
 07/29-10:56	2149.200	2153.200	2148.800	2153.200	           1740	    101.000	   2151.075	   2152.033	   2152.290	   2159.795	   2178.468	      1.167	      0.000	      0.000	
 07/29-10:57	2153.600	2154.400	2150.000	2150.200	           2705	    102.000	   2150.925	   2151.992	   2152.227	   2159.442	   2178.302	     -1.792	      0.000	      0.000	
 07/29-10:58	2150.000	2151.200	2149.600	2150.200	           1139	    103.000	   2150.925	   2151.954	   2152.221	   2159.080	   2178.152	     -1.754	      0.000	      0.000	
 07/29-10:59	2150.200	2151.200	2145.600	2146.800	           4729	    104.000	   2149.925	   2151.779	   2152.167	   2158.685	   2177.982	     -4.979	      0.000	      0.000	
 07/29-11:00	2147.200	2151.000	2147.200	2151.000	           3442	    105.000	   2150.275	   2151.754	   2152.171	   2158.325	   2177.835	     -0.754	      0.000	      0.000	
 07/29-11:01	2151.000	2155.800	2150.200	2154.200	           5375	    106.000	   2150.500	   2151.950	   2152.281	   2158.002	   2177.695	      2.250	      0.000	      0.000	
 07/29-11:02	2154.200	2154.200	2151.200	2151.800	           2047	    107.000	   2150.800	   2151.913	   2152.373	   2157.670	   2177.558	     -0.113	      0.000	      0.000	
 07/29-11:03	2151.600	2152.400	2150.000	2151.400	           2433	    108.000	   2151.025	   2151.771	   2152.427	   2157.333	   2177.454	     -0.371	      0.000	      0.000	
 07/29-11:04	2151.800	2153.800	2150.600	2151.400	           2391	    109.000	   2151.950	   2151.604	   2152.492	   2156.993	   2177.335	     -0.204	      0.000	      0.000	
 07/29-11:05	2151.400	2153.000	2151.400	2152.800	           1418	    110.000	   2152.325	   2151.429	   2152.523	   2156.669	   2177.212	      1.371	      0.000	      0.000	
 07/29-11:06	2152.600	2153.400	2150.600	2153.000	           1931	    111.000	   2152.075	   2151.279	   2152.677	   2156.341	   2177.074	      1.721	      0.000	      0.000	
 07/29-11:07	2153.000	2154.200	2152.000	2152.800	           1968	    112.000	   2152.275	   2151.158	   2152.800	   2156.008	   2176.933	      1.642	      0.000	      0.000	
 07/29-11:08	2152.800	2153.000	2151.200	2151.400	           1183	    113.000	   2152.275	   2151.117	   2152.802	   2155.658	   2176.786	      0.283	      0.000	      0.000	
 07/29-11:09	2151.800	2152.400	2150.800	2151.600	           1387	    114.000	   2152.325	   2151.071	   2152.844	   2155.323	   2176.634	      0.529	      0.000	      0.000	
 07/29-11:10	2151.800	2153.000	2150.400	2150.400	           1612	    115.000	   2151.825	   2150.983	   2152.850	   2154.988	   2176.487	     -0.583	      0.000	      0.000	
 07/29-11:11	2150.200	2152.600	2149.200	2152.200	           2965	    116.000	   2151.675	   2151.100	   2152.894	   2154.681	   2176.343	      1.100	      0.000	      0.000	
 07/29-11:12	2152.000	2154.200	2150.200	2150.800	           2341	    117.000	   2151.275	   2151.150	   2152.885	   2154.342	   2176.185	     -0.350	      0.000	      0.000	
 07/29-11:13	2151.200	2151.800	2150.000	2151.000	           1452	    118.000	   2151.200	   2151.092	   2152.858	   2154.011	   2176.038	     -0.092	      0.000	      0.000	
 07/29-11:14	2150.800	2150.800	2148.000	2148.200	           2724	    119.000	   2150.525	   2150.887	   2152.800	   2153.658	   2175.894	     -2.688	      0.000	      0.000	
 07/29-11:15	2148.400	2151.000	2148.400	2148.600	           1995	    120.000	   2150.175	   2150.908	   2152.765	   2153.297	   2175.743	     -2.308	      0.000	      0.000	
 07/29-11:16	2148.400	2150.400	2146.600	2148.600	           2885	    121.000	   2149.450	   2150.867	   2152.710	   2153.152	   2175.600	     -2.267	      0.000	      0.000	
 07/29-11:17	2148.600	2151.200	2148.200	2150.400	           1928	    122.000	   2149.375	   2150.821	   2152.490	   2153.019	   2175.463	     -0.421	      0.000	      0.000	
 07/29-11:18	2150.600	2150.800	2149.000	2149.000	           1049	    123.000	   2148.975	   2150.846	   2152.300	   2152.878	   2175.324	     -1.846	      0.000	      0.000	
 07/29-11:19	2149.000	2150.000	2147.600	2149.200	           1812	    124.000	   2149.150	   2150.867	   2152.117	   2152.778	   2175.174	     -1.667	      0.000	      0.000	
 07/29-11:20	2149.200	2150.200	2147.200	2147.200	           1861	    125.000	   2148.875	   2150.779	   2151.904	   2152.638	   2175.010	     -3.579	      0.000	      0.000	
 07/29-11:21	2147.600	2149.000	2147.200	2148.200	           1854	    126.000	   2148.800	   2150.596	   2151.738	   2152.497	   2174.834	     -2.396	      0.000	      0.000	
 07/29-11:22	2148.400	2150.200	2148.000	2148.000	           1637	    127.000	   2148.325	   2150.496	   2151.581	   2152.355	   2174.663	     -2.496	      0.000	      0.000	
 07/29-11:23	2148.200	2148.200	2145.000	2146.400	           4977	    128.000	   2147.800	   2150.367	   2151.406	   2152.192	   2174.480	     -3.967	      0.000	      0.000	
 07/29-11:24	2146.600	2148.000	2145.000	2145.000	           2188	    129.000	   2146.975	   2150.142	   2151.221	   2152.042	   2174.295	     -5.142	      0.000	      0.000	
 07/29-11:25	2145.000	2146.000	2141.800	2142.600	           4873	    130.000	   2146.050	   2149.921	   2150.988	   2151.875	   2174.102	     -7.321	      0.000	      0.000	
 07/29-11:26	2142.400	2143.800	2141.400	2142.800	           3204	    131.000	   2144.950	   2149.575	   2150.804	   2151.717	   2173.905	     -6.775	      0.000	      0.000	
 07/29-11:27	2142.600	2143.200	2141.200	2142.400	           2458	    132.000	   2143.825	   2149.313	   2150.652	   2151.568	   2173.701	     -6.913	      0.000	      0.000	
 07/29-11:28	2142.800	2150.200	2141.400	2148.600	           5868	    133.000	   2144.275	   2149.258	   2150.606	   2151.490	   2173.527	     -0.658	      0.000	      0.000	
 07/29-11:29	2148.600	2148.600	2146.400	2146.600	           2351	    134.000	   2144.600	   2149.254	   2150.517	   2151.378	   2173.349	     -2.654	      0.000	      0.000	
 07/29-11:30	2147.000	2148.000	2145.600	2145.600	           1853	    135.000	   2145.200	   2149.075	   2150.415	   2151.257	   2173.164	     -3.475	      0.000	      0.000	
 07/29-13:01	2146.000	2148.400	2145.800	2146.800	           1846	    136.000	   2146.000	   2148.825	   2150.387	   2151.130	   2172.990	     -2.025	      0.000	      0.000	
 07/29-13:02	2146.800	2147.400	2145.600	2146.200	           1333	    137.000	   2146.775	   2148.642	   2150.277	   2151.012	   2172.821	     -2.442	      0.000	      0.000	
 07/29-13:03	2146.200	2147.600	2145.000	2147.600	           1359	    138.000	   2146.550	   2148.512	   2150.142	   2150.890	   2172.655	     -0.912	      0.000	      0.000	
 07/29-13:04	2147.600	2148.000	2146.000	2147.200	           1327	    139.000	   2146.675	   2148.375	   2149.990	   2150.772	   2172.487	     -1.175	      0.000	      0.000	
 07/29-13:05	2147.200	2147.600	2143.200	2143.800	           2422	    140.000	   2146.300	   2148.071	   2149.750	   2150.608	   2172.296	     -4.271	      0.000	      0.000	
 07/29-13:06	2143.600	2145.400	2143.600	2145.400	           1484	    141.000	   2146.050	   2147.821	   2149.550	   2150.460	   2172.092	     -2.421	      0.000	      0.000	
 07/29-13:07	2145.400	2146.000	2144.400	2145.600	            928	    142.000	   2145.900	   2147.579	   2149.369	   2150.312	   2171.884	     -1.979	      0.000	      0.000	
 07/29-13:08	2145.800	2146.600	2145.200	2146.400	           1236	    143.000	   2145.700	   2147.417	   2149.267	   2150.222	   2171.683	     -1.017	      0.000	      0.000	
 07/29-13:09	2146.400	2147.200	2146.000	2146.200	           1414	    144.000	   2145.475	   2147.233	   2149.152	   2150.122	   2171.478	     -1.033	      0.000	      0.000	
 07/29-13:10	2146.200	2147.800	2146.000	2147.000	           1562	    145.000	   2146.125	   2147.121	   2149.052	   2150.097	   2171.258	     -0.121	      0.000	      0.000	
 07/29-13:11	2147.200	2149.600	2146.600	2149.400	           1922	    146.000	   2146.900	   2147.025	   2149.063	   2150.084	   2171.058	      2.375	      0.000	      0.000	
 07/29-13:12	2149.200	2149.200	2148.000	2148.600	           1593	    147.000	   2147.525	   2146.954	   2149.052	   2150.072	   2170.862	      1.646	      0.000	      0.000	
 07/29-13:13	2148.600	2148.600	2147.400	2148.200	           1463	    148.000	   2147.875	   2146.863	   2148.977	   2150.070	   2170.659	      1.337	      0.000	      0.000	
 07/29-13:14	2148.200	2149.000	2147.400	2147.600	           1293	    149.000	   2148.175	   2146.842	   2148.865	   2150.044	   2170.462	      0.759	      0.000	      0.000	
 07/29-13:15	2147.400	2148.600	2147.000	2148.600	           1112	    150.000	   2148.475	   2146.837	   2148.873	   2150.073	   2170.261	      1.763	      0.000	      0.000	
 07/29-13:16	2148.800	2149.200	2146.600	2147.400	           1619	    151.000	   2148.100	   2146.800	   2148.833	   2150.082	   2170.061	      0.600	      0.000	      0.000	
 07/29-13:17	2147.400	2149.200	2147.000	2149.000	           1110	    152.000	   2148.175	   2146.754	   2148.788	   2150.080	   2169.869	      2.246	      0.000	      0.000	
 07/29-13:18	2149.000	2152.800	2148.200	2151.800	           4111	    153.000	   2148.875	   2146.846	   2148.846	   2150.131	   2169.683	      4.954	      0.000	      0.000	
 07/29-13:19	2152.000	2152.800	2151.200	2151.400	           2650	    154.000	   2149.625	   2146.921	   2148.894	   2150.155	   2169.482	      4.479	      0.000	      0.000	
 07/29-13:20	2151.800	2152.600	2151.400	2152.200	           1471	    155.000	   2150.375	   2147.087	   2148.933	   2150.175	   2169.289	      5.113	      0.000	      0.000	
 07/29-13:21	2152.600	2154.200	2151.800	2153.600	           3534	    156.000	   2151.600	   2147.267	   2148.931	   2150.258	   2169.106	      6.333	      0.000	      0.000	
 07/29-13:22	2153.800	2154.000	2152.000	2152.200	           2017	    157.000	   2152.225	   2147.404	   2148.950	   2150.356	   2168.911	      4.796	      0.000	      0.000	
 07/29-13:23	2152.000	2152.200	2151.200	2152.000	           1707	    158.000	   2152.275	   2147.592	   2148.979	   2150.451	   2168.719	      4.408	      0.000	      0.000	
 07/29-13:24	2152.000	2153.000	2151.800	2152.800	           1152	    159.000	   2152.575	   2147.854	   2148.998	   2150.582	   2168.544	      4.946	      0.000	      0.000	
 07/29-13:25	2153.000	2153.600	2152.000	2153.200	           1493	    160.000	   2152.750	   2148.204	   2149.063	   2150.645	   2168.359	      4.996	      0.000	      0.000	
 07/29-13:26	2153.000	2153.000	2150.600	2151.400	           2489	    161.000	   2152.300	   2148.492	   2149.033	   2150.661	   2168.181	      2.908	      0.000	      0.000	
 07/29-13:27	2151.400	2152.000	2150.600	2151.600	           1377	    162.000	   2152.200	   2148.800	   2149.056	   2150.642	   2168.012	      2.800	      0.000	      0.000	
 07/29-13:28	2151.800	2152.000	2149.400	2150.800	           2872	    163.000	   2151.975	   2148.875	   2149.067	   2150.644	   2167.846	      1.925	      0.000	      0.000	
 07/29-13:29	2151.200	2152.000	2149.800	2150.600	           1988	    164.000	   2151.500	   2149.004	   2149.129	   2150.648	   2167.671	      1.596	      0.000	      0.000	
 07/29-13:30	2150.400	2150.600	2149.400	2150.000	           1346	    165.000	   2150.875	   2149.150	   2149.113	   2150.642	   2167.489	      0.850	      0.000	      0.000	
 07/29-13:31	2150.000	2150.400	2148.000	2148.200	           2669	    166.000	   2150.250	   2149.200	   2149.012	   2150.647	   2167.300	     -1.000	      0.000	      0.000	
 07/29-13:32	2148.000	2149.200	2147.000	2147.200	           2515	    167.000	   2149.375	   2149.233	   2148.938	   2150.655	   2167.104	     -2.033	      0.000	      0.000	
 07/29-13:33	2147.400	2148.200	2145.000	2145.400	           2889	    168.000	   2148.275	   2149.163	   2148.837	   2150.632	   2166.910	     -3.763	      0.000	      0.000	
 07/29-13:34	2145.400	2145.600	2144.200	2145.200	           3086	    169.000	   2147.200	   2149.092	   2148.733	   2150.613	   2166.706	     -3.892	      0.000	      0.000	
 07/29-13:35	2145.400	2145.600	2142.400	2142.400	           2840	    170.000	   2145.700	   2149.050	   2148.560	   2150.542	   2166.494	     -6.650	      0.000	      0.000	
 07/29-13:36	2142.400	2142.400	2131.200	2132.400	          14110	    171.000	   2142.525	   2148.613	   2148.217	   2150.447	   2166.241	    -16.213	      0.000	      0.000	
 07/29-13:37	2132.400	2133.400	2129.200	2132.800	           7497	    172.000	   2139.625	   2148.188	   2147.883	   2150.342	   2165.942	    -15.387	      0.000	      0.000	
 07/29-13:38	2133.200	2133.800	2132.000	2133.200	           3326	    173.000	   2137.200	   2147.746	   2147.581	   2150.192	   2165.649	    -14.546	      0.000	      0.000	
 07/29-13:39	2133.600	2134.000	2131.200	2132.600	           2976	    174.000	   2134.700	   2147.296	   2147.265	   2150.054	   2165.348	    -14.696	      0.000	      0.000	
 07/29-13:40	2132.600	2135.200	2132.400	2133.600	           3635	    175.000	   2132.900	   2146.846	   2146.983	   2149.917	   2165.053	    -13.246	      0.000	      0.000	
 07/29-13:41	2133.600	2135.200	2133.600	2134.800	           1894	    176.000	   2133.400	   2146.363	   2146.694	   2149.794	   2164.760	    -11.563	      0.000	      0.000	
 07/29-13:42	2135.000	2135.000	2132.200	2133.800	           2133	    177.000	   2133.600	   2145.867	   2146.410	   2149.648	   2164.460	    -12.067	      0.000	      0.000	
 07/29-13:43	2133.400	2134.000	2129.600	2132.800	           4646	    178.000	   2133.525	   2145.354	   2146.108	   2149.483	   2164.165	    -12.554	      0.000	      0.000	
 07/29-13:44	2132.800	2133.400	2131.200	2131.800	           1674	    179.000	   2133.350	   2144.825	   2145.833	   2149.317	   2163.873	    -13.025	      0.000	      0.000	
 07/29-13:45	2132.000	2132.000	2127.000	2129.000	           7747	    180.000	   2132.450	   2144.175	   2145.506	   2149.135	   2163.565	    -15.175	      0.000	      0.000	
 07/29-13:46	2129.000	2133.400	2128.200	2132.000	           4348	    181.000	   2131.875	   2143.658	   2145.229	   2148.970	   2163.268	    -11.658	      0.000	      0.000	
 07/29-13:47	2132.200	2133.200	2131.400	2132.200	           1941	    182.000	   2131.575	   2143.100	   2144.927	   2148.708	   2162.978	    -10.900	      0.000	      0.000	
 07/29-13:48	2132.000	2134.000	2131.600	2133.400	           2607	    183.000	   2131.675	   2142.488	   2144.667	   2148.483	   2162.691	     -9.088	      0.000	      0.000	
 07/29-13:49	2133.400	2135.000	2132.600	2134.400	           2320	    184.000	   2132.200	   2141.921	   2144.421	   2148.269	   2162.402	     -7.521	      0.000	      0.000	
 07/29-13:50	2134.600	2135.000	2131.200	2131.800	           3486	    185.000	   2132.750	   2141.238	   2144.163	   2148.033	   2162.095	     -9.438	      0.000	      0.000	
 07/29-13:51	2131.800	2133.000	2131.600	2131.800	           1660	    186.000	   2132.725	   2140.512	   2143.890	   2147.813	   2161.779	     -8.712	      0.000	      0.000	
 07/29-13:52	2131.800	2133.000	2131.800	2132.600	           1429	    187.000	   2132.800	   2139.863	   2143.633	   2147.607	   2161.475	     -7.262	      0.000	      0.000	
 07/29-13:53	2132.600	2134.000	2131.800	2133.600	           2321	    188.000	   2132.825	   2139.246	   2143.419	   2147.413	   2161.188	     -5.646	      0.000	      0.000	
 07/29-13:54	2133.600	2134.800	2132.400	2134.200	           2006	    189.000	   2132.800	   2138.625	   2143.240	   2147.230	   2160.915	     -4.425	      0.000	      0.000	
 07/29-13:55	2134.200	2143.000	2133.200	2142.800	           6502	    190.000	   2135.000	   2138.279	   2143.242	   2147.115	   2160.683	      4.521	      0.000	      0.000	
 07/29-13:56	2141.800	2147.600	2141.600	2143.400	          10734	    191.000	   2137.325	   2138.017	   2143.254	   2147.029	   2160.448	      5.383	      0.000	      0.000	
 07/29-13:57	2143.600	2144.200	2142.200	2142.400	           3156	    192.000	   2139.275	   2137.708	   2143.254	   2146.953	   2160.196	      4.692	      0.000	      0.000	
 07/29-13:58	2142.800	2144.000	2142.400	2142.400	           2255	    193.000	   2141.050	   2137.425	   2143.150	   2146.878	   2159.944	      4.975	      0.000	      0.000	
 07/29-13:59	2143.000	2144.200	2142.600	2143.400	           2279	    194.000	   2142.875	   2137.188	   2143.096	   2146.806	   2159.696	      6.212	      0.000	      0.000	
 07/29-14:00	2143.400	2143.800	2141.400	2143.000	           3335	    195.000	   2142.925	   2136.954	   2143.052	   2146.733	   2159.455	      6.046	      0.000	      0.000	
 07/29-14:01	2142.800	2143.600	2141.000	2142.000	           2295	    196.000	   2142.625	   2136.746	   2142.973	   2146.680	   2159.211	      5.254	      0.000	      0.000	
 07/29-14:02	2141.400	2143.000	2141.400	2141.600	           1595	    197.000	   2142.475	   2136.558	   2142.896	   2146.586	   2158.954	      5.042	      0.000	      0.000	
 07/29-14:03	2141.600	2142.600	2140.400	2141.000	           2095	    198.000	   2142.200	   2136.413	   2142.788	   2146.465	   2158.707	      4.587	      0.000	      0.000	
 07/29-14:04	2141.000	2141.600	2138.400	2140.600	           3422	    199.000	   2141.650	   2136.262	   2142.677	   2146.333	   2158.479	      4.338	      0.000	      0.000	
 07/29-14:05	2140.600	2141.000	2139.400	2140.000	           1617	    200.000	   2141.050	   2136.179	   2142.615	   2146.182	   2158.247	      3.821	      0.000	      0.000	
 07/29-14:06	2140.200	2141.000	2139.200	2139.400	           1607	    201.000	   2140.525	   2136.413	   2142.512	   2146.031	   2158.012	      2.987	      0.000	      0.000	
 07/29-14:07	2139.200	2140.000	2138.400	2139.800	           1753	    202.000	   2140.150	   2136.646	   2142.417	   2145.893	   2157.772	      3.154	      0.000	      0.000	
 07/29-14:08	2140.000	2141.200	2139.800	2140.800	           1564	    203.000	   2140.125	   2136.900	   2142.323	   2145.795	   2157.545	      3.900	      0.000	      0.000	
 07/29-14:09	2141.200	2144.600	2141.200	2142.800	           4804	    204.000	   2140.550	   2137.238	   2142.267	   2145.709	   2157.332	      5.563	      0.000	      0.000	
 07/29-14:10	2143.000	2143.800	2139.400	2140.000	           2634	    205.000	   2140.550	   2137.454	   2142.150	   2145.601	   2157.125	      2.546	      0.000	      0.000	
 07/29-14:11	2140.200	2140.800	2139.200	2140.000	           1539	    206.000	   2140.675	   2137.625	   2141.994	   2145.528	   2156.915	      2.375	      0.000	      0.000	
 07/29-14:12	2140.000	2140.600	2139.000	2140.000	           1665	    207.000	   2140.725	   2137.833	   2141.850	   2145.451	   2156.696	      2.167	      0.000	      0.000	
 07/29-14:13	2139.800	2140.000	2136.600	2138.400	           3518	    208.000	   2140.225	   2138.017	   2141.685	   2145.331	   2156.480	      0.383	      0.000	      0.000	
 07/29-14:14	2138.400	2139.600	2138.400	2139.600	           1204	    209.000	   2139.600	   2138.279	   2141.552	   2145.208	   2156.264	      1.321	      0.000	      0.000	
 07/29-14:15	2139.400	2141.000	2137.400	2138.800	           2588	    210.000	   2139.375	   2138.608	   2141.392	   2145.132	   2156.042	      0.192	      0.000	      0.000	
 07/29-14:16	2138.800	2142.400	2138.600	2142.200	           1961	    211.000	   2139.800	   2138.946	   2141.302	   2145.068	   2155.833	      3.254	      0.000	      0.000	
 07/29-14:17	2142.400	2142.400	2139.200	2140.200	           1921	    212.000	   2139.850	   2139.212	   2141.156	   2144.972	   2155.620	      0.988	      0.000	      0.000	
 07/29-14:18	2140.200	2141.600	2139.400	2140.200	           1138	    213.000	   2140.200	   2139.438	   2140.962	   2144.904	   2155.398	      0.762	      0.000	      0.000	
 07/29-14:19	2140.200	2141.800	2139.400	2141.000	           1864	    214.000	   2140.475	   2139.658	   2140.790	   2144.842	   2155.191	      1.342	      0.000	      0.000	
 07/29-14:20	2141.000	2142.600	2141.000	2141.400	           1549	    215.000	   2141.000	   2139.983	   2140.610	   2144.772	   2154.986	      1.417	      0.000	      0.000	
 07/29-14:21	2141.200	2141.600	2140.000	2140.600	           1387	    216.000	   2140.675	   2140.271	   2140.392	   2144.661	   2154.789	      0.329	      0.000	      0.000	
 07/29-14:22	2140.400	2140.600	2138.200	2139.000	           2242	    217.000	   2140.425	   2140.483	   2140.173	   2144.562	   2154.576	     -1.483	      0.000	      0.000	
 07/29-14:23	2139.200	2139.400	2135.000	2136.000	           4327	    218.000	   2139.600	   2140.567	   2139.906	   2144.443	   2154.344	     -4.567	      0.000	      0.000	
 07/29-14:24	2136.000	2137.600	2135.200	2136.200	           2215	    219.000	   2138.650	   2140.633	   2139.629	   2144.313	   2154.109	     -4.433	      0.000	      0.000	
 07/29-14:25	2136.400	2136.400	2134.200	2135.600	           2222	    220.000	   2137.475	   2140.396	   2139.337	   2144.200	   2153.873	     -4.796	      0.000	      0.000	
 07/29-14:26	2135.200	2136.000	2134.200	2135.200	           2116	    221.000	   2136.400	   2140.117	   2139.067	   2144.050	   2153.636	     -4.917	      0.000	      0.000	
 07/29-14:27	2135.000	2135.800	2133.200	2135.800	           2086	    222.000	   2135.775	   2139.900	   2138.804	   2143.930	   2153.397	     -4.100	      0.000	      0.000	
 07/29-14:28	2136.000	2136.400	2132.600	2134.400	           2975	    223.000	   2135.450	   2139.633	   2138.529	   2143.798	   2153.146	     -5.233	      0.000	      0.000	
 07/29-14:29	2134.200	2134.800	2132.400	2133.000	           2085	    224.000	   2134.800	   2139.288	   2138.238	   2143.683	   2152.897	     -6.288	      0.000	      0.000	
 07/29-14:30	2133.000	2133.600	2132.000	2133.600	           3051	    225.000	   2134.400	   2138.975	   2137.965	   2143.539	   2152.650	     -5.375	      0.000	      0.000	
 07/29-14:31	2133.600	2136.000	2133.400	2135.600	           3371	    226.000	   2134.500	   2138.762	   2137.754	   2143.383	   2152.412	     -3.162	      0.000	      0.000	
 07/29-14:32	2135.600	2135.800	2133.800	2134.400	           1910	    227.000	   2134.200	   2138.521	   2137.540	   2143.239	   2152.176	     -4.121	      0.000	      0.000	
 07/29-14:33	2134.400	2136.600	2134.200	2136.200	           2380	    228.000	   2134.550	   2138.358	   2137.385	   2143.112	   2151.945	     -2.158	      0.000	      0.000	
 07/29-14:34	2135.800	2138.600	2135.400	2137.800	           3519	    229.000	   2135.525	   2138.267	   2137.265	   2142.999	   2151.719	     -0.467	      0.000	      0.000	
 07/29-14:35	2137.600	2140.600	2137.400	2139.800	           2966	    230.000	   2136.750	   2138.258	   2137.219	   2142.890	   2151.500	      1.542	      0.000	      0.000	
 07/29-14:36	2139.600	2140.200	2138.600	2139.400	           2666	    231.000	   2137.500	   2138.258	   2137.335	   2142.776	   2151.285	      1.142	      0.000	      0.000	
 07/29-14:37	2139.400	2141.600	2139.200	2140.800	           3049	    232.000	   2138.800	   2138.296	   2137.471	   2142.677	   2151.079	      2.504	      0.000	      0.000	
 07/29-14:38	2141.000	2141.000	2139.400	2139.800	           2080	    233.000	   2139.525	   2138.258	   2137.579	   2142.580	   2150.863	      1.542	      0.000	      0.000	
 07/29-14:39	2139.800	2141.400	2139.400	2141.000	           1906	    234.000	   2140.150	   2138.200	   2137.719	   2142.492	   2150.650	      2.800	      0.000	      0.000	
 07/29-14:40	2141.000	2142.000	2140.800	2141.600	           2374	    235.000	   2140.525	   2138.254	   2137.854	   2142.419	   2150.440	      3.346	      0.000	      0.000	
 07/29-14:41	2141.400	2141.600	2139.600	2140.400	           2616	    236.000	   2140.725	   2138.267	   2137.946	   2142.320	   2150.229	      2.133	      0.000	      0.000	
 07/29-14:42	2140.400	2141.000	2139.400	2140.000	           1592	    237.000	   2140.550	   2138.267	   2138.050	   2142.230	   2150.023	      1.733	      0.000	      0.000	
 07/29-14:43	2139.800	2140.600	2139.000	2140.200	           1546	    238.000	   2140.650	   2138.329	   2138.173	   2142.141	   2149.817	      1.871	      0.000	      0.000	
 07/29-14:44	2140.400	2140.800	2139.600	2140.200	           1168	    239.000	   2140.475	   2138.346	   2138.313	   2142.073	   2149.608	      1.854	      0.000	      0.000	
 07/29-14:45	2140.400	2140.600	2139.000	2140.400	           2396	    240.000	   2140.250	   2138.400	   2138.504	   2142.005	   2149.404	      2.000	      0.000	      0.000	
 07/29-14:46	2140.200	2141.200	2140.000	2141.000	           1733	    241.000	   2140.375	   2138.363	   2138.654	   2141.942	   2149.198	      2.637	      0.000	      0.000	
 07/29-14:47	2141.000	2142.800	2141.000	2142.600	           3407	    242.000	   2140.875	   2138.438	   2138.825	   2141.876	   2148.998	      4.163	      0.000	      0.000	
 07/29-14:48	2142.800	2142.800	2141.200	2142.200	           1963	    243.000	   2141.275	   2138.508	   2138.973	   2141.820	   2148.793	      3.692	      0.000	      0.000	
 07/29-14:49	2142.000	2142.600	2141.200	2141.600	           1258	    244.000	   2141.575	   2138.529	   2139.094	   2141.757	   2148.592	      3.071	      0.000	      0.000	
 07/29-14:50	2141.600	2141.800	2138.800	2139.400	           3041	    245.000	   2141.350	   2138.458	   2139.221	   2141.692	   2148.387	      0.942	      0.000	      0.000	
 07/29-14:51	2139.200	2140.400	2139.200	2140.000	           1357	    246.000	   2141.150	   2138.442	   2139.356	   2141.623	   2148.191	      1.558	      0.000	      0.000	
 07/29-14:52	2140.200	2140.200	2139.000	2139.400	           1351	    247.000	   2140.525	   2138.454	   2139.469	   2141.551	   2147.982	      0.946	      0.000	      0.000	
 07/29-14:53	2139.800	2141.400	2139.600	2141.000	           1479	    248.000	   2140.275	   2138.621	   2139.594	   2141.506	   2147.784	      2.379	      0.000	      0.000	
 07/29-14:54	2141.000	2142.200	2141.000	2141.400	           1761	    249.000	   2140.225	   2138.792	   2139.712	   2141.476	   2147.587	      2.608	      0.000	      0.000	
 07/29-14:55	2141.200	2141.800	2140.600	2141.800	           1309	    250.000	   2140.725	   2139.000	   2139.698	   2141.470	   2147.386	      2.800	      0.000	      0.000	
 07/29-14:56	2141.400	2142.400	2141.400	2142.000	           1842	    251.000	   2141.125	   2139.229	   2139.673	   2141.464	   2147.291	      2.771	      0.000	      0.000	
 07/29-14:57	2142.000	2142.800	2141.800	2142.000	           1687	    252.000	   2141.650	   2139.433	   2139.667	   2141.460	   2147.193	      2.567	      0.000	      0.000	
 07/29-14:58	2142.000	2142.200	2140.600	2141.200	           1523	    253.000	   2141.675	   2139.658	   2139.646	   2141.398	   2147.094	      1.542	      0.000	      0.000	
 07/29-14:59	2141.200	2141.400	2140.600	2141.000	           1196	    254.000	   2141.600	   2139.925	   2139.606	   2141.351	   2147.013	      1.075	      0.000	      0.000	
 07/29-15:00	2140.800	2142.200	2140.400	2142.000	           1791	    255.000	   2141.625	   2140.204	   2139.590	   2141.321	   2146.926	      1.796	      0.000	      0.000	
 07/29-15:01	2141.800	2144.400	2141.800	2143.400	           3175	    256.000	   2141.925	   2140.467	   2139.615	   2141.294	   2146.838	      2.933	      0.000	      0.000	
 07/29-15:02	2143.400	2144.600	2143.200	2144.200	           2584	    257.000	   2142.350	   2140.792	   2139.656	   2141.276	   2146.755	      3.408	      0.000	      0.000	
 07/29-15:03	2144.200	2145.600	2144.000	2144.800	           2851	    258.000	   2143.100	   2141.083	   2139.721	   2141.254	   2146.670	      3.717	      0.000	      0.000	
 07/29-15:04	2144.800	2145.000	2143.800	2144.200	           1623	    259.000	   2143.725	   2141.292	   2139.779	   2141.228	   2146.595	      2.908	      0.000	      0.000	
 07/29-15:05	2144.200	2145.000	2143.400	2144.800	           1860	    260.000	   2144.300	   2141.462	   2139.860	   2141.238	   2146.524	      3.338	      0.000	      0.000	
 07/29-15:06	2144.600	2144.800	2143.800	2144.400	            969	    261.000	   2144.475	   2141.629	   2139.944	   2141.228	   2146.455	      2.771	      0.000	      0.000	
 07/29-15:07	2144.600	2146.400	2144.200	2146.200	           2444	    262.000	   2144.875	   2141.804	   2140.050	   2141.233	   2146.398	      4.396	      0.000	      0.000	
 07/29-15:08	2146.400	2153.000	2146.400	2151.600	           6644	    263.000	   2146.225	   2142.200	   2140.229	   2141.276	   2146.373	      9.400	      0.000	      0.000	
 07/29-15:09	2151.200	2154.200	2150.000	2152.400	           3886	    264.000	   2147.875	   2142.579	   2140.390	   2141.328	   2146.342	      9.821	      0.000	      0.000	
 07/29-15:10	2152.200	2154.800	2152.200	2154.800	           2394	    265.000	   2149.875	   2143.021	   2140.637	   2141.394	   2146.321	     11.779	      0.000	      0.000	
 07/29-15:11	2154.800	2159.400	2154.600	2158.400	           5799	    266.000	   2152.675	   2143.621	   2140.944	   2141.469	   2146.306	     14.779	      0.000	      0.000	
 07/29-15:12	2158.400	2159.600	2157.000	2157.600	           2879	    267.000	   2154.975	   2144.208	   2141.238	   2141.544	   2146.295	     13.392	      0.000	      0.000	
 07/29-15:13	2157.400	2162.600	2156.800	2160.800	           5552	    268.000	   2156.800	   2144.892	   2141.610	   2141.648	   2146.290	     15.908	      1.000	      0.000	
 07/29-15:14	2160.600	2162.000	2159.600	2160.400	           3576	    269.000	   2158.400	   2145.567	   2141.956	   2141.754	   2146.285	     14.833	      0.000	      0.000	
 07/29-15:15	2160.200	2165.000	2160.200	2163.600	           5053	    270.000	   2160.150	   2146.337	   2142.369	   2141.880	   2146.287	     17.263	      0.000	      0.000	