 08/14-09:16	2363.000	2368.000	2358.000	2361.200	           5933	
 08/14-09:17	2361.200	2362.600	2360.200	2362.200	           1266	
 08/14-09:18	2362.200	2362.200	2359.800	2360.200	           1364	
 08/14-09:19	2360.400	2361.800	2359.800	2361.800	           1051	
 08/14-09:20	2361.600	2362.600	2361.000	2361.200	           1112	
 08/14-09:21	2361.200	2361.800	2360.400	2361.400	            885	
 08/14-09:22	2360.800	2362.000	2360.800	2361.400	            663	
 08/14-09:23	2361.200	2362.200	2361.200	2361.600	            714	
 08/14-09:24	2361.400	2364.400	2361.400	2363.200	           1710	
 08/14-09:25	2363.600	2364.200	2362.600	2363.800	           1038	
 08/14-09:26	2364.000	2365.000	2362.600	2364.400	           1305	
 08/14-09:27	2364.200	2366.600	2364.000	2366.600	           1673	
 08/14-09:28	2366.400	2368.400	2366.400	2367.400	           3099	
 08/14-09:29	2366.800	2368.400	2366.400	2366.600	           1930	
 08/14-09:30	2366.400	2368.400	2366.000	2367.200	           2632	
 08/14-09:31	2367.200	2367.200	2364.000	2364.800	           2415	
 08/14-09:32	2364.800	2374.800	2364.800	2371.800	           5113	
 08/14-09:33	2371.200	2371.600	2365.800	2367.600	           3874	
 08/14-09:34	2367.600	2369.000	2367.000	2368.400	           1977	
 08/14-09:35	2368.600	2369.800	2367.400	2367.400	           2295	
 08/14-09:36	2367.400	2367.800	2364.200	2366.000	           3259	
 08/14-09:37	2366.000	2368.200	2365.400	2367.000	           2040	
 08/14-09:38	2367.200	2370.600	2367.200	2370.200	           2372	
 08/14-09:39	2369.800	2370.000	2367.800	2368.400	           1616	
 08/14-09:40	2368.400	2371.800	2367.800	2371.600	           2378	
 08/14-09:41	2371.600	2371.600	2368.800	2369.200	           1936	
 08/14-09:42	2369.000	2369.600	2368.000	2368.400	           1465	
 08/14-09:43	2368.400	2370.400	2366.800	2370.400	           1891	
 08/14-09:44	2370.400	2373.600	2369.000	2369.800	           3641	
 08/14-09:45	2369.600	2377.800	2369.600	2377.800	           5115	
 08/14-09:46	2378.000	2379.200	2375.200	2377.200	           3749	
 08/14-09:47	2377.000	2379.000	2377.000	2377.800	           2772	
 08/14-09:48	2377.600	2377.800	2375.200	2375.600	           2777	
 08/14-09:49	2375.200	2377.600	2375.000	2376.000	           1518	
 08/14-09:50	2376.000	2381.400	2374.600	2381.400	           3184	
 08/14-09:51	2381.600	2385.000	2380.000	2381.400	           5171	
 08/14-09:52	2381.000	2381.800	2379.800	2380.400	           2174	
 08/14-09:53	2380.200	2380.800	2379.600	2380.600	           2234	
 08/14-09:54	2380.800	2382.000	2380.200	2382.000	           1848	
 08/14-09:55	2382.000	2385.200	2380.000	2382.800	           4314	
 08/14-09:56	2382.800	2382.800	2380.200	2380.400	           1602	
 08/14-09:57	2380.400	2384.600	2379.000	2384.400	           2900	
 08/14-09:58	2384.800	2387.600	2382.200	2382.200	           5513	
 08/14-09:59	2382.400	2386.200	2382.200	2385.400	           2283	
 08/14-10:00	2385.200	2391.800	2384.000	2391.800	           6415	
 08/14-10:01	2391.000	2392.400	2387.000	2392.400	           4651	
 08/14-10:02	2392.400	2393.400	2390.000	2391.600	           2804	
 08/14-10:03	2391.800	2393.200	2390.400	2390.400	           2187	
 08/14-10:04	2390.400	2390.400	2388.000	2390.000	           3411	
 08/14-10:05	2390.200	2391.800	2388.800	2391.800	           1836	
 08/14-10:06	2392.000	2394.600	2391.000	2391.600	           3600	
 08/14-10:07	2391.400	2393.000	2387.400	2387.400	           2865	
 08/14-10:08	2387.400	2390.000	2386.600	2388.400	           1923	
 08/14-10:09	2387.800	2388.000	2381.000	2382.200	           6002	
 08/14-10:10	2381.800	2383.600	2381.400	2382.800	           2978	
 08/14-10:11	2383.000	2383.400	2381.200	2383.400	           2494	
 08/14-10:12	2383.200	2383.800	2381.000	2382.000	           2429	
 08/14-10:13	2382.000	2382.000	2379.600	2380.800	           4190	
 08/14-10:14	2381.000	2382.600	2380.400	2381.600	           2075	
 08/14-10:15	2382.200	2382.200	2371.800	2373.600	           7031	
 08/14-10:16	2373.000	2374.400	2372.200	2373.800	           4560	
 08/14-10:17	2374.000	2374.800	2373.200	2373.400	           1775	
 08/14-10:18	2373.200	2374.400	2372.400	2373.400	           2460	
 08/14-10:19	2373.600	2374.600	2372.600	2374.600	           1619	
 08/14-10:20	2374.200	2375.200	2373.200	2373.800	           2063	
 08/14-10:21	2373.400	2374.600	2370.200	2370.200	           2420	
 08/14-10:22	2370.200	2374.000	2370.200	2373.200	           2243	
 08/14-10:23	2373.000	2373.200	2371.000	2373.200	           1384	
 08/14-10:24	2373.000	2375.400	2372.800	2373.400	           2131	
 08/14-10:25	2373.800	2374.000	2372.600	2373.800	           1516	
 08/14-10:26	2373.600	2373.800	2372.400	2373.200	           1291	
 08/14-10:27	2373.200	2373.800	2368.800	2370.600	           3549	
 08/14-10:28	2370.400	2373.200	2370.200	2372.400	           2229	
 08/14-10:29	2372.200	2372.800	2371.200	2372.000	            900	
 08/14-10:30	2372.000	2372.000	2367.000	2367.200	           2789	
 08/14-10:31	2367.000	2369.200	2366.400	2369.000	           2881	
 08/14-10:32	2368.800	2368.800	2366.200	2366.600	           2303	
 08/14-10:33	2366.800	2370.600	2366.600	2370.600	           2432	
 08/14-10:34	2370.800	2372.000	2370.200	2371.600	           2368	
 08/14-10:35	2371.400	2373.400	2371.000	2372.400	           2527	
 08/14-10:36	2372.400	2374.000	2371.800	2373.000	           1863	
 08/14-10:37	2373.000	2374.000	2373.000	2373.600	           1157	
 08/14-10:38	2373.600	2376.400	2373.600	2375.200	           3209	
 08/14-10:39	2375.000	2375.800	2374.000	2374.000	           1343	
 08/14-10:40	2374.200	2376.800	2373.600	2376.000	           1743	
 08/14-10:41	2375.600	2376.600	2374.800	2376.600	           1562	
 08/14-10:42	2376.600	2378.600	2376.000	2376.800	           3090	
 08/14-10:43	2376.800	2378.400	2376.600	2377.800	           1893	
 08/14-10:44	2377.800	2378.600	2377.400	2377.400	           1120	
 08/14-10:45	2377.600	2378.200	2375.600	2375.800	           1996	
 08/14-10:46	2375.600	2376.600	2374.400	2374.600	           2069	
 08/14-10:47	2374.800	2374.800	2372.800	2374.400	           2374	
 08/14-10:48	2374.600	2375.200	2371.000	2371.600	           2412	
 08/14-10:49	2371.400	2372.200	2369.400	2370.600	           3194	
 08/14-10:50	2371.000	2371.600	2369.200	2369.600	           2193	
 08/14-10:51	2369.800	2370.400	2368.600	2369.400	           1813	
 08/14-10:52	2369.200	2370.600	2366.200	2367.600	           2970	
 08/14-10:53	2367.000	2369.800	2367.000	2369.200	           2384	
 08/14-10:54	2369.400	2372.400	2369.000	2371.400	           2856	
 08/14-10:55	2371.000	2373.200	2369.600	2372.600	           2437	
 08/14-10:56	2372.600	2374.800	2372.000	2374.000	           2491	
 08/14-10:57	2373.800	2374.400	2373.200	2374.000	            907	
 08/14-10:58	2374.200	2376.400	2372.400	2375.400	           2562	
 08/14-10:59	2375.200	2375.200	2372.400	2372.400	           1367	
 08/14-11:00	2372.200	2372.600	2361.400	2361.400	           7019	
 08/14-11:01	2361.200	2362.600	2360.400	2362.400	           5034	
 08/14-11:02	2362.400	2363.600	2361.800	2363.200	           2418	
 08/14-11:03	2363.200	2364.200	2361.400	2364.200	           2016	
 08/14-11:04	2364.200	2366.600	2364.200	2365.400	           3396	
 08/14-11:05	2365.200	2367.200	2365.200	2365.800	           2326	
 08/14-11:06	2365.600	2367.400	2364.600	2367.200	           1725	
 08/14-11:07	2367.000	2367.000	2365.200	2366.400	           1056	
 08/14-11:08	2366.400	2367.600	2362.200	2367.600	           3009	
 08/14-11:09	2367.600	2368.000	2366.200	2366.600	           1738	
 08/14-11:10	2366.400	2366.400	2362.400	2364.800	           1879	
 08/14-11:11	2364.800	2365.000	2362.200	2364.000	           2090	
 08/14-11:12	2364.000	2364.400	2362.600	2363.600	           1291	
 08/14-11:13	2363.400	2366.400	2363.400	2365.000	           1629	
 08/14-11:14	2365.200	2365.800	2363.200	2363.400	           1188	
 08/14-11:15	2363.600	2364.800	2361.200	2364.000	           2591	
 08/14-11:16	2364.000	2365.400	2363.400	2365.000	           1897	
 08/14-11:17	2364.800	2368.600	2364.800	2367.800	           2438	
 08/14-11:18	2368.000	2368.400	2367.000	2367.200	           1302	
 08/14-11:19	2367.600	2370.000	2367.400	2370.000	           2322	
 08/14-11:20	2369.800	2371.200	2368.600	2370.200	           2378	
 08/14-11:21	2370.000	2371.200	2368.600	2368.800	           1560	
 08/14-11:22	2368.400	2369.200	2368.200	2369.000	           1115	
 08/14-11:23	2369.000	2369.600	2365.200	2365.600	           2091	
 08/14-11:24	2365.800	2369.000	2365.800	2367.400	           1600	
 08/14-11:25	2367.400	2371.000	2367.000	2368.000	           1857	
 08/14-11:26	2368.200	2368.800	2366.600	2368.600	           1277	
 08/14-11:27	2368.800	2368.800	2365.400	2366.600	           1373	
 08/14-11:28	2366.800	2369.000	2366.600	2368.800	            962	
 08/14-11:29	2369.000	2370.400	2368.200	2369.000	           1349	
 08/14-11:30	2369.000	2370.400	2367.200	2367.200	           1488	
 08/14-13:01	2367.200	2369.000	2366.000	2369.000	           1690	
 08/14-13:02	2368.800	2370.400	2368.800	2370.000	           1379	
 08/14-13:03	2369.800	2370.200	2366.400	2366.600	           1251	
 08/14-13:04	2366.400	2367.200	2365.000	2366.000	           1940	
 08/14-13:05	2366.000	2367.000	2365.400	2366.400	           1258	
 08/14-13:06	2366.200	2366.400	2363.600	2364.000	           1744	
 08/14-13:07	2364.200	2366.200	2364.200	2366.200	            901	
 08/14-13:08	2366.200	2367.000	2365.800	2366.800	            865	
 08/14-13:09	2367.000	2367.600	2366.200	2366.200	            626	
 08/14-13:10	2366.200	2366.800	2364.600	2366.800	           1294	
 08/14-13:11	2367.000	2367.000	2363.600	2364.800	           1313	
 08/14-13:12	2365.000	2365.000	2363.400	2364.600	           1268	
 08/14-13:13	2364.600	2364.600	2363.000	2363.800	           1344	
 08/14-13:14	2363.800	2365.000	2363.400	2364.600	            986	
 08/14-13:15	2364.600	2366.200	2364.000	2365.200	           1412	
 08/14-13:16	2365.200	2366.200	2364.800	2366.000	            783	
 08/14-13:17	2366.000	2366.800	2365.600	2366.000	           1134	
 08/14-13:18	2366.000	2367.200	2366.000	2366.200	           1074	
 08/14-13:19	2366.000	2366.600	2364.600	2366.600	           1187	
 08/14-13:20	2366.600	2366.800	2364.000	2365.000	           1333	
 08/14-13:21	2365.000	2367.600	2365.000	2367.600	            950	
 08/14-13:22	2367.600	2368.400	2367.000	2368.200	           1628	
 08/14-13:23	2368.200	2369.000	2367.000	2367.000	           1622	
 08/14-13:24	2367.000	2368.600	2366.800	2368.000	            911	
 08/14-13:25	2368.000	2368.000	2366.200	2367.200	            929	
 08/14-13:26	2367.400	2367.800	2366.200	2367.400	            945	
 08/14-13:27	2367.600	2367.600	2364.000	2365.200	           2640	
 08/14-13:28	2365.000	2365.600	2364.200	2364.200	            981	
 08/14-13:29	2364.200	2365.400	2364.000	2364.800	           1183	
 08/14-13:30	2364.800	2365.800	2364.000	2365.800	           1196	
 08/14-13:31	2366.000	2370.800	2366.000	2369.000	           4466	
 08/14-13:32	2369.000	2370.000	2367.800	2368.200	           1975	
 08/14-13:33	2368.200	2368.200	2363.200	2365.000	           3742	
 08/14-13:34	2365.200	2368.200	2364.600	2366.600	           2308	
 08/14-13:35	2367.000	2369.000	2366.800	2367.600	           1658	
 08/14-13:36	2367.600	2369.600	2367.400	2369.200	           1736	
 08/14-13:37	2369.400	2369.800	2368.000	2369.200	           1504	
 08/14-13:38	2369.200	2370.400	2368.400	2370.000	           1754	
 08/14-13:39	2370.000	2370.200	2368.000	2370.000	           1708	
 08/14-13:40	2370.200	2372.000	2370.000	2371.200	           3097	
 08/14-13:41	2371.000	2371.600	2369.800	2370.000	           1639	
 08/14-13:42	2370.000	2371.000	2369.400	2371.000	           1289	
 08/14-13:43	2371.000	2371.400	2369.200	2369.200	           1440	
 08/14-13:44	2369.200	2370.000	2368.800	2368.800	           1240	
 08/14-13:45	2369.000	2370.400	2368.000	2370.400	           1799	
 08/14-13:46	2370.600	2374.400	2370.000	2373.600	           5027	
 08/14-13:47	2374.000	2376.200	2373.400	2374.600	           3961	
 08/14-13:48	2374.600	2375.800	2374.000	2375.000	           2211	
 08/14-13:49	2374.000	2375.400	2374.000	2375.000	           1218	
 08/14-13:50	2375.000	2375.000	2373.000	2373.200	           1691	
 08/14-13:51	2373.200	2374.600	2371.200	2371.600	           1972	
 08/14-13:52	2371.800	2372.000	2368.000	2369.000	           4128	
 08/14-13:53	2369.000	2370.200	2369.000	2369.600	           1467	
 08/14-13:54	2369.400	2370.000	2368.200	2370.000	           1467	
 08/14-13:55	2370.000	2370.600	2369.200	2370.400	           1453	
 08/14-13:56	2370.200	2370.600	2367.000	2369.400	           2103	
 08/14-13:57	2369.600	2370.000	2368.400	2368.800	           1203	
 08/14-13:58	2368.600	2369.000	2367.800	2369.000	           1182	
 08/14-13:59	2368.800	2369.000	2367.400	2368.600	           1188	
 08/14-14:00	2368.600	2368.600	2366.000	2368.000	           2081	
 08/14-14:01	2368.800	2369.600	2368.000	2368.600	           1777	
 08/14-14:02	2368.200	2368.800	2367.600	2368.400	            912	
 08/14-14:03	2368.200	2369.400	2366.800	2369.000	           1255	
 08/14-14:04	2368.800	2370.800	2368.400	2368.800	           1749	
 08/14-14:05	2369.000	2369.200	2367.200	2367.800	           1304	
 08/14-14:06	2368.000	2368.800	2366.400	2367.800	           1397	
 08/14-14:07	2367.600	2367.800	2365.200	2366.200	           2155	
 08/14-14:08	2366.200	2368.000	2365.400	2367.800	           1381	
 08/14-14:09	2367.800	2367.800	2366.000	2367.000	           1291	
 08/14-14:10	2367.200	2367.600	2366.200	2366.800	           1101	
 08/14-14:11	2366.800	2367.200	2365.600	2366.000	           1243	
 08/14-14:12	2366.400	2367.200	2365.200	2366.400	           1610	
 08/14-14:13	2366.400	2366.400	2364.200	2365.600	           2060	
 08/14-14:14	2365.800	2367.000	2364.800	2367.000	           1202	
 08/14-14:15	2367.000	2368.000	2366.600	2367.600	           1685	
 08/14-14:16	2367.600	2367.600	2366.400	2366.800	            836	
 08/14-14:17	2366.600	2367.600	2366.200	2366.400	            939	
 08/14-14:18	2366.600	2366.600	2365.200	2366.000	           1317	
 08/14-14:19	2365.600	2365.800	2363.200	2364.400	           2368	
 08/14-14:20	2364.400	2364.800	2358.800	2359.000	           4417	
 08/14-14:21	2359.600	2360.400	2357.200	2359.400	           5409	
 08/14-14:22	2359.400	2361.000	2359.000	2360.600	           2139	
 08/14-14:23	2360.400	2360.600	2359.400	2360.600	           1582	
 08/14-14:24	2360.400	2361.000	2356.800	2357.800	           3421	
 08/14-14:25	2358.000	2361.400	2358.000	2360.600	           2504	
 08/14-14:26	2360.600	2361.000	2360.000	2360.400	           1155	
 08/14-14:27	2360.600	2361.800	2360.600	2360.600	           1598	
 08/14-14:28	2360.800	2360.800	2358.200	2359.000	           2171	
 08/14-14:29	2358.800	2359.800	2358.600	2359.600	           1281	
 08/14-14:30	2359.600	2359.600	2357.400	2359.200	           2102	
 08/14-14:31	2358.800	2360.000	2358.200	2359.800	           1705	
 08/14-14:32	2359.600	2360.200	2358.400	2360.200	           1665	
 08/14-14:33	2360.200	2360.800	2359.000	2359.400	           1647	
 08/14-14:34	2359.000	2360.200	2359.000	2360.000	            803	
 08/14-14:35	2359.600	2360.000	2358.200	2358.400	           1508	
 08/14-14:36	2358.200	2358.600	2356.600	2357.000	           2772	
 08/14-14:37	2356.800	2357.200	2353.200	2353.200	           5142	
 08/14-14:38	2352.800	2354.000	2352.000	2354.000	           3646	
 08/14-14:39	2353.600	2355.400	2353.600	2355.000	           2324	
 08/14-14:40	2355.200	2356.400	2354.800	2355.000	           2382	
 08/14-14:41	2354.800	2355.000	2354.000	2354.800	           1665	
 08/14-14:42	2354.800	2354.800	2351.400	2353.000	           3409	
 08/14-14:43	2353.000	2353.000	2349.400	2351.600	           4639	
 08/14-14:44	2351.200	2351.800	2343.000	2343.800	           5470	
 08/14-14:45	2343.400	2347.400	2343.200	2347.200	           4930	
 08/14-14:46	2347.200	2348.000	2346.200	2347.200	           2542	
 08/14-14:47	2347.200	2347.800	2345.400	2347.000	           2353	
 08/14-14:48	2346.800	2348.400	2346.000	2346.400	           1923	
 08/14-14:49	2346.400	2347.400	2344.600	2347.200	           2125	
 08/14-14:50	2347.200	2350.000	2347.000	2349.400	           3059	
 08/14-14:51	2349.600	2351.200	2349.000	2351.000	           2933	
 08/14-14:52	2351.000	2351.600	2350.400	2350.400	           2168	
 08/14-14:53	2350.400	2352.200	2349.800	2351.800	           2187	
 08/14-14:54	2352.000	2353.200	2351.400	2352.400	           2560	
 08/14-14:55	2352.600	2352.600	2351.400	2352.200	           1648	
 08/14-14:56	2352.400	2353.600	2352.000	2353.000	           1491	
 08/14-14:57	2352.800	2353.200	2351.200	2352.600	           1443	
 08/14-14:58	2352.600	2352.800	2351.800	2352.000	            868	
 08/14-14:59	2352.200	2353.000	2352.000	2352.800	            800	
 08/14-15:00	2353.000	2356.200	2352.800	2355.800	           3119	
 08/14-15:01	2355.600	2356.000	2352.600	2352.600	           2981	
 08/14-15:02	2352.400	2354.800	2352.400	2354.400	           1347	
 08/14-15:03	2354.000	2355.600	2353.400	2353.600	           1776	
 08/14-15:04	2353.400	2353.600	2352.600	2353.200	           1280	
 08/14-15:05	2353.400	2355.200	2353.200	2354.400	           1526	
 08/14-15:06	2354.600	2354.600	2353.000	2353.200	            765	
 08/14-15:07	2353.000	2354.400	2353.000	2354.200	            976	
 08/14-15:08	2354.600	2354.600	2353.000	2353.400	           1051	
 08/14-15:09	2353.000	2354.600	2352.400	2354.000	           1455	
 08/14-15:10	2354.000	2354.400	2353.000	2353.400	           1175	
 08/14-15:11	2353.200	2353.800	2352.400	2353.000	           1198	
 08/14-15:12	2353.400	2353.600	2351.800	2352.800	           1880	
 08/14-15:13	2353.000	2354.200	2352.800	2353.600	           1708	
 08/14-15:14	2353.600	2353.800	2352.600	2353.000	           2184	
 08/14-15:15	2353.400	2354.000	2352.800	2353.400	           2183	
 08/15-09:16	2360.000	2362.600	2357.800	2360.200	           8553	
 08/15-09:17	2360.200	2360.600	2359.400	2359.600	           1540	
 08/15-09:18	2359.600	2359.600	2357.400	2359.200	           1986	
 08/15-09:19	2359.000	2360.400	2358.200	2358.200	           1419	
 08/15-09:20	2358.400	2358.600	2356.000	2357.600	           2445	
 08/15-09:21	2357.200	2357.600	2356.000	2356.400	            947	
 08/15-09:22	2356.600	2357.200	2355.400	2357.000	           1452	
 08/15-09:23	2356.800	2358.200	2356.400	2356.800	           1169	
 08/15-09:24	2356.800	2358.200	2356.200	2357.000	            991	
 08/15-09:25	2356.600	2357.400	2355.000	2355.600	           1224	
 08/15-09:26	2355.800	2357.600	2354.800	2354.800	           1107	
 08/15-09:27	2354.200	2355.800	2353.600	2353.600	           1938	
 08/15-09:28	2353.600	2356.000	2353.600	2355.400	           1563	
 08/15-09:29	2355.200	2356.800	2355.200	2355.600	           1100	
 08/15-09:30	2355.200	2355.600	2351.000	2353.600	           3341	
 08/15-09:31	2352.800	2355.000	2351.800	2353.600	           2363	
 08/15-09:32	2353.800	2356.800	2353.200	2356.000	           2186	
 08/15-09:33	2355.800	2357.800	2355.400	2357.200	           2607	
 08/15-09:34	2357.400	2357.800	2356.000	2357.600	           1784	
 08/15-09:35	2357.800	2359.600	2357.400	2359.400	           3210	
 08/15-09:36	2359.000	2359.200	2357.600	2357.800	           1872	
 08/15-09:37	2357.800	2358.800	2356.200	2358.000	           1937	
 08/15-09:38	2358.000	2362.000	2357.800	2360.600	           3190	
 08/15-09:39	2360.000	2362.400	2359.000	2360.200	           4261	
 08/15-09:40	2360.200	2360.400	2356.400	2357.200	           3821	
 08/15-09:41	2357.200	2357.800	2356.400	2357.200	           1917	
 08/15-09:42	2357.200	2357.600	2356.000	2356.000	           1808	
 08/15-09:43	2356.400	2356.400	2354.400	2355.000	           2737	
 08/15-09:44	2355.400	2356.000	2353.200	2354.200	           2176	
 08/15-09:45	2354.000	2358.000	2354.000	2357.400	           3013	
 08/15-09:46	2357.800	2358.000	2356.600	2356.600	            977	
 08/15-09:47	2356.800	2357.200	2356.200	2356.400	            498	
 08/15-09:48	2356.000	2357.000	2355.000	2357.000	           4120	
 08/15-09:49	2357.000	2360.000	2357.000	2359.600	           4382	
 08/15-09:50	2359.400	2359.800	2358.200	2358.200	           1751	
 08/15-09:51	2358.200	2358.400	2356.000	2357.000	           1767	
 08/15-09:52	2357.200	2359.400	2357.000	2357.600	           1482	
 08/15-09:53	2357.800	2358.000	2356.600	2357.400	           1244	
 08/15-09:54	2357.200	2359.400	2357.000	2358.200	           1597	
 08/15-09:55	2358.200	2358.200	2355.600	2355.600	           1794	
 08/15-09:56	2355.600	2357.000	2354.800	2355.400	           2057	
 08/15-09:57	2355.200	2356.000	2354.600	2355.800	           1514	
 08/15-09:58	2355.800	2355.800	2354.000	2354.800	           1743	
 08/15-09:59	2354.800	2355.200	2353.600	2353.600	           2350	
 08/15-10:00	2353.600	2354.600	2352.600	2353.200	           3273	
 08/15-10:01	2353.000	2355.000	2353.000	2353.800	           1989	
 08/15-10:02	2353.800	2354.400	2352.200	2353.000	           2257	
 08/15-10:03	2352.800	2355.000	2352.600	2354.200	           2235	
 08/15-10:04	2354.000	2356.600	2354.000	2356.400	           2125	
 08/15-10:05	2356.400	2357.800	2356.200	2357.200	           2410	
 08/15-10:06	2357.200	2357.800	2356.400	2356.600	           1646	
 08/15-10:07	2356.800	2357.600	2356.600	2357.000	           1531	
 08/15-10:08	2357.200	2357.600	2356.600	2356.800	           1054	
 08/15-10:09	2357.000	2359.200	2356.800	2358.800	           2885	
 08/15-10:10	2358.800	2360.000	2358.200	2359.200	           2240	
 08/15-10:11	2359.200	2363.600	2359.200	2363.000	           5087	
 08/15-10:12	2363.200	2366.000	2362.800	2363.600	           7174	
 08/15-10:13	2363.800	2364.800	2363.400	2363.600	           2900	
 08/15-10:14	2364.000	2365.600	2362.600	2364.600	           3560	
 08/15-10:15	2364.400	2367.600	2363.000	2367.400	           5838	
 08/15-10:16	2367.200	2367.800	2364.200	2364.200	           3636	
 08/15-10:17	2364.400	2365.000	2363.000	2363.600	           2558	
 08/15-10:18	2363.800	2364.200	2362.600	2363.600	           2299	
 08/15-10:19	2363.200	2363.400	2361.200	2362.400	           2729	
 08/15-10:20	2362.400	2364.400	2361.800	2362.400	           2532	
 08/15-10:21	2362.400	2365.400	2362.400	2364.800	           2262	
 08/15-10:22	2365.000	2365.400	2363.200	2363.400	           1974	
 08/15-10:23	2363.600	2365.200	2363.000	2363.600	           1871	
 08/15-10:24	2364.000	2369.000	2364.000	2367.200	           6261	
 08/15-10:25	2367.600	2369.200	2366.400	2368.400	           4306	
 08/15-10:26	2368.000	2368.200	2366.800	2366.800	           2155	
 08/15-10:27	2366.800	2368.000	2365.800	2367.800	           2487	
 08/15-10:28	2367.200	2367.600	2365.800	2367.400	           2012	
 08/15-10:29	2367.600	2369.000	2366.800	2368.800	           2822	
 08/15-10:30	2368.600	2368.800	2366.000	2366.200	           2867	
 08/15-10:31	2366.000	2366.400	2363.800	2365.400	           3438	
 08/15-10:32	2365.200	2366.200	2363.000	2363.800	           2188	
 08/15-10:33	2363.800	2366.000	2363.400	2365.200	           2504	
 08/15-10:34	2365.400	2365.600	2364.000	2364.400	           1281	
 08/15-10:35	2364.400	2364.800	2362.600	2363.800	           2327	
 08/15-10:36	2363.800	2364.600	2362.000	2363.600	           2151	
 08/15-10:37	2363.600	2363.600	2361.600	2362.000	           2454	
 08/15-10:38	2362.000	2362.000	2356.400	2357.200	           8016	
 08/15-10:39	2357.200	2357.400	2355.400	2357.000	           3948	
 08/15-10:40	2356.600	2357.200	2356.000	2356.400	           2381	
 08/15-10:41	2356.000	2356.400	2353.200	2353.200	           4590	
 08/15-10:42	2353.000	2353.200	2349.000	2351.600	           7519	
 08/15-10:43	2351.800	2353.200	2351.600	2352.800	           3126	
 08/15-10:44	2352.800	2353.800	2352.400	2353.200	           2418	
 08/15-10:45	2353.400	2353.400	2351.800	2352.800	           2709	
 08/15-10:46	2353.200	2353.400	2352.400	2352.800	           1144	
 08/15-10:47	2352.800	2353.400	2352.400	2352.800	           1705	
 08/15-10:48	2352.800	2354.000	2352.800	2352.800	           2088	
 08/15-10:49	2352.800	2353.600	2351.200	2352.200	           2887	
 08/15-10:50	2352.000	2353.000	2351.400	2352.800	           1935	
 08/15-10:51	2352.200	2353.600	2350.600	2353.600	           2528	
 08/15-10:52	2353.600	2353.800	2352.400	2353.200	           1796	
 08/15-10:53	2353.200	2354.600	2352.200	2352.200	           1959	
 08/15-10:54	2352.600	2353.200	2349.400	2350.400	           2996	
 08/15-10:55	2350.400	2350.600	2347.000	2349.600	           6076	
 08/15-10:56	2349.600	2351.200	2349.400	2350.800	           1876	
 08/15-10:57	2351.000	2354.000	2349.800	2354.000	           2825	
 08/15-10:58	2354.200	2354.200	2352.800	2353.000	           1797	
 08/15-10:59	2352.800	2353.800	2352.400	2353.800	           1461	
 08/15-11:00	2353.400	2354.400	2353.200	2353.400	           2035	
 08/15-11:01	2354.000	2354.000	2351.400	2353.200	           1993	
 08/15-11:02	2353.400	2353.800	2352.800	2353.000	           1150	
 08/15-11:03	2352.800	2353.200	2351.600	2352.800	           1515	
 08/15-11:04	2353.000	2354.000	2352.000	2353.400	           1498	
 08/15-11:05	2353.400	2354.200	2351.800	2351.800	           1992	
 08/15-11:06	2351.800	2353.000	2351.000	2352.800	           1860	
 08/15-11:07	2352.600	2353.200	2350.800	2353.000	           1591	
 08/15-11:08	2352.600	2353.600	2352.400	2353.400	           1196	
 08/15-11:09	2353.200	2354.000	2349.600	2350.200	           2719	
 08/15-11:10	2350.600	2351.400	2349.000	2349.400	           2401	
 08/15-11:11	2349.400	2350.200	2348.000	2349.200	           2648	
 08/15-11:12	2349.200	2350.200	2346.600	2346.600	           2748	
 08/15-11:13	2346.600	2349.000	2346.200	2347.600	           2975	
 08/15-11:14	2347.600	2348.600	2346.000	2347.600	           2377	
 08/15-11:15	2347.600	2350.800	2347.600	2350.800	           3033	
 08/15-11:16	2350.400	2352.800	2350.000	2352.600	           4012	
 08/15-11:17	2352.800	2353.400	2352.000	2352.400	           1465	
 08/15-11:18	2352.600	2353.000	2351.600	2352.800	           1337	
 08/15-11:19	2352.600	2356.600	2352.600	2355.600	           4489	
 08/15-11:20	2355.800	2357.400	2355.800	2356.400	           5241	
 08/15-11:21	2356.400	2356.600	2355.600	2356.600	           2415	
 08/15-11:22	2356.400	2357.000	2355.800	2356.600	           2202	
 08/15-11:23	2356.200	2358.000	2355.800	2355.800	           2955	
 08/15-11:24	2356.200	2356.400	2354.600	2356.000	           1649	
 08/15-11:25	2356.400	2357.800	2356.200	2356.200	           2465	
 08/15-11:26	2356.600	2357.000	2355.800	2356.600	           1906	
 08/15-11:27	2356.600	2356.800	2355.800	2356.200	           1143	
 08/15-11:28	2356.400	2358.600	2356.000	2356.600	           2350	
 08/15-11:29	2356.400	2356.600	2355.400	2356.000	           1321	
 08/15-11:30	2356.200	2356.600	2350.000	2351.000	           4587	
 08/15-13:01	2351.200	2352.000	2351.000	2351.200	           2244	
 08/15-13:02	2351.200	2352.000	2350.400	2351.600	           1564	
 08/15-13:03	2351.800	2352.600	2351.400	2351.800	           1201	
 08/15-13:04	2351.600	2352.000	2350.600	2350.600	           1958	
 08/15-13:05	2350.600	2351.200	2349.200	2350.800	           2712	
 08/15-13:06	2350.800	2351.600	2350.800	2351.600	            940	
 08/15-13:07	2351.600	2351.800	2349.600	2350.200	           1429	
 08/15-13:08	2350.000	2350.400	2349.400	2349.800	           1388	
 08/15-13:09	2350.000	2350.600	2348.800	2349.400	           1600	
 08/15-13:10	2349.600	2349.600	2343.200	2343.200	           7156	
 08/15-13:11	2344.000	2345.000	2343.400	2344.200	           3861	
 08/15-13:12	2344.200	2345.600	2343.800	2345.000	           2338	
 08/15-13:13	2344.800	2345.400	2344.200	2345.000	           1289	
 08/15-13:14	2345.200	2345.200	2343.400	2344.200	           2678	
 08/15-13:15	2344.200	2344.800	2340.200	2340.600	           6938	
 08/15-13:16	2340.800	2343.600	2340.200	2343.400	           3932	
 08/15-13:17	2343.600	2344.800	2343.200	2344.200	           3083	
 08/15-13:18	2344.000	2344.600	2343.200	2344.400	           1781	
 08/15-13:19	2344.400	2344.800	2343.800	2343.800	           1271	
 08/15-13:20	2344.000	2346.000	2343.800	2345.800	           2431	
 08/15-13:21	2346.000	2346.400	2344.600	2344.800	           2000	
 08/15-13:22	2344.800	2345.600	2344.200	2345.000	           1462	
 08/15-13:23	2344.600	2345.200	2344.000	2344.400	           1356	
 08/15-13:24	2344.400	2346.000	2343.200	2343.800	           1895	
 08/15-13:25	2343.400	2345.600	2343.400	2344.000	           1550	
 08/15-13:26	2344.400	2347.600	2343.800	2346.800	           3214	
 08/15-13:27	2346.600	2347.800	2346.600	2347.800	           2471	
 08/15-13:28	2348.000	2348.600	2347.600	2348.000	           2405	
 08/15-13:29	2348.000	2348.800	2347.600	2348.600	           1817	
 08/15-13:30	2348.400	2349.400	2348.200	2349.000	           2819	
 08/15-13:31	2348.800	2349.000	2348.000	2348.000	           1638	
 08/15-13:32	2347.800	2349.600	2347.800	2348.400	           2426	
 08/15-13:33	2348.600	2349.000	2347.600	2348.600	           1723	
 08/15-13:34	2348.400	2349.000	2347.200	2347.200	           1976	
 08/15-13:35	2347.400	2348.000	2347.000	2347.800	           1743	
 08/15-13:36	2347.600	2347.600	2344.200	2345.400	           3235	
 08/15-13:37	2345.200	2346.400	2344.800	2345.000	           1907	
 08/15-13:38	2345.400	2345.600	2344.200	2344.800	           2293	
 08/15-13:39	2344.600	2345.200	2343.800	2344.600	           2365	
 08/15-13:40	2344.400	2345.400	2343.000	2344.800	           2750	
 08/15-13:41	2345.200	2345.600	2343.000	2343.000	           2372	
 08/15-13:42	2342.800	2343.000	2340.200	2341.400	           5438	
 08/15-13:43	2341.400	2341.600	2338.600	2339.800	           5916	
 08/15-13:44	2340.200	2340.800	2339.000	2339.000	           2471	
 08/15-13:45	2339.600	2341.800	2338.600	2341.800	           3609	
 08/15-13:46	2341.400	2343.400	2341.400	2343.200	           3167	
 08/15-13:47	2343.000	2343.400	2342.400	2342.400	           1324	
 08/15-13:48	2342.600	2344.000	2342.400	2343.600	           1902	
 08/15-13:49	2343.600	2344.800	2343.400	2343.800	           2208	
 08/15-13:50	2344.000	2344.000	2342.400	2343.000	           1381	
 08/15-13:51	2342.800	2344.200	2342.000	2342.000	           1695	
 08/15-13:52	2342.000	2342.800	2337.600	2339.200	           4940	
 08/15-13:53	2339.200	2340.600	2338.800	2339.200	           2483	
 08/15-13:54	2339.000	2339.800	2337.800	2339.800	           2913	
 08/15-13:55	2339.800	2340.400	2336.200	2337.600	           5473	
 08/15-13:56	2337.400	2339.800	2337.200	2339.600	           2584	
 08/15-13:57	2339.800	2340.800	2339.000	2339.200	           2190	
 08/15-13:58	2339.400	2339.400	2337.000	2339.200	           2670	
 08/15-13:59	2339.200	2339.400	2336.600	2337.800	           2774	
 08/15-14:00	2337.600	2338.800	2335.800	2338.000	           4910	
 08/15-14:01	2338.200	2339.600	2338.200	2339.400	           2401	
 08/15-14:02	2339.400	2339.800	2338.800	2339.800	           2654	
 08/15-14:03	2339.400	2342.800	2339.400	2342.200	           4410	
 08/15-14:04	2342.000	2343.800	2341.800	2343.000	           3512	
 08/15-14:05	2342.800	2344.200	2342.800	2343.000	           3136	
 08/15-14:06	2342.800	2344.600	2342.600	2344.600	           2227	
 08/15-14:07	2344.600	2345.000	2343.800	2343.800	           3443	
 08/15-14:08	2344.000	2344.400	2343.200	2343.400	           1894	
 08/15-14:09	2343.400	2344.000	2342.800	2344.000	           1999	
 08/15-14:10	2344.200	2345.000	2344.000	2344.400	           2891	
 08/15-14:11	2344.600	2344.800	2343.000	2343.200	           2054	
 08/15-14:12	2343.200	2343.400	2340.800	2341.000	           3383	
 08/15-14:13	2341.000	2341.800	2339.000	2341.400	           3774	
 08/15-14:14	2341.200	2344.800	2341.000	2344.000	           3661	
 08/15-14:15	2344.200	2344.600	2337.000	2337.200	           5727	
 08/15-14:16	2337.400	2337.400	2334.000	2336.600	           7824	
 08/15-14:17	2336.600	2336.800	2333.000	2336.000	           5116	
 08/15-14:18	2335.800	2336.800	2334.400	2335.000	           2275	
 08/15-14:19	2335.200	2337.200	2335.000	2335.600	           2362	
 08/15-14:20	2335.400	2336.400	2334.000	2335.800	           2956	
 08/15-14:21	2335.400	2336.000	2332.400	2333.800	           3630	
 08/15-14:22	2333.400	2335.200	2332.400	2335.200	           2548	
 08/15-14:23	2335.400	2336.400	2335.200	2336.000	           1985	
 08/15-14:24	2335.600	2337.000	2333.800	2334.000	           2493	
 08/15-14:25	2334.200	2335.800	2334.000	2335.000	           1860	
 08/15-14:26	2335.200	2336.000	2334.200	2336.000	           1540	
 08/15-14:27	2336.000	2337.000	2335.000	2336.000	           2263	
 08/15-14:28	2336.200	2338.800	2334.600	2335.400	           4433	
 08/15-14:29	2335.600	2335.600	2331.800	2334.600	           5800	
 08/15-14:30	2334.400	2337.400	2334.200	2336.000	           3399	
 08/15-14:31	2335.800	2336.800	2331.200	2332.600	           3915	
 08/15-14:32	2332.200	2333.800	2331.600	2332.600	           2568	
 08/15-14:33	2332.800	2332.800	2331.200	2332.600	           2621	
 08/15-14:34	2332.400	2332.400	2331.000	2331.800	           2308	
 08/15-14:35	2332.000	2332.800	2331.400	2332.000	           1963	
 08/15-14:36	2332.200	2333.400	2330.800	2332.800	           2898	
 08/15-14:37	2333.000	2333.800	2332.400	2333.800	           1676	
 08/15-14:38	2333.600	2334.200	2333.200	2334.000	           2516	
 08/15-14:39	2334.200	2335.600	2333.000	2333.000	           4159	
 08/15-14:40	2332.800	2333.400	2330.200	2330.600	           3901	
 08/15-14:41	2330.600	2332.400	2330.200	2330.800	           2651	
 08/15-14:42	2331.000	2332.600	2331.000	2331.000	           2012	
 08/15-14:43	2331.000	2332.200	2329.200	2330.400	           4206	
 08/15-14:44	2330.400	2330.800	2328.200	2330.800	           4136	
 08/15-14:45	2330.800	2330.800	2327.600	2327.800	           3021	
 08/15-14:46	2328.000	2329.400	2327.200	2328.000	           2958	
 08/15-14:47	2328.000	2328.800	2325.400	2325.800	           3484	
 08/15-14:48	2325.600	2327.000	2323.400	2326.800	           5206	
 08/15-14:49	2327.000	2327.200	2325.800	2327.000	           1875	
 08/15-14:50	2327.000	2328.400	2326.200	2328.200	           2706	
 08/15-14:51	2328.000	2328.600	2325.400	2325.600	           2509	
 08/15-14:52	2325.400	2326.000	2321.000	2322.000	           5169	
 08/15-14:53	2321.800	2322.800	2321.400	2322.800	           3385	
 08/15-14:54	2322.800	2322.800	2320.800	2322.200	           2708	
 08/15-14:55	2322.000	2322.800	2318.800	2320.200	           4927	
 08/15-14:56	2320.200	2322.600	2320.200	2322.200	           2797	
 08/15-14:57	2322.200	2323.200	2322.000	2322.800	           1968	
 08/15-14:58	2323.000	2324.400	2321.200	2324.400	           2682	
 08/15-14:59	2324.200	2325.000	2322.800	2323.400	           2619	
 08/15-15:00	2323.400	2324.200	2322.800	2323.800	           2014	
 08/15-15:01	2323.400	2324.200	2322.400	2323.200	           2154	
 08/15-15:02	2323.000	2323.000	2318.200	2319.800	           4588	
 08/15-15:03	2319.800	2321.800	2319.800	2321.600	           2141	
 08/15-15:04	2321.400	2321.800	2320.000	2320.600	           1324	
 08/15-15:05	2320.800	2323.400	2320.600	2322.800	           1959	
 08/15-15:06	2322.400	2322.800	2321.000	2321.800	           1195	
 08/15-15:07	2321.800	2322.800	2321.600	2321.600	            869	
 08/15-15:08	2321.800	2324.200	2319.400	2323.400	           3539	
 08/15-15:09	2323.400	2325.800	2322.400	2325.200	           3082	
 08/15-15:10	2325.400	2331.400	2324.600	2326.600	           5255	
 08/15-15:11	2326.600	2327.600	2325.400	2327.000	           2467	
 08/15-15:12	2327.000	2328.400	2326.600	2327.600	           2465	
 08/15-15:13	2327.400	2328.800	2326.800	2327.400	           2561	
 08/15-15:14	2327.400	2330.600	2327.200	2330.000	           4505	
 08/15-15:15	2329.600	2330.600	2329.000	2329.600	           2162	