 08/05-09:16	2244.800	2254.200	2244.800	2253.000	           7566	
 08/05-09:17	2252.600	2252.800	2250.600	2251.400	           2681	
 08/05-09:18	2251.600	2252.600	2249.600	2250.800	           2596	
 08/05-09:19	2250.400	2251.000	2248.800	2250.000	           2174	
 08/05-09:20	2250.000	2250.000	2243.000	2244.400	           3981	
 08/05-09:21	2244.600	2246.000	2243.800	2243.800	           2414	
 08/05-09:22	2243.800	2244.600	2241.200	2244.400	           2396	
 08/05-09:23	2244.800	2245.600	2244.000	2244.400	           1588	
 08/05-09:24	2244.000	2246.000	2243.600	2245.200	           1385	
 08/05-09:25	2245.400	2245.400	2240.400	2241.600	           2999	
 08/05-09:26	2241.600	2241.800	2239.000	2240.000	           2695	
 08/05-09:27	2240.000	2241.600	2238.200	2238.600	           2349	
 08/05-09:28	2238.800	2239.600	2236.000	2238.400	           2998	
 08/05-09:29	2238.400	2238.800	2237.000	2237.400	           1455	
 08/05-09:30	2237.600	2238.600	2237.000	2237.000	           1464	
 08/05-09:31	2237.000	2237.000	2232.200	2236.400	           4900	
 08/05-09:32	2236.800	2237.800	2234.200	2237.400	           2716	
 08/05-09:33	2237.600	2237.800	2234.800	2235.200	           1751	
 08/05-09:34	2234.800	2239.600	2234.400	2238.600	           3268	
 08/05-09:35	2238.800	2241.800	2237.200	2239.600	           4175	
 08/05-09:36	2240.000	2240.000	2232.400	2232.400	           4324	
 08/05-09:37	2233.200	2236.000	2232.000	2235.200	           3938	
 08/05-09:38	2235.400	2235.400	2233.600	2234.600	           1578	
 08/05-09:39	2234.600	2235.800	2233.000	2233.400	           1875	
 08/05-09:40	2233.400	2235.400	2231.600	2234.000	           3164	
 08/05-09:41	2234.200	2238.200	2234.200	2236.400	           3111	
 08/05-09:42	2236.200	2238.800	2235.000	2238.600	           2136	
 08/05-09:43	2238.400	2241.600	2238.400	2241.000	           4162	
 08/05-09:44	2240.800	2243.400	2240.200	2242.000	           4026	
 08/05-09:45	2242.000	2245.800	2241.200	2245.400	           4459	
 08/05-09:46	2245.200	2248.600	2244.000	2246.000	           5980	
 08/05-09:47	2246.600	2247.400	2244.200	2245.400	           3355	
 08/05-09:48	2245.200	2248.800	2244.200	2248.600	           4058	
 08/05-09:49	2248.600	2248.600	2243.200	2243.400	           4736	
 08/05-09:50	2243.600	2244.800	2242.800	2243.400	           2608	
 08/05-09:51	2244.000	2244.000	2241.200	2242.600	           3168	
 08/05-09:52	2242.800	2244.800	2242.800	2244.000	           1877	
 08/05-09:53	2244.000	2244.400	2241.000	2241.000	           2994	
 08/05-09:54	2241.200	2242.200	2236.800	2236.800	           4684	
 08/05-09:55	2237.200	2237.600	2234.600	2234.800	           5117	
 08/05-09:56	2235.400	2236.000	2232.200	2233.800	           4873	
 08/05-09:57	2233.800	2234.800	2233.000	2233.600	           2277	
 08/05-09:58	2233.600	2235.000	2231.800	2234.800	           4220	
 08/05-09:59	2234.800	2235.000	2232.400	2234.800	           2357	
 08/05-10:00	2235.000	2235.800	2233.200	2234.000	           2615	
 08/05-10:01	2234.000	2235.800	2234.000	2234.400	           1426	
 08/05-10:02	2234.800	2234.800	2228.800	2232.000	           8071	
 08/05-10:03	2232.400	2234.600	2231.200	2234.000	           3624	
 08/05-10:04	2234.600	2237.400	2234.600	2236.000	           3996	
 08/05-10:05	2235.800	2236.200	2234.800	2235.800	           1917	
 08/05-10:06	2235.600	2236.200	2232.200	2232.800	           2488	
 08/05-10:07	2232.600	2233.600	2231.200	2231.800	           2585	
 08/05-10:08	2231.800	2233.200	2231.200	2232.800	           2206	
 08/05-10:09	2232.400	2234.400	2231.800	2232.000	           2470	
 08/05-10:10	2232.000	2234.400	2229.800	2233.600	           3574	
 08/05-10:11	2233.800	2235.800	2233.000	2234.800	           2396	
 08/05-10:12	2234.800	2235.400	2233.200	2234.400	           1688	
 08/05-10:13	2234.400	2238.200	2234.200	2237.000	           4882	
 08/05-10:14	2237.000	2239.000	2236.800	2237.200	           2641	
 08/05-10:15	2237.200	2237.800	2236.600	2237.600	           1624	
 08/05-10:16	2237.800	2238.400	2236.600	2238.200	           1881	
 08/05-10:17	2238.200	2238.600	2236.600	2237.400	           1927	
 08/05-10:18	2237.400	2240.000	2235.800	2240.000	           3069	
 08/05-10:19	2240.000	2240.200	2234.200	2235.000	           4358	
 08/05-10:20	2235.200	2236.000	2233.000	2234.000	           2508	
 08/05-10:21	2234.200	2236.800	2233.200	2236.200	           1911	
 08/05-10:22	2235.800	2236.400	2233.000	2233.000	           1649	
 08/05-10:23	2233.000	2238.000	2232.800	2237.400	           2501	
 08/05-10:24	2237.400	2240.000	2237.000	2240.000	           4188	
 08/05-10:25	2239.600	2242.800	2239.600	2241.600	           5513	
 08/05-10:26	2241.600	2242.600	2240.800	2241.400	           2328	
 08/05-10:27	2241.400	2241.400	2239.600	2240.600	           2318	
 08/05-10:28	2240.800	2242.200	2240.200	2242.000	           2606	
 08/05-10:29	2242.200	2243.400	2239.200	2243.400	           2977	
 08/05-10:30	2243.800	2243.800	2240.600	2241.400	           2772	
 08/05-10:31	2241.400	2242.600	2240.000	2241.600	           1990	
 08/05-10:32	2241.000	2242.600	2239.600	2241.400	           2328	
 08/05-10:33	2241.600	2243.200	2240.400	2242.200	           2229	
 08/05-10:34	2242.000	2242.600	2237.600	2238.000	           4677	
 08/05-10:35	2238.000	2238.200	2236.400	2237.400	           3663	
 08/05-10:36	2237.400	2237.800	2236.000	2237.200	           2080	
 08/05-10:37	2237.600	2241.800	2237.000	2241.800	           3669	
 08/05-10:38	2241.200	2242.000	2239.800	2240.600	           2748	
 08/05-10:39	2240.800	2241.400	2237.600	2239.000	           2353	
 08/05-10:40	2239.000	2241.000	2238.400	2239.200	           1598	
 08/05-10:41	2239.400	2239.400	2236.000	2237.000	           3519	
 08/05-10:42	2237.600	2239.600	2237.000	2238.200	           1584	
 08/05-10:43	2238.200	2239.800	2236.600	2239.000	           2036	
 08/05-10:44	2239.000	2240.600	2238.400	2239.000	           2037	
 08/05-10:45	2239.000	2244.800	2239.000	2244.800	           4121	
 08/05-10:46	2245.000	2247.200	2243.400	2243.400	           7486	
 08/05-10:47	2243.200	2243.200	2241.600	2241.600	           2864	
 08/05-10:48	2241.600	2242.000	2236.400	2237.600	           5916	
 08/05-10:49	2237.800	2238.200	2235.600	2237.400	           3600	
 08/05-10:50	2237.400	2238.600	2237.200	2237.200	           1732	
 08/05-10:51	2237.400	2240.000	2237.000	2240.000	           1905	
 08/05-10:52	2240.000	2240.200	2238.000	2239.800	           1831	
 08/05-10:53	2239.800	2241.800	2238.800	2240.600	           2465	
 08/05-10:54	2240.400	2241.400	2238.600	2239.000	           1622	
 08/05-10:55	2239.000	2239.200	2235.800	2236.200	           3726	
 08/05-10:56	2236.200	2237.200	2235.800	2236.800	           1773	
 08/05-10:57	2236.600	2236.800	2235.200	2236.400	           2080	
 08/05-10:58	2236.800	2238.200	2236.200	2237.400	           1590	
 08/05-10:59	2237.600	2240.600	2237.200	2239.200	           2260	
 08/05-11:00	2239.200	2239.200	2237.000	2237.800	           1663	
 08/05-11:01	2237.800	2238.800	2236.000	2236.400	           1834	
 08/05-11:02	2236.800	2237.200	2235.600	2235.600	           1128	
 08/05-11:03	2235.600	2237.200	2234.400	2236.600	           3012	
 08/05-11:04	2236.800	2237.200	2235.200	2235.600	           1611	
 08/05-11:05	2235.600	2235.800	2233.800	2234.200	           2446	
 08/05-11:06	2234.400	2234.800	2233.600	2234.400	           2224	
 08/05-11:07	2234.400	2236.600	2234.000	2234.800	           2484	
 08/05-11:08	2234.800	2236.400	2234.800	2235.200	           1265	
 08/05-11:09	2235.000	2236.800	2235.000	2236.200	           1492	
 08/05-11:10	2236.400	2237.200	2235.000	2235.600	           1819	
 08/05-11:11	2235.600	2238.200	2235.200	2237.000	           1941	
 08/05-11:12	2237.200	2238.000	2236.200	2236.800	           1455	
 08/05-11:13	2236.800	2238.400	2236.600	2238.400	           1652	
 08/05-11:14	2238.200	2240.400	2237.800	2239.400	           3923	
 08/05-11:15	2239.800	2239.800	2236.800	2236.800	           2282	
 08/05-11:16	2236.400	2238.200	2235.600	2236.200	           2452	
 08/05-11:17	2236.000	2237.200	2235.600	2237.000	           1366	
 08/05-11:18	2237.000	2240.200	2237.000	2238.800	           2993	
 08/05-11:19	2239.000	2241.200	2238.600	2240.800	           3001	
 08/05-11:20	2240.400	2241.000	2239.600	2240.400	           1650	
 08/05-11:21	2240.600	2242.000	2240.400	2241.800	           2381	
 08/05-11:22	2241.800	2242.000	2239.400	2240.400	           2669	
 08/05-11:23	2240.200	2240.800	2239.200	2239.800	           1438	
 08/05-11:24	2240.000	2240.600	2238.400	2239.200	           1811	
 08/05-11:25	2239.200	2240.800	2238.600	2240.000	           2032	
 08/05-11:26	2240.000	2240.000	2237.000	2237.400	           2521	
 08/05-11:27	2237.400	2239.400	2237.000	2238.800	           1848	
 08/05-11:28	2239.400	2239.800	2237.200	2238.400	           1840	
 08/05-11:29	2238.400	2240.600	2238.000	2240.600	           1722	
 08/05-11:30	2240.600	2241.000	2240.000	2240.400	           2583	
 08/05-13:01	2240.800	2243.400	2240.200	2243.200	           2968	
 08/05-13:02	2243.200	2243.200	2241.200	2241.400	           1966	
 08/05-13:03	2242.000	2242.600	2241.200	2241.800	           1073	
 08/05-13:04	2241.800	2242.600	2240.800	2242.000	           1580	
 08/05-13:05	2242.400	2244.400	2241.000	2241.600	           2638	
 08/05-13:06	2241.600	2241.800	2240.800	2241.000	           1184	
 08/05-13:07	2241.400	2243.000	2241.000	2243.000	           1207	
 08/05-13:08	2242.800	2243.000	2241.600	2242.800	           1073	
 08/05-13:09	2242.800	2242.800	2241.400	2241.800	            970	
 08/05-13:10	2241.800	2243.800	2241.800	2243.000	           1906	
 08/05-13:11	2243.000	2244.800	2243.000	2244.400	           2931	
 08/05-13:12	2244.000	2244.400	2243.600	2243.800	           1657	
 08/05-13:13	2243.800	2244.200	2242.800	2243.200	           1802	
 08/05-13:14	2243.200	2244.000	2242.800	2244.000	           1183	
 08/05-13:15	2244.200	2248.800	2243.800	2248.600	           6952	
 08/05-13:16	2248.800	2249.000	2246.400	2246.800	           4392	
 08/05-13:17	2246.800	2246.800	2245.400	2246.400	           2824	
 08/05-13:18	2246.400	2246.600	2244.200	2244.800	           3002	
 08/05-13:19	2244.800	2245.800	2244.400	2245.600	           2199	
 08/05-13:20	2245.600	2246.200	2244.400	2246.200	           1828	
 08/05-13:21	2245.800	2247.600	2245.000	2247.400	           2264	
 08/05-13:22	2247.200	2247.400	2243.200	2244.200	           3839	
 08/05-13:23	2244.000	2245.200	2243.000	2243.400	           2083	
 08/05-13:24	2243.600	2245.000	2243.400	2243.800	           1696	
 08/05-13:25	2244.000	2245.600	2243.600	2245.200	           1935	
 08/05-13:26	2244.800	2245.400	2242.600	2244.200	           2679	
 08/05-13:27	2244.200	2248.800	2244.200	2247.400	           5249	
 08/05-13:28	2247.400	2248.400	2246.400	2246.600	           2499	
 08/05-13:29	2246.600	2247.000	2245.200	2245.600	           2131	
 08/05-13:30	2245.000	2247.400	2244.600	2247.400	           1869	
 08/05-13:31	2247.400	2257.600	2247.200	2253.800	          13410	
 08/05-13:32	2253.400	2255.600	2253.000	2254.000	           5412	
 08/05-13:33	2254.200	2256.600	2253.800	2255.200	           4281	
 08/05-13:34	2254.600	2254.800	2249.600	2250.200	           5879	
 08/05-13:35	2250.000	2251.200	2249.200	2250.800	           2750	
 08/05-13:36	2251.000	2252.200	2250.000	2250.600	           2328	
 08/05-13:37	2250.800	2251.600	2248.600	2249.200	           3056	
 08/05-13:38	2249.200	2249.400	2248.000	2248.600	           2936	
 08/05-13:39	2249.000	2250.400	2248.200	2250.000	           2161	
 08/05-13:40	2250.200	2252.200	2249.400	2250.000	           2860	
 08/05-13:41	2250.400	2252.200	2250.000	2251.600	           2570	
 08/05-13:42	2251.600	2253.800	2249.600	2251.000	           4166	
 08/05-13:43	2250.800	2254.000	2250.400	2252.800	           3252	
 08/05-13:44	2252.600	2254.800	2252.000	2252.800	           2885	
 08/05-13:45	2252.400	2253.200	2251.600	2251.600	           2165	
 08/05-13:46	2251.400	2252.200	2249.800	2249.800	           3715	
 08/05-13:47	2250.000	2252.200	2249.800	2251.200	           2324	
 08/05-13:48	2251.200	2254.600	2251.200	2253.000	           3074	
 08/05-13:49	2252.800	2258.800	2252.400	2256.800	           8316	
 08/05-13:50	2256.600	2257.000	2252.800	2254.600	           4692	
 08/05-13:51	2254.400	2254.600	2252.200	2253.600	           2944	
 08/05-13:52	2253.600	2255.200	2253.400	2253.800	           2489	
 08/05-13:53	2254.000	2255.200	2253.400	2254.400	           1789	
 08/05-13:54	2254.400	2254.600	2251.200	2251.600	           3801	
 08/05-13:55	2251.600	2253.600	2251.600	2252.200	           1830	
 08/05-13:56	2252.200	2253.200	2252.000	2252.800	           1438	
 08/05-13:57	2252.600	2254.600	2252.000	2253.800	           2034	
 08/05-13:58	2253.800	2257.800	2252.200	2256.400	           4964	
 08/05-13:59	2256.200	2256.200	2254.400	2255.800	           2432	
 08/05-14:00	2255.800	2264.400	2254.600	2262.600	          12372	
 08/05-14:01	2262.400	2262.400	2259.600	2261.600	           4704	
 08/05-14:02	2261.800	2264.800	2259.200	2260.400	           5687	
 08/05-14:03	2260.000	2262.800	2259.600	2261.800	           2924	
 08/05-14:04	2261.800	2262.200	2260.400	2261.200	           2437	
 08/05-14:05	2261.200	2261.400	2259.400	2259.800	           3120	
 08/05-14:06	2260.000	2260.200	2256.000	2257.000	           4994	
 08/05-14:07	2257.000	2257.600	2255.400	2256.000	           3268	
 08/05-14:08	2256.200	2257.600	2256.000	2257.400	           2250	
 08/05-14:09	2257.400	2258.000	2253.600	2254.000	           5120	
 08/05-14:10	2254.400	2254.600	2251.600	2253.000	           5073	
 08/05-14:11	2253.200	2253.800	2249.000	2249.000	           6189	
 08/05-14:12	2248.600	2250.600	2248.600	2249.400	           4347	
 08/05-14:13	2249.200	2250.400	2248.400	2250.200	           3276	
 08/05-14:14	2250.200	2250.400	2249.200	2250.000	           2004	
 08/05-14:15	2250.200	2250.600	2247.600	2247.600	           4758	
 08/05-14:16	2248.000	2249.800	2247.200	2249.200	           2910	
 08/05-14:17	2249.200	2249.800	2248.400	2248.800	           1844	
 08/05-14:18	2248.800	2250.400	2248.000	2248.000	           2707	
 08/05-14:19	2248.200	2249.600	2247.000	2249.200	           3574	
 08/05-14:20	2249.200	2250.200	2249.000	2249.800	           1840	
 08/05-14:21	2249.600	2249.800	2247.600	2249.400	           1700	
 08/05-14:22	2249.600	2251.000	2249.600	2250.000	           2310	
 08/05-14:23	2250.000	2251.800	2249.600	2250.400	           2298	
 08/05-14:24	2250.400	2252.200	2250.000	2252.200	           2092	
 08/05-14:25	2252.400	2253.000	2251.800	2252.800	           2377	
 08/05-14:26	2252.800	2252.800	2251.600	2252.800	           1798	
 08/05-14:27	2252.800	2257.000	2252.200	2256.400	           4822	
 08/05-14:28	2256.200	2259.400	2254.800	2259.400	           5950	
 08/05-14:29	2259.800	2266.800	2259.800	2264.200	          12743	
 08/05-14:30	2264.200	2268.400	2264.000	2265.800	           7480	
 08/05-14:31	2265.800	2266.000	2264.200	2264.400	           4507	
 08/05-14:32	2264.400	2267.600	2263.800	2265.400	           4901	
 08/05-14:33	2265.600	2270.000	2264.600	2264.600	           7047	
 08/05-14:34	2264.600	2265.400	2262.800	2263.000	           5096	
 08/05-14:35	2263.200	2270.000	2263.200	2269.400	           5941	
 08/05-14:36	2269.400	2270.400	2266.200	2270.400	           4918	
 08/05-14:37	2270.400	2271.200	2266.800	2267.400	           4506	
 08/05-14:38	2267.800	2267.800	2264.200	2265.400	           3960	
 08/05-14:39	2265.200	2268.200	2265.000	2268.200	           2673	
 08/05-14:40	2267.800	2272.000	2267.400	2267.400	           6042	
 08/05-14:41	2267.400	2269.400	2265.600	2266.000	           2843	
 08/05-14:42	2266.200	2268.600	2266.000	2266.000	           2343	
 08/05-14:43	2266.200	2266.600	2263.200	2264.200	           5490	
 08/05-14:44	2264.200	2265.200	2263.800	2264.600	           2120	
 08/05-14:45	2264.400	2268.800	2264.400	2267.600	           3833	
 08/05-14:46	2267.000	2267.600	2265.000	2266.400	           2362	
 08/05-14:47	2266.400	2269.800	2265.800	2268.400	           4311	
 08/05-14:48	2268.200	2270.000	2267.600	2269.600	           3242	
 08/05-14:49	2269.200	2269.800	2268.000	2268.000	           1881	
 08/05-14:50	2268.400	2269.000	2267.000	2267.600	           2123	
 08/05-14:51	2267.600	2267.800	2264.600	2265.400	           3587	
 08/05-14:52	2265.400	2267.200	2265.200	2265.600	           1711	
 08/05-14:53	2265.600	2266.600	2264.200	2266.000	           1958	
 08/05-14:54	2265.800	2268.400	2265.400	2267.000	           2019	
 08/05-14:55	2266.800	2268.600	2266.200	2267.600	           2148	
 08/05-14:56	2268.200	2268.200	2267.200	2268.000	           1542	
 08/05-14:57	2267.800	2269.800	2266.800	2268.600	           2942	
 08/05-14:58	2268.800	2268.800	2267.400	2268.400	           1904	
 08/05-14:59	2268.400	2268.600	2267.000	2267.000	           1684	
 08/05-15:00	2267.000	2270.600	2266.600	2269.400	           3399	
 08/05-15:01	2269.200	2269.400	2267.200	2267.600	           2741	
 08/05-15:02	2267.400	2269.400	2267.400	2269.400	           1575	
 08/05-15:03	2269.200	2273.800	2268.600	2272.400	           6526	
 08/05-15:04	2272.200	2274.000	2271.400	2272.800	           3109	
 08/05-15:05	2272.400	2274.000	2272.400	2272.800	           2352	
 08/05-15:06	2272.800	2272.800	2271.200	2271.200	           2142	
 08/05-15:07	2271.200	2272.800	2271.200	2272.200	           1224	
 08/05-15:08	2271.800	2272.000	2270.400	2270.800	           2076	
 08/05-15:09	2270.800	2271.200	2269.800	2270.600	           2963	
 08/05-15:10	2270.800	2272.400	2270.800	2270.800	           2090	
 08/05-15:11	2270.800	2270.800	2268.600	2269.600	           3761	
 08/05-15:12	2269.400	2269.400	2265.200	2265.200	           4095	
 08/05-15:13	2265.400	2267.000	2264.800	2265.200	           3504	
 08/05-15:14	2265.200	2267.800	2265.200	2266.200	           3048	
 08/05-15:15	2265.800	2266.400	2265.000	2265.800	           3767	
 08/06-09:16	2261.600	2265.000	2260.200	2263.000	           5917	
 08/06-09:17	2263.400	2264.600	2262.000	2262.600	           2407	
 08/06-09:18	2262.400	2263.200	2260.200	2261.000	           3115	
 08/06-09:19	2261.200	2261.600	2260.200	2261.200	           1822	
 08/06-09:20	2261.200	2262.400	2260.800	2261.000	           1375	
 08/06-09:21	2260.800	2260.800	2258.200	2258.200	           5578	
 08/06-09:22	2258.800	2259.800	2257.400	2258.000	           2036	
 08/06-09:23	2258.000	2259.600	2258.000	2258.800	           1302	
 08/06-09:24	2258.600	2258.600	2255.400	2255.400	           3145	
 08/06-09:25	2255.400	2257.600	2255.400	2256.000	           2084	
 08/06-09:26	2255.600	2256.800	2255.000	2256.200	           2122	
 08/06-09:27	2256.600	2258.200	2256.400	2257.200	           2211	
 08/06-09:28	2256.800	2258.600	2256.800	2257.200	           1578	
 08/06-09:29	2257.600	2258.800	2257.200	2258.400	           1148	
 08/06-09:30	2258.200	2258.200	2254.800	2256.800	           2549	
 08/06-09:31	2256.800	2258.600	2256.600	2257.400	           1916	
 08/06-09:32	2257.600	2258.800	2257.200	2258.800	           1665	
 08/06-09:33	2258.600	2259.200	2256.800	2259.200	           2461	
 08/06-09:34	2259.000	2259.400	2256.200	2256.600	           2734	
 08/06-09:35	2256.600	2258.000	2253.800	2257.600	           3638	
 08/06-09:36	2257.600	2257.600	2253.800	2255.600	           3295	
 08/06-09:37	2255.600	2255.800	2253.000	2254.800	           3294	
 08/06-09:38	2255.000	2255.600	2253.800	2254.600	           1663	
 08/06-09:39	2254.400	2255.800	2253.800	2254.200	           2153	
 08/06-09:40	2254.200	2256.000	2253.800	2253.800	           1782	
 08/06-09:41	2254.000	2257.200	2253.600	2255.600	           3168	
 08/06-09:42	2255.600	2256.800	2254.400	2255.000	           1676	
 08/06-09:43	2255.000	2257.000	2254.200	2255.600	           1944	
 08/06-09:44	2255.400	2257.800	2254.200	2256.800	           2778	
 08/06-09:45	2256.800	2258.600	2256.600	2256.600	           3168	
 08/06-09:46	2256.400	2257.800	2256.200	2256.800	           2135	
 08/06-09:47	2256.800	2258.400	2255.400	2258.000	           3040	
 08/06-09:48	2258.400	2258.400	2255.600	2255.800	           2019	
 08/06-09:49	2256.000	2257.000	2254.200	2256.800	           3909	
 08/06-09:50	2256.800	2259.400	2256.800	2258.600	           4258	
 08/06-09:51	2258.600	2259.800	2257.600	2259.400	           2652	
 08/06-09:52	2259.600	2261.000	2258.200	2260.400	           4521	
 08/06-09:53	2260.200	2261.800	2259.600	2259.800	           3314	
 08/06-09:54	2259.800	2260.800	2259.400	2260.000	           1977	
 08/06-09:55	2260.600	2260.600	2258.600	2259.400	           2212	
 08/06-09:56	2258.800	2259.400	2257.800	2257.800	           2189	
 08/06-09:57	2257.800	2259.600	2257.200	2257.800	           2313	
 08/06-09:58	2257.600	2258.400	2256.600	2256.800	           2092	
 08/06-09:59	2256.800	2257.400	2255.000	2255.400	           2908	
 08/06-10:00	2255.600	2255.800	2250.000	2250.000	           8477	
 08/06-10:01	2249.600	2250.400	2248.200	2249.600	           7583	
 08/06-10:02	2249.600	2249.800	2248.000	2248.000	           3517	
 08/06-10:03	2248.000	2249.600	2247.600	2248.600	           3818	
 08/06-10:04	2248.200	2248.800	2246.200	2248.400	           4293	
 08/06-10:05	2248.400	2250.000	2248.200	2249.600	           3644	
 08/06-10:06	2249.400	2249.800	2248.400	2248.600	           2581	
 08/06-10:07	2248.400	2249.800	2248.400	2249.000	           1597	
 08/06-10:08	2249.000	2250.800	2248.600	2250.000	           2377	
 08/06-10:09	2250.000	2250.600	2249.200	2249.800	           1502	
 08/06-10:10	2249.600	2249.600	2248.000	2249.200	           2514	
 08/06-10:11	2249.200	2251.400	2248.000	2250.400	           2313	
 08/06-10:12	2250.200	2251.400	2249.800	2250.600	           2068	
 08/06-10:13	2250.600	2252.000	2250.400	2251.600	           2100	
 08/06-10:14	2251.600	2252.000	2251.000	2252.000	           1563	
 08/06-10:15	2252.200	2253.000	2251.000	2251.200	           2380	
 08/06-10:16	2251.600	2252.200	2250.000	2250.000	           2534	
 08/06-10:17	2250.200	2251.600	2250.200	2250.800	           1600	
 08/06-10:18	2250.800	2250.800	2247.800	2249.400	           4064	
 08/06-10:19	2249.000	2249.600	2248.200	2249.600	           1778	
 08/06-10:20	2249.400	2249.800	2248.200	2249.600	           1528	
 08/06-10:21	2249.800	2251.800	2247.000	2247.400	           3783	
 08/06-10:22	2247.600	2248.400	2244.200	2245.600	           6257	
 08/06-10:23	2245.600	2247.400	2244.800	2247.400	           2518	
 08/06-10:24	2247.000	2247.000	2245.400	2245.400	           1853	
 08/06-10:25	2245.800	2246.000	2242.800	2243.000	           5452	
 08/06-10:26	2242.800	2244.800	2241.800	2244.000	           3716	
 08/06-10:27	2244.000	2245.200	2243.600	2245.000	           2056	
 08/06-10:28	2244.800	2247.000	2244.400	2246.200	           2303	
 08/06-10:29	2246.200	2247.800	2245.400	2246.000	           2338	
 08/06-10:30	2246.000	2247.200	2245.600	2245.600	           1427	
 08/06-10:31	2245.600	2247.400	2245.600	2246.400	           1596	
 08/06-10:32	2246.800	2248.200	2246.000	2247.600	           2533	
 08/06-10:33	2248.000	2248.000	2246.800	2247.200	           1807	
 08/06-10:34	2247.200	2247.600	2246.200	2246.400	           1512	
 08/06-10:35	2246.200	2248.000	2246.000	2247.000	           2000	
 08/06-10:36	2247.000	2248.400	2246.400	2247.000	           1498	
 08/06-10:37	2247.200	2247.600	2244.800	2245.400	           2986	
 08/06-10:38	2245.400	2249.000	2245.000	2248.600	           3005	
 08/06-10:39	2248.600	2250.600	2247.600	2249.200	           3257	
 08/06-10:40	2249.200	2249.600	2248.200	2249.200	           1351	
 08/06-10:41	2249.200	2250.600	2249.000	2250.200	           2128	
 08/06-10:42	2250.000	2250.200	2249.200	2250.000	           1536	
 08/06-10:43	2250.000	2251.400	2249.800	2251.000	           2391	
 08/06-10:44	2251.400	2254.600	2251.200	2252.400	           6971	
 08/06-10:45	2252.200	2252.200	2250.600	2251.800	           2884	
 08/06-10:46	2252.000	2252.000	2250.600	2250.800	           1545	
 08/06-10:47	2251.200	2252.400	2251.000	2252.200	           1546	
 08/06-10:48	2252.200	2252.400	2250.600	2251.000	           1898	
 08/06-10:49	2251.000	2252.600	2250.400	2252.600	           2143	
 08/06-10:50	2252.600	2253.000	2251.000	2251.400	           1605	
 08/06-10:51	2251.400	2253.600	2251.400	2253.600	           1509	
 08/06-10:52	2253.400	2253.800	2250.800	2251.000	           2812	
 08/06-10:53	2251.000	2253.200	2250.800	2252.400	           1601	
 08/06-10:54	2252.200	2252.400	2249.800	2251.000	           3270	
 08/06-10:55	2250.600	2251.000	2248.200	2248.600	           3623	
 08/06-10:56	2248.400	2249.800	2247.800	2249.200	           2204	
 08/06-10:57	2249.600	2251.600	2249.000	2250.400	           2655	
 08/06-10:58	2250.800	2253.000	2250.800	2252.400	           2548	
 08/06-10:59	2252.400	2252.800	2251.800	2252.000	           1717	
 08/06-11:00	2252.200	2255.800	2251.800	2254.000	           5662	
 08/06-11:01	2253.600	2255.000	2253.200	2254.000	           2504	
 08/06-11:02	2253.800	2255.000	2253.400	2254.600	           2096	
 08/06-11:03	2254.600	2255.000	2252.600	2254.800	           3327	
 08/06-11:04	2254.800	2254.800	2253.400	2254.000	           1795	
 08/06-11:05	2254.000	2254.400	2253.000	2253.800	           1714	
 08/06-11:06	2253.600	2256.400	2253.400	2255.600	           3497	
 08/06-11:07	2255.600	2256.800	2254.600	2254.600	           3065	
 08/06-11:08	2254.800	2256.000	2253.600	2255.600	           2373	
 08/06-11:09	2255.800	2255.800	2254.000	2254.600	            980	
 08/06-11:10	2254.600	2254.800	2251.800	2252.600	           2852	
 08/06-11:11	2252.600	2256.000	2251.600	2256.000	           2731	
 08/06-11:12	2255.800	2256.800	2254.400	2256.600	           3436	
 08/06-11:13	2256.600	2257.600	2255.600	2257.200	           3915	
 08/06-11:14	2257.400	2259.200	2256.600	2258.200	           4011	
 08/06-11:15	2258.200	2258.800	2256.800	2258.200	           2980	
 08/06-11:16	2258.000	2258.600	2257.000	2257.200	           1763	
 08/06-11:17	2257.400	2259.600	2257.400	2258.000	           2596	
 08/06-11:18	2257.800	2259.200	2257.600	2257.600	           1762	
 08/06-11:19	2257.800	2258.200	2256.000	2256.000	           3442	
 08/06-11:20	2256.200	2257.800	2256.200	2257.400	           1827	
 08/06-11:21	2257.400	2259.000	2256.400	2256.400	           2437	
 08/06-11:22	2256.600	2257.400	2255.600	2256.400	           2508	
 08/06-11:23	2256.400	2258.600	2256.400	2257.600	           2378	
 08/06-11:24	2258.000	2261.000	2258.000	2259.800	           5604	
 08/06-11:25	2259.800	2260.000	2258.600	2258.800	           2180	
 08/06-11:26	2259.000	2261.200	2258.600	2261.200	           2378	
 08/06-11:27	2261.200	2261.200	2259.000	2259.600	           2825	
 08/06-11:28	2259.600	2260.800	2259.200	2259.600	           1491	
 08/06-11:29	2259.600	2260.800	2259.200	2260.000	           1543	
 08/06-11:30	2260.000	2261.000	2257.600	2258.800	           3705	
 08/06-13:01	2259.600	2259.600	2256.200	2256.400	           3584	
 08/06-13:02	2256.200	2258.400	2256.200	2257.800	           2055	
 08/06-13:03	2258.000	2258.800	2257.600	2258.400	           1609	
 08/06-13:04	2258.400	2258.600	2257.200	2257.400	           1291	
 08/06-13:05	2257.400	2257.800	2256.200	2256.200	           1958	
 08/06-13:06	2256.200	2257.800	2255.800	2257.000	           1749	
 08/06-13:07	2257.200	2257.200	2255.200	2255.800	           2976	
 08/06-13:08	2255.800	2256.800	2255.400	2255.800	           1953	
 08/06-13:09	2255.400	2256.600	2255.200	2255.800	           1713	
 08/06-13:10	2255.800	2256.800	2255.600	2256.000	           1878	
 08/06-13:11	2256.200	2260.400	2255.600	2260.400	           3052	
 08/06-13:12	2260.200	2263.200	2258.800	2263.000	           5918	
 08/06-13:13	2262.400	2264.200	2261.800	2262.800	           5171	
 08/06-13:14	2262.600	2264.000	2261.800	2264.000	           2807	
 08/06-13:15	2264.000	2266.600	2262.400	2266.200	           6771	
 08/06-13:16	2266.200	2266.600	2264.400	2265.800	           4469	
 08/06-13:17	2265.800	2266.600	2264.800	2265.600	           2969	
 08/06-13:18	2265.800	2266.600	2264.800	2265.200	           2582	
 08/06-13:19	2265.200	2267.600	2264.200	2265.000	           4561	
 08/06-13:20	2265.000	2267.000	2264.400	2266.800	           2124	
 08/06-13:21	2267.000	2267.000	2263.800	2264.400	           3391	
 08/06-13:22	2264.400	2265.400	2263.600	2264.200	           2291	
 08/06-13:23	2264.400	2264.400	2261.400	2262.000	           4838	
 08/06-13:24	2262.000	2262.800	2261.400	2261.600	           2473	
 08/06-13:25	2261.800	2262.600	2260.800	2262.000	           2874	
 08/06-13:26	2261.800	2262.400	2261.200	2261.600	           1755	
 08/06-13:27	2261.400	2261.600	2260.200	2260.400	           3575	
 08/06-13:28	2260.400	2260.400	2256.800	2256.800	           5562	
 08/06-13:29	2256.800	2258.400	2256.800	2257.800	           3627	
 08/06-13:30	2258.000	2258.600	2257.200	2257.200	           2881	
 08/06-13:31	2257.000	2257.400	2256.200	2257.000	           3460	
 08/06-13:32	2256.600	2258.600	2256.600	2257.000	           2812	
 08/06-13:33	2256.800	2258.400	2256.800	2257.400	           2185	
 08/06-13:34	2257.400	2257.400	2255.600	2256.000	           3776	
 08/06-13:35	2255.800	2257.400	2255.800	2257.400	           2337	
 08/06-13:36	2257.400	2258.600	2257.400	2258.600	           3207	
 08/06-13:37	2258.800	2258.800	2258.000	2258.800	           2061	
 08/06-13:38	2258.600	2260.600	2258.200	2260.400	           3259	
 08/06-13:39	2260.200	2263.200	2260.200	2262.400	           4851	
 08/06-13:40	2262.400	2264.800	2262.000	2264.800	           4224	
 08/06-13:41	2264.600	2269.000	2264.200	2266.800	           8559	
 08/06-13:42	2266.600	2267.800	2266.200	2266.400	           4029	
 08/06-13:43	2266.400	2268.800	2265.800	2266.600	           4177	
 08/06-13:44	2266.600	2267.800	2266.200	2267.200	           2510	
 08/06-13:45	2267.200	2269.000	2266.600	2268.400	           3910	
 08/06-13:46	2268.600	2269.000	2266.000	2266.200	           4221	
 08/06-13:47	2266.400	2270.600	2266.000	2269.000	           6019	
 08/06-13:48	2269.400	2269.400	2267.000	2268.000	           2749	
 08/06-13:49	2268.200	2268.400	2265.800	2266.800	           3915	
 08/06-13:50	2266.800	2267.600	2266.600	2266.800	           1849	
 08/06-13:51	2266.800	2267.000	2265.200	2265.800	           3905	
 08/06-13:52	2265.800	2265.800	2261.600	2262.800	           6788	
 08/06-13:53	2262.600	2263.200	2262.000	2262.600	           2678	
 08/06-13:54	2262.800	2262.800	2261.200	2262.400	           3117	
 08/06-13:55	2262.400	2264.600	2262.400	2264.600	           3453	
 08/06-13:56	2264.400	2271.000	2264.000	2268.600	           7594	
 08/06-13:57	2268.400	2270.000	2267.400	2268.200	           4254	
 08/06-13:58	2268.200	2269.400	2267.600	2268.800	           2358	
 08/06-13:59	2269.000	2270.600	2268.000	2269.400	           3193	
 08/06-14:00	2269.600	2272.000	2268.800	2271.800	           4519	
 08/06-14:01	2272.400	2272.400	2269.200	2269.800	           4964	
 08/06-14:02	2269.600	2272.800	2269.600	2272.200	           4201	
 08/06-14:03	2272.000	2275.800	2272.000	2274.000	           7958	
 08/06-14:04	2274.000	2275.600	2272.000	2272.000	           4095	
 08/06-14:05	2272.000	2273.200	2271.000	2272.800	           4145	
 08/06-14:06	2273.200	2279.400	2272.600	2279.400	           6928	
 08/06-14:07	2279.600	2283.400	2277.800	2280.600	          11511	
 08/06-14:08	2281.200	2281.200	2278.800	2279.400	           4506	
 08/06-14:09	2279.200	2285.000	2279.200	2281.800	           7512	
 08/06-14:10	2281.600	2282.800	2279.200	2279.800	           4460	
 08/06-14:11	2280.200	2282.000	2279.600	2279.600	           2977	
 08/06-14:12	2279.600	2283.000	2278.000	2281.000	           5464	
 08/06-14:13	2281.000	2281.000	2277.200	2277.200	           4181	
 08/06-14:14	2277.200	2281.000	2275.600	2279.600	           5639	
 08/06-14:15	2279.600	2280.600	2278.400	2280.600	           3349	
 08/06-14:16	2280.800	2288.000	2280.600	2285.800	          11979	
 08/06-14:17	2285.200	2286.200	2283.800	2285.400	           4294	
 08/06-14:18	2285.000	2288.000	2285.000	2285.600	           5624	
 08/06-14:19	2285.600	2289.000	2285.400	2287.200	           5063	
 08/06-14:20	2287.000	2287.600	2285.600	2287.400	           3276	
 08/06-14:21	2287.400	2294.400	2287.200	2291.600	          10681	
 08/06-14:22	2291.600	2298.000	2291.000	2296.600	           9452	
 08/06-14:23	2296.400	2296.400	2293.200	2293.200	           4956	
 08/06-14:24	2292.800	2292.800	2290.800	2291.600	           5031	
 08/06-14:25	2291.800	2292.600	2289.800	2292.600	           4471	
 08/06-14:26	2292.200	2292.200	2290.400	2292.000	           2060	
 08/06-14:27	2292.400	2292.600	2289.200	2289.400	           3927	
 08/06-14:28	2289.200	2293.200	2289.200	2292.600	           4276	
 08/06-14:29	2292.200	2298.800	2292.200	2295.600	           7768	
 08/06-14:30	2295.400	2297.000	2292.600	2295.400	           5404	
 08/06-14:31	2295.200	2295.200	2292.400	2293.400	           3341	
 08/06-14:32	2293.400	2293.600	2290.800	2292.600	           3364	
 08/06-14:33	2292.800	2296.000	2288.200	2288.600	           6115	
 08/06-14:34	2288.600	2291.600	2288.600	2291.200	           3922	
 08/06-14:35	2291.000	2292.800	2290.200	2291.600	           2873	
 08/06-14:36	2291.600	2294.800	2290.400	2294.000	           3674	
 08/06-14:37	2293.800	2295.800	2292.600	2293.400	           3510	
 08/06-14:38	2293.400	2296.000	2292.600	2295.000	           3839	
 08/06-14:39	2294.400	2295.000	2292.800	2292.800	           2686	
 08/06-14:40	2292.800	2298.400	2292.200	2296.800	           5453	
 08/06-14:41	2296.400	2296.400	2291.000	2292.400	           5265	
 08/06-14:42	2292.200	2292.200	2290.000	2290.200	           4886	
 08/06-14:43	2290.600	2293.000	2289.600	2291.600	           3097	
 08/06-14:44	2291.600	2292.400	2290.400	2290.400	           1993	
 08/06-14:45	2290.200	2292.400	2289.600	2290.800	           2690	
 08/06-14:46	2290.800	2291.400	2282.800	2284.000	          12505	
 08/06-14:47	2284.000	2284.000	2282.400	2283.200	           5984	
 08/06-14:48	2283.200	2284.800	2283.200	2283.400	           3624	
 08/06-14:49	2283.400	2284.000	2281.400	2281.600	           5000	
 08/06-14:50	2282.400	2283.200	2281.000	2281.000	           3211	
 08/06-14:51	2281.200	2283.800	2281.000	2282.400	           3872	
 08/06-14:52	2282.600	2284.000	2282.400	2282.800	           2133	
 08/06-14:53	2282.800	2284.000	2282.600	2283.800	           1924	
 08/06-14:54	2283.800	2284.000	2281.800	2282.000	           2642	
 08/06-14:55	2282.000	2283.200	2281.600	2282.200	           1726	
 08/06-14:56	2282.000	2283.800	2281.600	2283.200	           2025	
 08/06-14:57	2283.000	2284.200	2283.000	2283.200	           1934	
 08/06-14:58	2283.400	2284.000	2283.200	2284.000	           1451	
 08/06-14:59	2284.000	2284.000	2282.200	2282.400	           1696	
 08/06-15:00	2282.600	2282.800	2278.000	2279.200	           5796	
 08/06-15:01	2279.000	2282.200	2278.200	2281.400	           4378	
 08/06-15:02	2281.400	2282.200	2281.200	2281.400	           1461	
 08/06-15:03	2281.400	2281.800	2281.000	2281.400	            974	
 08/06-15:04	2281.200	2281.600	2279.800	2280.000	           1587	
 08/06-15:05	2280.000	2282.000	2280.000	2280.600	           1883	
 08/06-15:06	2280.600	2281.600	2280.200	2281.400	            983	
 08/06-15:07	2281.400	2281.600	2280.600	2280.800	            860	
 08/06-15:08	2280.800	2282.800	2280.800	2282.800	           1991	
 08/06-15:09	2282.800	2282.800	2281.800	2282.400	           1242	
 08/06-15:10	2282.000	2282.200	2279.000	2279.600	           2880	
 08/06-15:11	2279.800	2281.400	2279.800	2281.000	           1347	
 08/06-15:12	2280.800	2281.200	2280.400	2280.400	           1077	
 08/06-15:13	2280.600	2280.600	2279.600	2279.800	           1861	
 08/06-15:14	2279.800	2279.800	2278.000	2279.000	           4368	
 08/06-15:15	2279.200	2281.200	2278.400	2278.800	           3680	