 07/17-09:16	2295.400	2302.000	2292.800	2300.200	           6199	      1.000	   2305.050	   2298.229	   2296.775	   2288.904	           	      1.000	      0.000	      0.000	      0.000	      0.000	      0.000	      0.000	     -4.850	      0.000	      0.000	
 07/17-09:17	2301.400	2303.200	2299.600	2300.600	           2382	      2.000	   2305.100	   2298.413	   2296.839	   2288.949	           	      1.000	      0.000	      0.000	      0.000	      0.000	      0.000	      0.000	     -4.500	      0.000	      0.000	
 07/17-09:18	2300.600	2303.000	2300.200	2302.000	           1305	      3.000	   2305.192	   2298.629	   2296.833	   2289.004	           	      1.000	      0.000	      0.000	      0.000	      0.000	      0.000	      0.000	     -3.192	      0.000	      0.000	
 07/17-09:19	2302.000	2303.200	2301.200	2303.000	            912	      4.000	   2305.358	   2298.896	   2296.856	   2289.056	           	      1.000	      0.000	      0.000	      0.000	      0.000	      0.000	      0.000	     -2.358	      0.000	      0.000	
 07/17-09:20	2303.000	2304.800	2302.200	2302.600	           1985	      5.000	   2305.467	   2299.171	   2296.890	   2289.111	           	      1.000	      0.000	      0.000	      0.000	      0.000	      0.000	      0.000	     -2.866	      0.000	      0.000	
 07/17-09:21	2302.800	2303.000	2300.800	2301.400	           1065	      6.000	   2305.546	   2299.427	   2296.930	   2289.169	           	      1.000	      0.000	      0.000	      0.000	      0.000	      0.000	      0.000	     -4.146	      0.000	      0.000	
 07/17-09:22	2301.200	2305.000	2301.200	2303.400	           1353	      7.000	   2305.671	   2299.692	   2296.995	   2289.213	           	      1.000	      0.000	      0.000	      0.000	      0.000	      0.000	      0.000	     -2.271	      0.000	      0.000	
 07/17-09:23	2303.400	2305.000	2302.200	2303.400	           1369	      8.000	   2305.742	   2299.992	   2297.069	   2289.260	           	      1.000	      0.000	      0.000	      0.000	      0.000	      0.000	      0.000	     -2.342	      0.000	      0.000	
 07/17-09:24	2303.400	2303.600	2301.200	2302.400	           1184	      9.000	   2305.688	   2300.238	   2297.149	   2289.294	           	      1.000	      0.000	      0.000	      0.000	      0.000	      0.000	      0.000	     -3.288	      0.000	      0.000	
 07/17-09:25	2302.600	2303.200	2301.400	2301.400	           1126	     10.000	   2305.542	   2300.460	   2297.225	   2289.327	           	      1.000	      0.000	      0.000	      0.000	      0.000	      0.000	      0.000	     -4.142	      0.000	      0.000	
 07/17-09:26	2301.000	2301.000	2299.200	2299.800	           1977	     11.000	   2305.325	   2300.656	   2297.315	   2289.357	           	      0.000	      0.000	      1.000	      0.000	      0.000	      0.000	      0.000	     -5.525	      0.000	      0.000	
 07/17-09:27	2299.600	2299.600	2298.400	2299.000	           1273	     12.000	   2305.067	   2300.875	   2297.386	   2289.385	           	      0.000	      0.000	      1.000	      0.000	      0.000	      0.000	      0.000	     -6.067	      0.000	      0.000	
 07/17-09:28	2298.600	2300.600	2298.200	2300.200	           1051	     13.000	   2304.858	   2301.083	   2297.485	   2289.423	           	      0.000	      0.000	      1.000	      0.000	      0.000	      0.000	      0.000	     -4.658	      0.000	      0.000	
 07/17-09:29	2300.200	2302.000	2299.400	2302.000	            812	     14.000	   2304.608	   2301.337	   2297.600	   2289.472	           	      0.000	      0.000	      1.000	      0.000	      0.000	      0.000	      0.000	     -2.608	      0.000	      0.000	
 07/17-09:30	2302.000	2303.600	2300.000	2302.000	           1930	     15.000	   2304.442	   2301.554	   2297.711	   2289.519	           	      1.000	      0.000	      0.000	      0.000	      0.000	      0.000	      0.000	     -2.442	      0.000	      0.000	
 07/17-09:31	2301.600	2302.800	2300.600	2302.400	           1110	     16.000	   2304.288	   2301.762	   2297.848	   2289.570	           	      1.000	      0.000	      0.000	      0.000	      0.000	      0.000	      0.000	     -1.888	      0.000	      0.000	
 07/17-09:32	2302.400	2304.800	2299.000	2299.000	           3105	     17.000	   2304.038	   2301.879	   2297.930	   2289.608	           	      1.000	      0.000	      0.000	      0.000	      0.000	      0.000	      0.000	     -5.038	      0.000	      0.000	
 07/17-09:33	2298.800	2298.800	2295.200	2295.600	           3699	     18.000	   2303.587	   2301.923	   2297.965	   2289.644	           	      1.000	      0.000	      0.000	      0.000	      0.000	      0.000	      0.000	     -7.987	      0.000	      0.000	
 07/17-09:34	2295.600	2296.800	2293.400	2294.000	           2825	     19.000	   2303.087	   2301.917	   2297.981	   2289.677	           	      1.000	      0.000	      0.000	      0.000	      0.000	      0.000	      0.000	     -9.087	      0.000	      0.000	
 07/17-09:35	2294.200	2296.800	2293.800	2294.200	           2290	     20.000	   2302.617	   2301.887	   2297.938	   2289.719	           	      0.000	      0.000	      1.000	      0.000	      0.000	      0.000	      0.000	     -8.417	      0.000	      0.000	
 07/17-09:36	2294.200	2296.600	2292.000	2293.200	           3251	     21.000	   2302.179	   2301.833	   2297.911	   2289.759	           	      1.000	      0.000	      0.000	      0.000	      0.000	      0.000	      0.000	     -8.979	      0.000	      0.000	
 07/17-09:37	2294.000	2297.800	2293.600	2296.600	           2314	     22.000	   2301.842	   2301.850	   2297.923	   2289.817	           	      1.000	      0.000	      0.000	      0.000	      0.000	      0.000	      0.000	     -5.241	      0.000	      0.000	
 07/17-09:38	2296.400	2296.800	2294.800	2296.200	           1381	     23.000	   2301.500	   2301.860	   2297.883	   2289.867	           	      1.000	      0.000	      0.000	      0.000	      0.000	      0.000	      0.000	     -5.300	      0.000	      0.000	
 07/17-09:39	2296.200	2298.200	2294.600	2296.400	           2130	     24.000	   2301.113	   2301.887	   2297.830	   2289.921	           	      1.000	      0.000	      0.000	      0.000	      0.000	      0.000	      0.000	     -4.713	      0.000	      0.000	
 07/17-09:40	2296.000	2297.400	2295.200	2297.000	           1570	     25.000	   2300.762	   2301.923	   2297.772	   2289.976	           	      1.000	      0.000	      0.000	      0.000	      0.000	      0.000	      0.000	     -3.762	      0.000	      0.000	
 07/17-09:41	2296.600	2297.000	2291.600	2293.800	           3285	     26.000	   2300.321	   2301.873	   2297.728	   2290.015	           	      1.000	      0.000	      0.000	      0.000	      0.000	      0.000	      0.000	     -6.521	      0.000	      0.000	
 07/17-09:42	2293.600	2294.000	2291.800	2293.400	           2309	     27.000	   2299.800	   2301.863	   2297.675	   2290.051	           	      1.000	      0.000	      0.000	      0.000	      0.000	      0.000	      0.000	     -6.400	      0.000	      0.000	
 07/17-09:43	2293.000	2294.000	2291.000	2294.000	           2923	     28.000	   2299.325	   2301.850	   2297.646	   2290.095	           	      1.000	      0.000	      0.000	      0.000	      0.000	      0.000	      0.000	     -5.325	      0.000	      0.000	
 07/17-09:44	2294.000	2296.600	2294.000	2296.400	           2341	     29.000	   2299.021	   2301.865	   2297.652	   2290.156	           	      1.000	      0.000	      0.000	      0.000	      0.000	      0.000	      0.000	     -2.621	      0.000	      0.000	
 07/17-09:45	2296.000	2296.400	2294.200	2294.400	           1476	     30.000	   2298.667	   2301.815	   2297.658	   2290.210	           	      1.000	      0.000	      0.000	      0.000	      0.000	      0.000	      0.000	     -4.267	      0.000	      0.000	
 07/17-09:46	2294.600	2295.800	2291.600	2294.000	           2088	     31.000	   2298.462	   2301.756	   2297.664	   2290.263	           	      1.000	      0.000	      0.000	      0.000	      0.000	      0.000	      0.000	     -4.462	      0.000	      0.000	
 07/17-09:47	2293.800	2295.400	2292.000	2292.000	           1739	     32.000	   2298.175	   2301.637	   2297.627	   2290.309	           	      1.000	      0.000	      0.000	      0.000	      0.000	      0.000	      0.000	     -6.175	      0.000	      0.000	
 07/17-09:48	2292.400	2293.800	2288.800	2290.600	           3885	     33.000	   2297.796	   2301.494	   2297.572	   2290.351	           	      1.000	      0.000	      0.000	      0.000	      0.000	      0.000	      0.000	     -7.196	      0.000	      0.000	
 07/17-09:49	2290.600	2291.600	2288.200	2290.600	           2861	     34.000	   2297.379	   2301.369	   2297.579	   2290.376	           	      1.000	      0.000	      0.000	      0.000	      0.000	      0.000	      0.000	     -6.779	      0.000	      0.000	
 07/17-09:50	2290.800	2291.800	2289.000	2289.600	           1751	     35.000	   2296.946	   2301.206	   2297.550	   2290.401	           	      0.000	      0.000	      1.000	      0.000	      0.000	      0.000	      0.000	     -7.346	      0.000	      0.000	
 07/17-09:51	2289.600	2293.800	2289.600	2292.400	           2711	     36.000	   2296.646	   2301.096	   2297.533	   2290.438	           	      0.000	      0.000	      1.000	      0.000	      0.000	      0.000	      0.000	     -4.246	      0.000	      0.000	
 07/17-09:52	2292.600	2294.000	2292.400	2293.200	           1712	     37.000	   2296.308	   2300.990	   2297.506	   2290.471	           	      0.000	      0.000	      1.000	      0.000	      0.000	      0.000	      0.000	     -3.108	      0.000	      0.000	
 07/17-09:53	2293.000	2293.800	2292.000	2293.600	           1019	     38.000	   2295.979	   2300.860	   2297.477	   2290.515	           	      0.000	      0.000	      1.000	      0.000	      0.000	      0.000	      0.000	     -2.379	      0.000	      0.000	
 07/17-09:54	2293.600	2295.400	2293.600	2294.800	           1826	     39.000	   2295.725	   2300.706	   2297.456	   2290.567	           	      1.000	      0.000	      0.000	      0.000	      0.000	      0.000	      0.000	     -0.925	      0.000	      0.000	
 07/17-09:55	2294.800	2296.800	2294.400	2296.000	           2694	     40.000	   2295.546	   2300.544	   2297.473	   2290.637	           	      1.000	      0.000	      0.000	      0.000	      0.000	      0.000	      0.000	      0.454	      0.000	      0.000	
 07/17-09:56	2296.200	2297.200	2295.800	2295.800	           1826	     41.000	   2295.417	   2300.371	   2297.447	   2290.704	           	      1.000	      0.000	      0.000	      0.000	      0.000	      0.000	      0.000	      0.383	      0.000	      0.000	
 07/17-09:57	2296.000	2297.000	2295.400	2296.400	           1572	     42.000	   2295.329	   2300.198	   2297.428	   2290.778	           	      1.000	      0.000	      0.000	      0.000	      0.000	      0.000	      0.000	      1.071	      0.000	      0.000	
 07/17-09:58	2296.800	2297.800	2295.400	2295.400	           1838	     43.000	   2295.167	   2300.012	   2297.367	   2290.865	           	      1.000	      0.000	      0.000	      0.000	      0.000	      0.000	      0.000	      0.233	      0.000	      0.000	
 07/17-09:59	2295.400	2299.400	2295.000	2299.000	           3298	     44.000	   2295.067	   2299.837	   2297.347	   2290.984	           	      1.000	      0.000	      0.000	      0.000	      0.000	      0.000	      0.000	      3.933	      0.000	      0.000	
 07/17-10:00	2299.000	2299.600	2297.400	2298.600	           2321	     45.000	   2294.954	   2299.698	   2297.310	   2291.100	           	      1.000	      0.000	      0.000	      0.000	      0.000	      0.000	      0.000	      3.646	      0.000	      0.000	
 07/17-10:01	2298.800	2299.200	2297.000	2298.600	           2329	     46.000	   2294.829	   2299.558	   2297.277	   2291.207	           	      1.000	      0.000	      0.000	      0.000	      0.000	      0.000	      0.000	      3.771	      0.000	      0.000	
 07/17-10:02	2298.600	2298.600	2294.200	2295.800	           2592	     47.000	   2294.721	   2299.379	   2297.248	   2291.297	           	      1.000	      0.000	      0.000	      0.000	      0.000	      0.000	      0.000	      1.079	      0.000	      0.000	
 07/17-10:03	2295.800	2296.000	2294.800	2295.600	           1382	     48.000	   2294.721	   2299.154	   2297.211	   2291.385	           	      1.000	      0.000	      0.000	      0.000	      0.000	      0.000	      0.000	      0.879	      0.000	      0.000	
 07/17-10:04	2295.600	2297.000	2295.400	2297.000	           1360	     49.000	   2294.821	   2298.954	   2297.185	   2291.473	           	      1.000	      0.000	      0.000	      0.000	      0.000	      0.000	      0.000	      2.179	      0.000	      0.000	
 07/17-10:05	2297.000	2297.600	2294.000	2295.000	           1716	     50.000	   2294.846	   2298.731	   2297.178	   2291.548	           	      1.000	      0.000	      0.000	      0.000	      0.000	      0.000	      0.000	      0.154	      0.000	      0.000	
 07/17-10:06	2295.400	2301.200	2295.200	2300.800	           4046	     51.000	   2295.100	   2298.640	   2297.239	   2291.629	           	      1.000	      0.000	      0.000	      0.000	      0.000	      0.000	      0.000	      5.700	      0.000	      0.000	
 07/17-10:07	2300.400	2305.600	2300.000	2304.000	           4978	     52.000	   2295.346	   2298.594	   2297.339	   2291.729	           	      1.000	      0.000	      0.000	      0.000	      0.000	      0.000	      0.000	      8.654	      1.000	      0.000	
 07/17-10:08	2303.800	2305.200	2302.600	2304.200	           3203	     53.000	   2295.613	   2298.556	   2297.435	   2291.828	           	      1.000	      0.000	      0.000	      0.000	      0.000	      0.000	      0.000	      8.587	      0.000	      0.000	
 07/17-10:09	2303.800	2307.800	2303.400	2304.600	           4383	     54.000	   2295.887	   2298.500	   2297.532	   2291.929	           	      1.000	      0.000	      0.000	      0.000	      0.000	      0.000	      0.000	      8.713	      1.000	      0.000	
 07/17-10:10	2304.600	2306.000	2303.000	2303.000	           2603	     55.000	   2296.087	   2298.425	   2297.624	   2292.031	           	      1.000	      0.000	      0.000	      0.000	      0.000	      0.000	      0.000	      6.913	      0.000	      0.000	
 07/17-10:11	2303.000	2303.800	2301.400	2303.200	           1856	     56.000	   2296.400	   2298.360	   2297.722	   2292.134	           	      1.000	      0.000	      0.000	      0.000	      0.000	      0.000	      0.000	      6.800	      0.000	      0.000	
 07/17-10:12	2303.200	2304.600	2302.400	2304.400	           1673	     57.000	   2296.767	   2298.283	   2297.826	   2292.238	           	      1.000	      0.000	      0.000	      0.000	      0.000	      0.000	      0.000	      7.633	      0.000	      0.000	
 07/17-10:13	2304.800	2304.800	2301.600	2301.600	           1991	     58.000	   2297.021	   2298.173	   2297.901	   2292.325	           	      1.000	      0.000	      0.000	      0.000	      0.000	      0.000	      0.000	      4.579	      0.000	      0.000	
 07/17-10:14	2301.800	2306.800	2301.200	2306.600	           2122	     59.000	   2297.358	   2298.190	   2298.035	   2292.438	           	      1.000	      0.000	      0.000	      0.000	      0.000	      0.000	      0.000	      9.242	      0.000	      0.000	
 07/17-10:15	2306.200	2320.400	2305.600	2317.800	          12838	     60.000	   2298.137	   2298.402	   2298.254	   2292.591	           	      1.000	      0.000	      0.000	      0.000	      0.000	      0.000	      0.000	     19.663	      1.000	      0.000	
 07/17-10:16	2318.000	2318.800	2314.200	2315.800	           6151	     61.000	   2298.867	   2298.665	   2298.447	   2292.719	           	      1.000	      0.000	      0.000	      0.000	      0.000	      0.000	      0.000	     16.933	      0.000	      0.000	
 07/17-10:17	2315.800	2317.200	2312.400	2313.200	           4261	     62.000	   2299.571	   2298.873	   2298.643	   2292.833	           	      1.000	      0.000	      0.000	      0.000	      0.000	      0.000	      0.000	     13.629	      0.000	      0.000	
 07/17-10:18	2313.400	2317.800	2313.200	2316.200	           3696	     63.000	   2300.425	   2299.110	   2298.870	   2292.961	           	      1.000	      0.000	      0.000	      0.000	      0.000	      0.000	      0.000	     15.775	      0.000	      0.000	
 07/17-10:19	2316.000	2324.800	2314.400	2321.200	           8223	     64.000	   2301.450	   2299.415	   2299.155	   2293.111	           	      1.000	      0.000	      0.000	      0.000	      0.000	      0.000	      0.000	     19.750	      1.000	      0.000	
 07/17-10:20	2320.600	2321.000	2316.200	2317.600	           4294	     65.000	   2302.379	   2299.663	   2299.417	   2293.243	           	      1.000	      0.000	      0.000	      0.000	      0.000	      0.000	      0.000	     15.221	      0.000	      0.000	
 07/17-10:21	2317.000	2317.600	2315.600	2317.000	           2640	     66.000	   2303.200	   2299.923	   2299.675	   2293.368	           	      1.000	      0.000	      0.000	      0.000	      0.000	      0.000	      0.000	     13.800	      0.000	      0.000	
 07/17-10:22	2317.000	2317.600	2312.400	2312.400	           4351	     67.000	   2303.842	   2300.075	   2299.883	   2293.479	           	      1.000	      0.000	      0.000	      0.000	      0.000	      0.000	      0.000	      8.558	      0.000	      0.000	
 07/17-10:23	2312.600	2313.800	2309.800	2312.200	           3657	     68.000	   2304.458	   2300.219	   2300.105	   2293.597	           	      1.000	      0.000	      0.000	      0.000	      0.000	      0.000	      0.000	      7.742	      0.000	      0.000	
 07/17-10:24	2312.400	2313.200	2307.000	2307.000	           3669	     69.000	   2304.867	   2300.296	   2300.267	   2293.692	           	      1.000	      0.000	      0.000	      0.000	      0.000	      0.000	      0.000	      2.133	      0.000	      0.000	
 07/17-10:25	2306.800	2309.400	2306.800	2307.400	           3812	     70.000	   2305.246	   2300.396	   2300.428	   2293.784	           	      1.000	      0.000	      0.000	      0.000	      0.000	      0.000	      0.000	      2.154	      0.000	      0.000	
 07/17-10:26	2307.400	2310.400	2307.400	2308.800	           2468	     71.000	   2305.679	   2300.548	   2300.602	   2293.868	           	      1.000	      0.000	      0.000	      0.000	      0.000	      0.000	      0.000	      3.121	      0.000	      0.000	
 07/17-10:27	2309.000	2310.800	2303.400	2304.200	           4555	     72.000	   2305.938	   2300.633	   2300.754	   2293.933	           	      1.000	      0.000	      0.000	      0.000	      0.000	      0.000	      0.000	     -1.738	      0.000	      0.000	
 07/17-10:28	2304.200	2305.200	2302.000	2304.800	           4032	     73.000	   2306.254	   2300.710	   2300.897	   2293.990	           	      1.000	      0.000	      0.000	      0.000	      0.000	      0.000	      0.000	     -1.454	      0.000	      0.000	
 07/17-10:29	2304.800	2307.000	2304.400	2306.000	           2392	     74.000	   2306.488	   2300.777	   2301.057	   2294.062	           	      1.000	      0.000	      0.000	      0.000	      0.000	      0.000	      0.000	     -0.488	      0.000	      0.000	
 07/17-10:30	2305.800	2307.000	2304.200	2305.800	           1869	     75.000	   2306.725	   2300.840	   2301.197	   2294.142	           	      1.000	      0.000	      0.000	      0.000	      0.000	      0.000	      0.000	     -0.925	      0.000	      0.000	
 07/17-10:31	2305.000	2306.800	2303.400	2306.000	           2016	     76.000	   2306.971	   2300.900	   2301.331	   2294.223	           	      1.000	      0.000	      0.000	      0.000	      0.000	      0.000	      0.000	     -0.971	      0.000	      0.000	
 07/17-10:32	2305.800	2306.200	2303.000	2303.600	           2177	     77.000	   2307.233	   2300.977	   2301.428	   2294.300	           	      1.000	      0.000	      0.000	      0.000	      0.000	      0.000	      0.000	     -3.633	      0.000	      0.000	
 07/17-10:33	2303.600	2306.400	2302.200	2305.200	           2089	     78.000	   2307.554	   2301.137	   2301.530	   2294.378	           	      1.000	      0.000	      0.000	      0.000	      0.000	      0.000	      0.000	     -2.354	      0.000	      0.000	
 07/17-10:34	2304.800	2307.600	2304.600	2307.600	           1980	     79.000	   2307.904	   2301.363	   2301.640	   2294.472	           	      1.000	      0.000	      0.000	      0.000	      0.000	      0.000	      0.000	     -0.304	      0.000	      0.000	
 07/17-10:35	2307.400	2312.400	2307.200	2309.800	           4875	     80.000	   2308.400	   2301.623	   2301.755	   2294.584	           	      1.000	      0.000	      0.000	      0.000	      0.000	      0.000	      0.000	      1.400	      0.000	      0.000	
 07/17-10:36	2309.800	2313.600	2309.800	2312.600	           2476	     81.000	   2308.796	   2301.948	   2301.891	   2294.702	           	      1.000	      0.000	      0.000	      0.000	      0.000	      0.000	      0.000	      3.804	      0.000	      0.000	
 07/17-10:37	2312.600	2314.800	2311.600	2312.000	           3129	     82.000	   2309.063	   2302.204	   2302.027	   2294.831	           	      1.000	      0.000	      0.000	      0.000	      0.000	      0.000	      0.000	      2.938	      0.000	      0.000	
 07/17-10:38	2312.000	2317.600	2311.800	2317.200	           3897	     83.000	   2309.492	   2302.552	   2302.206	   2294.982	           	      1.000	      0.000	      0.000	      0.000	      0.000	      0.000	      0.000	      7.708	      0.000	      0.000	
 07/17-10:39	2317.200	2318.400	2315.000	2315.600	           4156	     84.000	   2309.858	   2302.873	   2302.380	   2295.137	           	      1.000	      0.000	      0.000	      0.000	      0.000	      0.000	      0.000	      5.742	      0.000	      0.000	
 07/17-10:40	2315.400	2315.400	2308.600	2309.400	           4901	     85.000	   2310.071	   2303.079	   2302.501	   2295.280	           	      1.000	      0.000	      0.000	      0.000	      0.000	      0.000	      0.000	     -0.671	      0.000	      0.000	
 07/17-10:41	2309.600	2309.600	2305.400	2309.200	           3966	     86.000	   2310.275	   2303.337	   2302.605	   2295.410	           	      1.000	      0.000	      0.000	      0.000	      0.000	      0.000	      0.000	     -1.075	      0.000	      0.000	
 07/17-10:42	2309.200	2315.600	2308.400	2315.000	           3376	     87.000	   2310.629	   2303.698	   2302.780	   2295.565	           	      1.000	      0.000	      0.000	      0.000	      0.000	      0.000	      0.000	      4.371	      0.000	      0.000	
 07/17-10:43	2314.800	2322.200	2314.400	2321.600	           6456	     88.000	   2311.296	   2304.158	   2303.004	   2295.750	           	      1.000	      0.000	      0.000	      0.000	      0.000	      0.000	      0.000	     10.304	      0.000	      0.000	
 07/17-10:44	2322.000	2323.000	2316.200	2316.200	           5558	     89.000	   2311.613	   2304.485	   2303.175	   2295.934	           	      1.000	      0.000	      0.000	      0.000	      0.000	      0.000	      0.000	      4.587	      0.000	      0.000	
 07/17-10:45	2316.000	2318.000	2311.600	2318.000	           4271	     90.000	   2311.621	   2304.879	   2303.347	   2296.110	           	      1.000	      0.000	      0.000	      0.000	      0.000	      0.000	      0.000	      6.379	      0.000	      0.000	
 07/17-10:46	2318.600	2320.000	2313.000	2314.000	           3028	     91.000	   2311.558	   2305.212	   2303.484	   2296.270	           	      1.000	      0.000	      0.000	      0.000	      0.000	      0.000	      0.000	      2.442	      0.000	      0.000	
 07/17-10:47	2314.000	2316.800	2311.800	2316.800	           2443	     92.000	   2311.683	   2305.627	   2303.632	   2296.440	           	      1.000	      0.000	      0.000	      0.000	      0.000	      0.000	      0.000	      5.117	      0.000	      0.000	
 07/17-10:48	2316.800	2318.000	2311.800	2312.400	           2857	     93.000	   2311.554	   2305.990	   2303.742	   2296.626	           	      1.000	      0.000	      0.000	      0.000	      0.000	      0.000	      0.000	      0.846	      0.000	      0.000	
 07/17-10:49	2312.800	2314.000	2308.600	2309.400	           3899	     94.000	   2311.158	   2306.304	   2303.836	   2296.802	           	      1.000	      0.000	      0.000	      0.000	      0.000	      0.000	      0.000	     -1.759	      0.000	      0.000	
 07/17-10:50	2309.800	2310.000	2306.000	2306.000	           2989	     95.000	   2310.775	   2306.577	   2303.892	   2296.953	           	      1.000	      0.000	      0.000	      0.000	      0.000	      0.000	      0.000	     -4.775	      0.000	      0.000	
 07/17-10:51	2306.000	2309.400	2306.000	2308.400	           2138	     96.000	   2310.488	   2306.844	   2303.970	   2297.106	           	      1.000	      0.000	      0.000	      0.000	      0.000	      0.000	      0.000	     -2.088	      0.000	      0.000	
 07/17-10:52	2308.400	2308.400	2304.600	2305.400	           3425	     97.000	   2310.250	   2307.046	   2304.018	   2297.238	           	      1.000	      0.000	      0.000	      0.000	      0.000	      0.000	      0.000	     -4.850	      0.000	      0.000	
 07/17-10:53	2305.400	2308.400	2305.400	2307.200	           1716	     98.000	   2310.087	   2307.273	   2304.067	   2297.380	           	      1.000	      0.000	      0.000	      0.000	      0.000	      0.000	      0.000	     -2.887	      0.000	      0.000	
 07/17-10:54	2306.800	2308.600	2306.200	2308.600	           1518	     99.000	   2310.142	   2307.504	   2304.105	   2297.526	           	      1.000	      0.000	      0.000	      0.000	      0.000	      0.000	      0.000	     -1.542	      0.000	      0.000	
 07/17-10:55	2308.600	2308.800	2299.400	2299.600	           6584	    100.000	   2309.883	   2307.565	   2304.054	   2297.625	           	      1.000	      0.000	      0.000	      0.000	      0.000	      0.000	      0.000	    -10.283	      0.000	      0.000	
 07/17-10:56	2299.400	2300.800	2298.600	2300.600	           3873	    101.000	   2309.604	   2307.642	   2304.006	   2297.732	           	      1.000	      0.000	      0.000	      0.000	      0.000	      0.000	      0.000	     -9.004	      0.000	      0.000	
 07/17-10:57	2301.000	2301.000	2296.800	2297.600	           3812	    102.000	   2309.387	   2307.663	   2303.930	   2297.843	           	      1.000	      0.000	      0.000	      0.000	      0.000	      0.000	      0.000	    -11.787	      0.000	      0.000	
 07/17-10:58	2297.000	2298.000	2295.000	2297.600	           3501	    103.000	   2309.146	   2307.700	   2303.856	   2297.958	           	      1.000	      0.000	      0.000	      0.000	      0.000	      0.000	      0.000	    -11.546	      0.000	      0.000	
 07/17-10:59	2297.400	2300.000	2297.400	2298.800	           2136	    104.000	   2308.904	   2307.696	   2303.767	   2298.053	           	      1.000	      0.000	      0.000	      0.000	      0.000	      0.000	      0.000	    -10.104	      0.000	      0.000	
 07/17-11:00	2298.600	2300.200	2297.000	2298.200	           1836	    105.000	   2308.654	   2307.690	   2303.694	   2298.151	           	      1.000	      0.000	      0.000	      0.000	      0.000	      0.000	      0.000	    -10.454	      0.000	      0.000	
 07/17-11:01	2298.200	2300.800	2298.200	2299.800	           1880	    106.000	   2308.446	   2307.708	   2303.633	   2298.243	           	      1.000	      0.000	      0.000	      0.000	      0.000	      0.000	      0.000	     -8.646	      0.000	      0.000	
 07/17-11:02	2300.000	2301.600	2298.800	2299.800	           1847	    107.000	   2308.321	   2307.777	   2303.578	   2298.338	           	      1.000	      0.000	      0.000	      0.000	      0.000	      0.000	      0.000	     -8.521	      0.000	      0.000	
 07/17-11:03	2299.600	2301.000	2297.600	2298.600	           2090	    108.000	   2308.100	   2307.827	   2303.491	   2298.430	           	      1.000	      0.000	      0.000	      0.000	      0.000	      0.000	      0.000	     -9.500	      0.000	      0.000	
 07/17-11:04	2298.600	2300.600	2298.400	2298.800	           1502	    109.000	   2307.808	   2307.856	   2303.405	   2298.518	           	      1.000	      0.000	      0.000	      0.000	      0.000	      0.000	      0.000	     -9.008	      0.000	      0.000	
 07/17-11:05	2299.200	2302.400	2299.000	2300.800	           2074	    110.000	   2307.504	   2307.952	   2303.342	   2298.604	           	      1.000	      0.000	      0.000	      0.000	      0.000	      0.000	      0.000	     -6.704	      0.000	      0.000	
 07/17-11:06	2301.400	2301.600	2294.200	2294.200	           3679	    111.000	   2306.892	   2307.844	   2303.242	   2298.654	           	      1.000	      0.000	      0.000	      0.000	      0.000	      0.000	      0.000	    -12.692	      0.000	      0.000	
 07/17-11:07	2294.200	2298.000	2294.000	2298.000	           3019	    112.000	   2306.425	   2307.744	   2303.169	   2298.711	           	      1.000	      0.000	      0.000	      0.000	      0.000	      0.000	      0.000	     -8.425	      0.000	      0.000	
 07/17-11:08	2298.000	2301.600	2297.000	2297.000	           2852	    113.000	   2305.754	   2307.623	   2303.090	   2298.764	           	      1.000	      0.000	      0.000	      0.000	      0.000	      0.000	      0.000	     -8.754	      0.000	      0.000	
 07/17-11:09	2297.000	2298.600	2293.600	2295.400	           2823	    114.000	   2305.079	   2307.469	   2302.984	   2298.818	           	      1.000	      0.000	      0.000	      0.000	      0.000	      0.000	      0.000	     -9.679	      0.000	      0.000	
 07/17-11:10	2295.400	2298.400	2294.200	2296.600	           2268	    115.000	   2304.654	   2307.363	   2302.894	   2298.871	           	      1.000	      0.000	      0.000	      0.000	      0.000	      0.000	      0.000	     -8.054	      0.000	      0.000	
 07/17-11:11	2296.800	2299.400	2296.800	2299.000	           2274	    116.000	   2304.313	   2307.294	   2302.827	   2298.943	           	      1.000	      0.000	      0.000	      0.000	      0.000	      0.000	      0.000	     -5.313	      0.000	      0.000	
 07/17-11:12	2298.800	2304.000	2298.800	2302.200	           4237	    117.000	   2303.887	   2307.258	   2302.771	   2299.030	           	      1.000	      0.000	      0.000	      0.000	      0.000	      0.000	      0.000	     -1.688	      0.000	      0.000	
 07/17-11:13	2302.800	2303.200	2300.200	2301.000	           1814	    118.000	   2303.200	   2307.248	   2302.710	   2299.112	           	      1.000	      0.000	      0.000	      0.000	      0.000	      0.000	      0.000	     -2.200	      0.000	      0.000	
 07/17-11:14	2301.200	2302.200	2297.400	2297.800	           2171	    119.000	   2302.587	   2307.100	   2302.645	   2299.175	           	      1.000	      0.000	      0.000	      0.000	      0.000	      0.000	      0.000	     -4.787	      0.000	      0.000	
 07/17-11:15	2298.200	2302.400	2298.200	2300.600	           1656	    120.000	   2302.008	   2306.815	   2302.608	   2299.232	           	      1.000	      0.000	      0.000	      0.000	      0.000	      0.000	      0.000	     -1.408	      0.000	      0.000	
 07/17-11:16	2300.200	2300.200	2296.000	2300.000	           2856	    121.000	   2301.542	   2306.550	   2302.607	   2299.282	           	      1.000	      0.000	      0.000	      0.000	      0.000	      0.000	      0.000	     -1.542	      0.000	      0.000	
 07/17-11:17	2299.800	2301.800	2298.600	2300.000	           1649	    122.000	   2300.979	   2306.331	   2302.602	   2299.331	           	      1.000	      0.000	      0.000	      0.000	      0.000	      0.000	      0.000	     -0.979	      0.000	      0.000	
 07/17-11:18	2299.600	2301.400	2297.600	2301.200	           1387	    123.000	   2300.604	   2306.079	   2302.595	   2299.390	           	      1.000	      0.000	      0.000	      0.000	      0.000	      0.000	      0.000	      0.596	      0.000	      0.000	
 07/17-11:19	2301.400	2303.600	2301.200	2303.000	           2702	    124.000	   2300.392	   2305.775	   2302.595	   2299.466	           	      1.000	      0.000	      0.000	      0.000	      0.000	      0.000	      0.000	      2.608	      0.000	      0.000	
 07/17-11:20	2303.200	2304.200	2300.800	2303.600	           2437	    125.000	   2300.313	   2305.544	   2302.603	   2299.556	           	      1.000	      0.000	      0.000	      0.000	      0.000	      0.000	      0.000	      3.288	      0.000	      0.000	
 07/17-11:21	2303.600	2304.800	2302.400	2304.200	           2293	    126.000	   2300.175	   2305.331	   2302.627	   2299.627	           	      1.000	      0.000	      0.000	      0.000	      0.000	      0.000	      0.000	      4.025	      0.000	      0.000	
 07/17-11:22	2303.800	2304.600	2300.400	2300.400	           2095	    127.000	   2300.008	   2305.129	   2302.602	   2299.654	           	      1.000	      0.000	      0.000	      0.000	      0.000	      0.000	      0.000	      0.392	      0.000	      0.000	
 07/17-11:23	2300.200	2301.000	2295.600	2296.600	           3355	    128.000	   2299.654	   2304.871	   2302.545	   2299.665	           	      1.000	      0.000	      0.000	      0.000	      0.000	      0.000	      0.000	     -3.054	      0.000	      0.000	
 07/17-11:24	2296.800	2298.000	2295.400	2295.600	           1659	    129.000	   2299.221	   2304.681	   2302.489	   2299.675	           	      0.000	      0.000	      1.000	      0.000	      0.000	      0.000	      0.000	     -3.621	      0.000	      0.000	
 07/17-11:25	2295.800	2296.000	2290.000	2292.400	           6446	    130.000	   2298.979	   2304.431	   2302.414	   2299.661	           	      0.000	      0.000	      1.000	      0.000	      0.000	      0.000	      0.000	     -6.579	      0.000	      0.000	
 07/17-11:26	2292.800	2294.000	2290.400	2292.600	           3011	    131.000	   2298.717	   2304.160	   2302.354	   2299.662	           	      0.000	      0.000	      1.000	      0.000	      0.000	      0.000	      0.000	     -6.116	      0.000	      0.000	
 07/17-11:27	2292.600	2293.200	2288.200	2292.200	           3517	    132.000	   2298.533	   2303.960	   2302.297	   2299.658	           	      0.000	      0.000	      1.000	      0.000	      0.000	      0.000	      0.000	     -6.333	      0.000	      0.000	
 07/17-11:28	2292.200	2294.200	2291.000	2292.600	           1737	    133.000	   2298.367	   2303.756	   2302.233	   2299.618	           	      0.000	      0.000	      1.000	      0.000	      0.000	      0.000	      0.000	     -5.767	      0.000	      0.000	
 07/17-11:29	2293.200	2294.400	2292.400	2293.200	           1108	    134.000	   2298.183	   2303.544	   2302.160	   2299.591	           	      0.000	      0.000	      1.000	      0.000	      0.000	      0.000	      0.000	     -4.983	      0.000	      0.000	
 07/17-11:30	2293.400	2295.400	2292.800	2294.800	           1921	    135.000	   2298.067	   2303.360	   2302.100	   2299.575	           	      0.000	      0.000	      1.000	      0.000	      0.000	      0.000	      0.000	     -3.267	      0.000	      0.000	
 07/17-13:01	2294.400	2300.400	2294.400	2300.200	           3486	    136.000	   2298.083	   2303.265	   2302.082	   2299.590	           	      0.000	      0.000	      1.000	      0.000	      0.000	      0.000	      0.000	      2.117	      0.000	      0.000	
 07/17-13:02	2300.200	2300.200	2298.600	2299.600	           1623	    137.000	   2298.071	   2303.196	   2302.086	   2299.605	           	      0.000	      0.000	      1.000	      0.000	      0.000	      0.000	      0.000	      1.529	      0.000	      0.000	
 07/17-13:03	2299.600	2299.600	2298.400	2298.800	            820	    138.000	   2298.079	   2303.090	   2302.114	   2299.623	           	      0.000	      0.000	      1.000	      0.000	      0.000	      0.000	      0.000	      0.721	      0.000	      0.000	
 07/17-13:04	2299.200	2301.000	2298.200	2300.400	           1084	    139.000	   2298.133	   2302.971	   2302.167	   2299.653	           	      0.000	      0.000	      1.000	      0.000	      0.000	      0.000	      0.000	      2.267	      0.000	      0.000	
 07/17-13:05	2300.400	2301.800	2300.000	2301.400	           1704	    140.000	   2298.154	   2302.829	   2302.226	   2299.689	           	      0.000	      0.000	      1.000	      0.000	      0.000	      0.000	      0.000	      3.246	      0.000	      0.000	
 07/17-13:06	2301.200	2301.600	2298.600	2299.800	           1759	    141.000	   2298.342	   2302.617	   2302.282	   2299.733	           	      0.000	      0.000	      1.000	      0.000	      0.000	      0.000	      0.000	      1.458	      0.000	      0.000	
 07/17-13:07	2299.800	2305.000	2298.800	2305.000	           2833	    142.000	   2298.575	   2302.500	   2302.352	   2299.792	           	      1.000	      0.000	      0.000	      0.000	      0.000	      0.000	      0.000	      6.425	      0.000	      0.000	
 07/17-13:08	2304.800	2311.000	2304.800	2308.800	           6507	    143.000	   2298.967	   2302.360	   2302.456	   2299.873	           	      1.000	      0.000	      0.000	      0.000	      0.000	      0.000	      0.000	      9.833	      0.000	      0.000	
 07/17-13:09	2309.200	2312.600	2308.000	2312.600	           4388	    144.000	   2299.542	   2302.310	   2302.592	   2299.970	           	      1.000	      0.000	      0.000	      0.000	      0.000	      0.000	      0.000	     13.058	      0.000	      0.000	
 07/17-13:10	2312.800	2313.800	2311.400	2312.200	           3672	    145.000	   2300.058	   2302.356	   2302.718	   2300.064	           	      1.000	      0.000	      0.000	      0.000	      0.000	      0.000	      0.000	     12.142	      0.000	      0.000	
 07/17-13:11	2312.000	2312.200	2309.600	2311.000	           2544	    146.000	   2300.458	   2302.385	   2302.862	   2300.165	           	      1.000	      0.000	      0.000	      0.000	      0.000	      0.000	      0.000	     10.542	      0.000	      0.000	
 07/17-13:12	2311.000	2315.000	2310.800	2315.000	           3548	    147.000	   2300.883	   2302.385	   2303.042	   2300.268	           	      1.000	      0.000	      0.000	      0.000	      0.000	      0.000	      0.000	     14.117	      0.000	      0.000	
 07/17-13:13	2315.200	2315.400	2312.000	2312.400	           2219	    148.000	   2301.267	   2302.233	   2303.196	   2300.352	           	      1.000	      0.000	      0.000	      0.000	      0.000	      0.000	      0.000	     11.133	      0.000	      0.000	
 07/17-13:14	2312.000	2312.200	2309.200	2309.600	           2847	    149.000	   2301.658	   2302.123	   2303.304	   2300.422	           	      1.000	      0.000	      0.000	      0.000	      0.000	      0.000	      0.000	      7.942	      0.000	      0.000	
 07/17-13:15	2309.800	2320.200	2309.400	2320.000	           6523	    150.000	   2302.304	   2302.156	   2303.518	   2300.504	           	      1.000	      0.000	      0.000	      0.000	      0.000	      0.000	      0.000	     17.696	      0.000	      0.000	
 07/17-13:16	2319.200	2319.200	2315.600	2318.000	           4798	    151.000	   2302.904	   2302.223	   2303.718	   2300.591	           	      1.000	      0.000	      0.000	      0.000	      0.000	      0.000	      0.000	     15.096	      0.000	      0.000	
 07/17-13:17	2318.400	2319.200	2315.600	2316.200	           2390	    152.000	   2303.446	   2302.212	   2303.920	   2300.675	           	      1.000	      0.000	      0.000	      0.000	      0.000	      0.000	      0.000	     12.754	      0.000	      0.000	
 07/17-13:18	2316.200	2316.200	2313.400	2314.000	           2659	    153.000	   2303.875	   2302.240	   2304.115	   2300.727	           	      1.000	      0.000	      0.000	      0.000	      0.000	      0.000	      0.000	     10.125	      0.000	      0.000	
 07/17-13:19	2313.800	2316.000	2312.400	2313.400	           2510	    154.000	   2304.221	   2302.306	   2304.305	   2300.770	           	      1.000	      0.000	      0.000	      0.000	      0.000	      0.000	      0.000	      9.179	      0.000	      0.000	
 07/17-13:20	2313.600	2315.200	2311.200	2312.000	           2238	    155.000	   2304.500	   2302.406	   2304.492	   2300.802	           	      1.000	      0.000	      0.000	      0.000	      0.000	      0.000	      0.000	      7.500	      0.000	      0.000	
 07/17-13:21	2312.200	2315.000	2312.200	2313.800	           2204	    156.000	   2304.821	   2302.498	   2304.671	   2300.861	           	      1.000	      0.000	      0.000	      0.000	      0.000	      0.000	      0.000	      8.979	      0.000	      0.000	
 07/17-13:22	2313.400	2313.400	2308.200	2310.000	           4362	    157.000	   2305.142	   2302.575	   2304.810	   2300.902	           	      1.000	      0.000	      0.000	      0.000	      0.000	      0.000	      0.000	      4.858	      0.000	      0.000	
 07/17-13:23	2310.400	2310.400	2308.600	2308.800	           1941	    158.000	   2305.546	   2302.600	   2304.937	   2300.947	           	      1.000	      0.000	      0.000	      0.000	      0.000	      0.000	      0.000	      3.254	      0.000	      0.000	
 07/17-13:24	2308.800	2311.000	2308.200	2308.800	           2300	    159.000	   2305.983	   2302.602	   2305.053	   2300.999	           	      1.000	      0.000	      0.000	      0.000	      0.000	      0.000	      0.000	      2.817	      0.000	      0.000	
 07/17-13:25	2308.200	2311.000	2307.200	2310.800	           2826	    160.000	   2306.600	   2302.790	   2305.177	   2301.068	           	      1.000	      0.000	      0.000	      0.000	      0.000	      0.000	      0.000	      4.200	      0.000	      0.000	
 07/17-13:26	2310.600	2311.600	2309.200	2310.600	           1779	    161.000	   2307.200	   2302.958	   2305.300	   2301.137	           	      1.000	      0.000	      0.000	      0.000	      0.000	      0.000	      0.000	      3.400	      0.000	      0.000	
 07/17-13:27	2310.600	2315.600	2310.200	2313.200	           3602	    162.000	   2307.900	   2303.217	   2305.440	   2301.204	           	      1.000	      0.000	      0.000	      0.000	      0.000	      0.000	      0.000	      5.300	      0.000	      0.000	
 07/17-13:28	2313.200	2314.200	2305.600	2307.400	           5165	    163.000	   2308.392	   2303.379	   2305.540	   2301.244	           	      1.000	      0.000	      0.000	      0.000	      0.000	      0.000	      0.000	     -0.992	      0.000	      0.000	
 07/17-13:29	2307.000	2310.400	2307.000	2309.400	           2151	    164.000	   2308.933	   2303.558	   2305.627	   2301.324	           	      1.000	      0.000	      0.000	      0.000	      0.000	      0.000	      0.000	      0.467	      0.000	      0.000	
 07/17-13:30	2309.400	2312.800	2308.200	2308.200	           2443	    165.000	   2309.379	   2303.723	   2305.706	   2301.384	           	      1.000	      0.000	      0.000	      0.000	      0.000	      0.000	      0.000	     -1.179	      0.000	      0.000	
 07/17-13:31	2308.200	2310.800	2306.000	2308.600	           3038	    166.000	   2309.658	   2303.871	   2305.790	   2301.441	           	      1.000	      0.000	      0.000	      0.000	      0.000	      0.000	      0.000	     -1.058	      0.000	      0.000	
 07/17-13:32	2308.400	2308.600	2305.800	2306.600	           3318	    167.000	   2309.896	   2303.983	   2305.880	   2301.481	           	      1.000	      0.000	      0.000	      0.000	      0.000	      0.000	      0.000	     -3.296	      0.000	      0.000	
 07/17-13:33	2306.200	2306.400	2301.600	2302.400	           4651	    168.000	   2310.012	   2304.046	   2305.937	   2301.502	           	      1.000	      0.000	      0.000	      0.000	      0.000	      0.000	      0.000	     -7.613	      0.000	      0.000	
 07/17-13:34	2302.200	2302.200	2296.200	2298.400	           5837	    169.000	   2309.946	   2304.040	   2305.948	   2301.507	           	      0.000	      0.000	      1.000	      0.000	      0.000	      0.000	      0.000	    -11.546	      0.000	      0.000	
 07/17-13:35	2298.200	2299.400	2296.200	2299.400	           3089	    170.000	   2309.879	   2304.017	   2305.984	   2301.529	           	      0.000	      0.000	      1.000	      0.000	      0.000	      0.000	      0.000	    -10.479	      0.000	      0.000	
 07/17-13:36	2299.600	2299.600	2295.800	2297.200	           3805	    171.000	   2309.792	   2304.067	   2305.955	   2301.521	           	      0.000	      0.000	      1.000	      0.000	      0.000	      0.000	      0.000	    -12.592	      0.000	      0.000	
 07/17-13:37	2297.400	2298.200	2295.800	2296.800	           1869	    172.000	   2309.517	   2304.046	   2305.895	   2301.514	           	      0.000	      0.000	      1.000	      0.000	      0.000	      0.000	      0.000	    -12.717	      0.000	      0.000	
 07/17-13:38	2297.000	2299.600	2296.800	2298.600	           2111	    173.000	   2309.179	   2304.073	   2305.848	   2301.498	           	      0.000	      0.000	      1.000	      0.000	      0.000	      0.000	      0.000	    -10.579	      0.000	      0.000	
 07/17-13:39	2298.800	2298.800	2293.600	2294.800	           4538	    174.000	   2308.587	   2304.065	   2305.767	   2301.471	           	      0.000	      0.000	      1.000	      0.000	      0.000	      0.000	      0.000	    -13.787	      0.000	      0.000	
 07/17-13:40	2295.000	2296.800	2293.400	2296.600	           2263	    175.000	   2308.067	   2304.063	   2305.712	   2301.446	           	      0.000	      0.000	      1.000	      0.000	      0.000	      0.000	      0.000	    -11.467	      0.000	      0.000	
 07/17-13:41	2296.400	2299.600	2295.000	2298.200	           2276	    176.000	   2307.642	   2304.050	   2305.672	   2301.428	           	      0.000	      0.000	      1.000	      0.000	      0.000	      0.000	      0.000	     -9.442	      0.000	      0.000	
 07/17-13:42	2298.400	2298.800	2296.400	2296.400	           1563	    177.000	   2307.021	   2303.952	   2305.605	   2301.417	           	      0.000	      0.000	      1.000	      0.000	      0.000	      0.000	      0.000	    -10.621	      0.000	      0.000	
 07/17-13:43	2296.200	2296.200	2292.800	2294.200	           3278	    178.000	   2306.413	   2303.840	   2305.544	   2301.394	           	      0.000	      0.000	      1.000	      0.000	      0.000	      0.000	      0.000	    -12.213	      0.000	      0.000	
 07/17-13:44	2294.200	2297.400	2294.200	2295.400	           1586	    179.000	   2305.942	   2303.800	   2305.450	   2301.375	           	      0.000	      0.000	      1.000	      0.000	      0.000	      0.000	      0.000	    -10.542	      0.000	      0.000	
 07/17-13:45	2295.200	2297.000	2292.000	2295.400	           2834	    180.000	   2305.121	   2303.712	   2305.263	   2301.373	           	      0.000	      0.000	      1.000	      0.000	      0.000	      0.000	      0.000	     -9.721	      0.000	      0.000	
 07/17-13:46	2295.200	2295.800	2293.600	2293.600	           1443	    181.000	   2304.308	   2303.606	   2305.078	   2301.373	           	      0.000	      0.000	      1.000	      0.000	      0.000	      0.000	      0.000	    -10.708	      0.000	      0.000	
 07/17-13:47	2293.600	2294.000	2289.000	2293.800	           4873	    182.000	   2303.558	   2303.502	   2304.917	   2301.380	           	      0.000	      0.000	      1.000	      0.000	      0.000	      0.000	      0.000	     -9.758	      0.000	      0.000	
 07/17-13:48	2293.400	2293.800	2290.000	2291.200	           2157	    183.000	   2302.800	   2303.337	   2304.708	   2301.375	           	      0.000	      0.000	      1.000	      0.000	      0.000	      0.000	      0.000	    -11.600	      0.000	      0.000	
 07/17-13:49	2291.400	2292.800	2290.800	2292.400	           1751	    184.000	   2302.100	   2303.160	   2304.468	   2301.372	           	      0.000	      0.000	      1.000	      0.000	      0.000	      0.000	      0.000	     -9.700	      0.000	      0.000	
 07/17-13:50	2292.400	2293.800	2287.600	2289.800	           4463	    185.000	   2301.363	   2302.931	   2304.238	   2301.364	           	      0.000	      0.000	      1.000	      0.000	      0.000	      0.000	      0.000	    -11.563	      0.000	      0.000	
 07/17-13:51	2290.200	2290.600	2283.800	2290.600	           4963	    186.000	   2300.583	   2302.702	   2304.017	   2301.360	           	      0.000	      0.000	      1.000	      0.000	      0.000	      0.000	      0.000	     -9.983	      0.000	      0.000	
 07/17-13:52	2290.400	2295.000	2289.200	2295.000	           4292	    187.000	   2300.083	   2302.613	   2303.871	   2301.373	           	      0.000	      0.000	      1.000	      0.000	      0.000	      0.000	      0.000	     -5.083	      0.000	      0.000	
 07/17-13:53	2294.600	2294.600	2293.000	2293.600	           1839	    188.000	   2299.579	   2302.563	   2303.717	   2301.376	           	      0.000	      0.000	      1.000	      0.000	      0.000	      0.000	      0.000	     -5.979	      0.000	      0.000	
 07/17-13:54	2293.600	2296.000	2293.000	2294.400	           2520	    189.000	   2299.100	   2302.542	   2303.612	   2301.392	           	      0.000	      0.000	      1.000	      0.000	      0.000	      0.000	      0.000	     -4.700	      0.000	      0.000	
 07/17-13:55	2294.000	2294.400	2291.600	2291.600	           1932	    190.000	   2298.458	   2302.529	   2303.480	   2301.393	           	      0.000	      0.000	      1.000	      0.000	      0.000	      0.000	      0.000	     -6.858	      0.000	      0.000	
 07/17-13:56	2291.400	2293.800	2290.600	2290.600	           1557	    191.000	   2297.792	   2302.496	   2303.328	   2301.384	           	      0.000	      0.000	      1.000	      0.000	      0.000	      0.000	      0.000	     -7.192	      0.000	      0.000	
 07/17-13:57	2290.800	2290.800	2285.400	2287.400	           5262	    192.000	   2296.933	   2302.417	   2303.188	   2301.375	           	      0.000	      0.000	      1.000	      0.000	      0.000	      0.000	      0.000	     -9.533	      0.000	      0.000	
 07/17-13:58	2287.200	2288.400	2283.000	2284.800	           4377	    193.000	   2296.183	   2302.288	   2303.022	   2301.358	           	      0.000	      0.000	      1.000	      0.000	      0.000	      0.000	      0.000	    -11.383	      0.000	      0.000	
 07/17-13:59	2285.000	2287.400	2284.200	2286.800	           2216	    194.000	   2295.425	   2302.179	   2302.862	   2301.357	           	      0.000	      0.000	      1.000	      0.000	      0.000	      0.000	      0.000	     -8.625	      0.000	      0.000	
 07/17-14:00	2286.800	2286.800	2282.600	2282.800	           2660	    195.000	   2294.579	   2301.979	   2302.670	   2301.344	           	      0.000	      0.000	      1.000	      0.000	      0.000	      0.000	      0.000	    -11.779	      0.000	      0.000	
 07/17-14:01	2283.600	2288.600	2283.400	2288.200	           2821	    196.000	   2293.900	   2301.779	   2302.522	   2301.353	           	      0.000	      0.000	      1.000	      0.000	      0.000	      0.000	      0.000	     -5.700	      0.000	      0.000	
 07/17-14:02	2288.000	2291.000	2288.000	2289.800	           2923	    197.000	   2293.337	   2301.617	   2302.406	   2301.362	           	      0.000	      0.000	      1.000	      0.000	      0.000	      0.000	      0.000	     -3.537	      0.000	      0.000	
 07/17-14:03	2289.400	2289.600	2287.200	2289.600	           1542	    198.000	   2292.913	   2301.462	   2302.276	   2301.378	           	      0.000	      0.000	      1.000	      0.000	      0.000	      0.000	      0.000	     -3.313	      0.000	      0.000	
 07/17-14:04	2289.600	2290.400	2286.000	2289.600	           1767	    199.000	   2292.621	   2301.283	   2302.127	   2301.386	           	      0.000	      0.000	      1.000	      0.000	      0.000	      0.000	      0.000	     -3.021	      0.000	      0.000	
 07/17-14:05	2289.400	2291.400	2288.400	2289.200	           1998	    200.000	   2292.283	   2301.081	   2301.955	   2301.392	           	      0.000	      0.000	      1.000	      0.000	      0.000	      0.000	      0.000	     -3.083	      0.000	      0.000	
 07/17-14:06	2288.600	2291.600	2288.000	2290.000	           2136	    201.000	   2292.042	   2300.917	   2301.767	   2301.399	           	      0.000	      0.000	      1.000	      0.000	      0.000	      0.000	      0.000	     -2.042	      0.000	      0.000	
 07/17-14:07	2290.200	2291.200	2288.200	2289.200	           1526	    202.000	   2291.788	   2300.652	   2301.576	   2301.413	           	      0.000	      0.000	      1.000	      0.000	      0.000	      0.000	      0.000	     -2.588	      0.000	      0.000	
 07/17-14:08	2289.200	2291.800	2288.600	2291.200	           1504	    203.000	   2291.542	   2300.360	   2301.360	   2301.427	           	      0.000	      0.000	      1.000	      0.000	      0.000	      0.000	      0.000	     -0.342	      0.000	      0.000	
 07/17-14:09	2291.200	2292.600	2289.400	2292.200	           2065	    204.000	   2291.450	   2300.019	   2301.165	   2301.448	           	      0.000	      0.000	      1.000	      0.000	      0.000	      0.000	      0.000	      0.750	      0.000	      0.000	
 07/17-14:10	2292.200	2292.600	2286.800	2286.800	           2724	    205.000	   2291.129	   2299.598	   2300.977	   2301.439	           	      0.000	      0.000	      1.000	      0.000	      0.000	      0.000	      0.000	     -4.329	      0.000	      0.000	
 07/17-14:11	2286.200	2286.200	2282.800	2286.200	           4716	    206.000	   2290.725	   2299.183	   2300.784	   2301.425	           	      0.000	      0.000	      1.000	      0.000	      0.000	      0.000	      0.000	     -4.525	      0.000	      0.000	
 07/17-14:12	2286.200	2288.200	2285.400	2286.000	           2402	    207.000	   2290.379	   2298.700	   2300.543	   2301.400	           	      0.000	      0.000	      1.000	      0.000	      0.000	      0.000	      0.000	     -4.379	      0.000	      0.000	
 07/17-14:13	2286.000	2288.000	2281.600	2284.200	           3226	    208.000	   2290.046	   2298.229	   2300.231	   2301.365	           	      0.000	      0.000	      1.000	      0.000	      0.000	      0.000	      0.000	     -5.846	      0.000	      0.000	
 07/17-14:14	2284.200	2284.800	2281.600	2283.600	           2391	    209.000	   2289.654	   2297.798	   2299.960	   2301.323	           	      0.000	      0.000	      1.000	      0.000	      0.000	      0.000	      0.000	     -6.054	      0.000	      0.000	
 07/17-14:15	2283.800	2284.600	2282.200	2283.400	           1891	    210.000	   2289.254	   2297.188	   2299.672	   2301.272	           	      0.000	      1.000	      0.000	      0.000	      0.000	      0.000	      0.000	     -5.854	      0.000	      0.000	
 07/17-14:16	2283.400	2286.600	2279.200	2280.800	           4710	    211.000	   2288.825	   2296.567	   2299.395	   2301.209	           	      0.000	      1.000	      0.000	      0.000	      0.000	      0.000	      0.000	     -8.025	      0.000	      0.000	
 07/17-14:17	2280.400	2280.400	2277.200	2278.200	           3568	    212.000	   2288.308	   2295.933	   2299.073	   2301.140	           	      0.000	      1.000	      0.000	      0.000	      0.000	      0.000	      0.000	    -10.108	      0.000	      0.000	
 07/17-14:18	2278.200	2280.200	2276.400	2279.600	           2453	    213.000	   2287.921	   2295.360	   2298.800	   2301.076	           	      0.000	      1.000	      0.000	      0.000	      0.000	      0.000	      0.000	     -8.321	      0.000	      0.000	
 07/17-14:19	2279.400	2280.400	2277.200	2278.800	           1960	    214.000	   2287.467	   2294.783	   2298.545	   2301.012	           	      0.000	      1.000	      0.000	      0.000	      0.000	      0.000	      0.000	     -8.667	      0.000	      0.000	
 07/17-14:20	2278.800	2279.400	2276.200	2278.000	           2364	    215.000	   2287.071	   2294.217	   2298.312	   2300.945	           	      0.000	      1.000	      0.000	      0.000	      0.000	      0.000	      0.000	     -9.071	      0.000	      0.000	
 07/17-14:21	2277.800	2281.800	2277.800	2281.000	           3088	    216.000	   2286.754	   2293.669	   2298.083	   2300.882	           	      0.000	      1.000	      0.000	      0.000	      0.000	      0.000	      0.000	     -5.754	      0.000	      0.000	
 07/17-14:22	2281.200	2282.800	2281.200	2281.400	           1985	    217.000	   2286.300	   2293.192	   2297.883	   2300.831	           	      0.000	      1.000	      0.000	      0.000	      0.000	      0.000	      0.000	     -4.900	      0.000	      0.000	
 07/17-14:23	2281.600	2281.600	2278.000	2280.600	           2353	    218.000	   2285.867	   2292.723	   2297.661	   2300.774	           	      0.000	      1.000	      0.000	      0.000	      0.000	      0.000	      0.000	     -5.267	      0.000	      0.000	
 07/17-14:24	2280.800	2281.000	2279.200	2280.200	           1109	    219.000	   2285.396	   2292.248	   2297.425	   2300.713	           	      0.000	      1.000	      0.000	      0.000	      0.000	      0.000	      0.000	     -5.196	      0.000	      0.000	
 07/17-14:25	2280.000	2283.000	2279.000	2279.000	           2291	    220.000	   2284.975	   2291.717	   2297.253	   2300.639	           	      0.000	      1.000	      0.000	      0.000	      0.000	      0.000	      0.000	     -5.975	      0.000	      0.000	
 07/17-14:26	2279.200	2285.200	2278.400	2285.200	           3539	    221.000	   2284.792	   2291.292	   2297.125	   2300.590	           	      0.000	      1.000	      0.000	      0.000	      0.000	      0.000	      0.000	      0.408	      0.000	      0.000	
 07/17-14:27	2284.400	2286.200	2283.200	2285.600	           2388	    222.000	   2284.733	   2290.833	   2297.025	   2300.536	           	      0.000	      1.000	      0.000	      0.000	      0.000	      0.000	      0.000	      0.867	      0.000	      0.000	
 07/17-14:28	2286.000	2288.000	2286.000	2286.600	           3167	    223.000	   2284.792	   2290.488	   2296.933	   2300.486	           	      0.000	      1.000	      0.000	      0.000	      0.000	      0.000	      0.000	      1.808	      0.000	      0.000	
 07/17-14:29	2286.600	2290.000	2286.400	2289.800	           2770	    224.000	   2284.892	   2290.158	   2296.858	   2300.452	           	      0.000	      1.000	      0.000	      0.000	      0.000	      0.000	      0.000	      4.908	      0.000	      0.000	
 07/17-14:30	2289.600	2289.800	2287.200	2288.800	           2364	    225.000	   2285.096	   2289.837	   2296.780	   2300.410	           	      0.000	      1.000	      0.000	      0.000	      0.000	      0.000	      0.000	      3.704	      0.000	      0.000	
 07/17-14:31	2289.000	2289.000	2287.200	2288.000	           1577	    226.000	   2285.087	   2289.494	   2296.682	   2300.366	           	      0.000	      1.000	      0.000	      0.000	      0.000	      0.000	      0.000	      2.913	      0.000	      0.000	
 07/17-14:32	2287.400	2288.000	2285.000	2286.800	           2310	    227.000	   2284.988	   2289.163	   2296.573	   2300.315	           	      0.000	      1.000	      0.000	      0.000	      0.000	      0.000	      0.000	      1.813	      0.000	      0.000	
 07/17-14:33	2286.800	2295.400	2286.600	2293.400	           5208	    228.000	   2285.113	   2289.012	   2296.529	   2300.283	           	      0.000	      1.000	      0.000	      0.000	      0.000	      0.000	      0.000	      8.287	      0.000	      0.000	
 07/17-14:34	2292.800	2293.400	2291.600	2292.400	           2450	    229.000	   2285.208	   2288.915	   2296.477	   2300.237	           	      0.000	      1.000	      0.000	      0.000	      0.000	      0.000	      0.000	      7.192	      0.000	      0.000	
 07/17-14:35	2292.400	2294.400	2291.600	2291.600	           2313	    230.000	   2285.283	   2288.783	   2296.400	   2300.180	           	      0.000	      1.000	      0.000	      0.000	      0.000	      0.000	      0.000	      6.317	      0.000	      0.000	
 07/17-14:36	2291.600	2292.000	2289.400	2291.200	           2279	    231.000	   2285.325	   2288.683	   2296.375	   2300.120	           	      0.000	      1.000	      0.000	      0.000	      0.000	      0.000	      0.000	      5.875	      0.000	      0.000	
 07/17-14:37	2291.400	2291.800	2289.600	2290.600	           1536	    232.000	   2285.375	   2288.581	   2296.313	   2300.055	           	      0.000	      1.000	      0.000	      0.000	      0.000	      0.000	      0.000	      5.225	      0.000	      0.000	
 07/17-14:38	2290.600	2292.200	2289.000	2292.000	           1664	    233.000	   2285.400	   2288.471	   2296.272	   2299.998	           	      0.000	      1.000	      0.000	      0.000	      0.000	      0.000	      0.000	      6.600	      0.000	      0.000	
 07/17-14:39	2292.000	2292.000	2287.200	2287.200	           2206	    234.000	   2285.233	   2288.342	   2296.203	   2299.908	           	      0.000	      1.000	      0.000	      0.000	      0.000	      0.000	      0.000	      1.967	      0.000	      0.000	
 07/17-14:40	2287.400	2289.200	2287.000	2288.600	           1507	    235.000	   2285.292	   2288.210	   2296.136	   2299.834	           	      0.000	      1.000	      0.000	      0.000	      0.000	      0.000	      0.000	      3.308	      0.000	      0.000	
 07/17-14:41	2289.000	2289.600	2286.000	2286.000	           1926	    236.000	   2285.288	   2288.006	   2296.028	   2299.750	           	      0.000	      1.000	      0.000	      0.000	      0.000	      0.000	      0.000	      0.712	      0.000	      0.000	
 07/17-14:42	2286.200	2286.400	2281.600	2282.800	           3949	    237.000	   2285.183	   2287.781	   2295.867	   2299.656	           	      0.000	      1.000	      0.000	      0.000	      0.000	      0.000	      0.000	     -2.383	      0.000	      0.000	
 07/17-14:43	2282.800	2283.400	2280.800	2283.000	           2256	    238.000	   2285.142	   2287.594	   2295.717	   2299.552	           	      0.000	      1.000	      0.000	      0.000	      0.000	      0.000	      0.000	     -2.142	      0.000	      0.000	
 07/17-14:44	2282.800	2283.000	2278.600	2280.000	           2849	    239.000	   2285.021	   2287.337	   2295.569	   2299.436	           	      0.000	      1.000	      0.000	      0.000	      0.000	      0.000	      0.000	     -5.021	      0.000	      0.000	
 07/17-14:45	2280.000	2280.600	2278.200	2280.600	           1822	    240.000	   2284.925	   2287.090	   2295.401	   2299.324	           	      0.000	      1.000	      0.000	      0.000	      0.000	      0.000	      0.000	     -4.325	      0.000	      0.000	
 07/17-14:46	2280.800	2281.800	2279.400	2280.000	           1822	    241.000	   2284.900	   2286.863	   2295.234	   2299.219	           	      0.000	      1.000	      0.000	      0.000	      0.000	      0.000	      0.000	     -4.900	      0.000	      0.000	
 07/17-14:47	2280.200	2282.000	2280.200	2281.600	           1133	    242.000	   2285.012	   2286.660	   2295.081	   2299.118	           	      0.000	      1.000	      0.000	      0.000	      0.000	      0.000	      0.000	     -3.412	      0.000	      0.000	
 07/17-14:48	2281.800	2282.800	2275.800	2278.600	           3790	    243.000	   2284.979	   2286.450	   2294.894	   2299.007	           	      0.000	      1.000	      0.000	      0.000	      0.000	      0.000	      0.000	     -6.379	      0.000	      0.000	
 07/17-14:49	2279.000	2282.600	2278.400	2282.400	           2127	    244.000	   2285.100	   2286.283	   2294.722	   2298.905	           	      0.000	      1.000	      0.000	      0.000	      0.000	      0.000	      0.000	     -2.700	      0.000	      0.000	
 07/17-14:50	2282.200	2282.200	2280.000	2281.800	           1439	    245.000	   2285.229	   2286.150	   2294.541	   2298.802	           	      0.000	      1.000	      0.000	      0.000	      0.000	      0.000	      0.000	     -3.429	      0.000	      0.000	
 07/17-14:51	2282.000	2282.600	2279.400	2281.000	           1644	    246.000	   2285.229	   2285.992	   2294.347	   2298.698	           	      0.000	      1.000	      0.000	      0.000	      0.000	      0.000	      0.000	     -4.229	      0.000	      0.000	
 07/17-14:52	2281.200	2283.800	2280.200	2283.000	           1936	    247.000	   2285.283	   2285.792	   2294.202	   2298.594	           	      0.000	      1.000	      0.000	      0.000	      0.000	      0.000	      0.000	     -2.283	      0.000	      0.000	
 07/17-14:53	2282.800	2283.000	2280.600	2281.200	           1060	    248.000	   2285.300	   2285.583	   2294.073	   2298.486	           	      0.000	      1.000	      0.000	      0.000	      0.000	      0.000	      0.000	     -4.100	      0.000	      0.000	
 07/17-14:54	2281.000	2281.400	2278.600	2280.200	           1605	    249.000	   2285.300	   2285.348	   2293.945	   2298.384	           	      0.000	      1.000	      0.000	      0.000	      0.000	      0.000	      0.000	     -5.100	      0.000	      0.000	
 07/17-14:55	2280.000	2281.200	2279.400	2280.800	            983	    250.000	   2285.358	   2285.167	   2293.848	   2298.287	           	      0.000	      1.000	      0.000	      0.000	      0.000	      0.000	      0.000	     -4.558	      0.000	      0.000	
 07/17-14:56	2280.400	2280.800	2279.200	2280.600	            922	    251.000	   2285.208	   2285.000	   2293.748	   2298.209	           	      0.000	      1.000	      0.000	      0.000	      0.000	      0.000	      0.000	     -4.608	      0.000	      0.000	
 07/17-14:57	2280.400	2281.600	2279.600	2280.000	            940	    252.000	   2285.021	   2284.877	   2293.647	   2298.126	           	      0.000	      1.000	      0.000	      0.000	      0.000	      0.000	      0.000	     -5.021	      0.000	      0.000	
 07/17-14:58	2280.200	2281.200	2280.000	2280.200	            728	    253.000	   2284.808	   2284.800	   2293.544	   2298.040	           	      0.000	      1.000	      0.000	      0.000	      0.000	      0.000	      0.000	     -4.608	      0.000	      0.000	
 07/17-14:59	2280.000	2280.600	2279.800	2280.000	            822	    254.000	   2284.483	   2284.688	   2293.433	   2297.948	           	      0.000	      1.000	      0.000	      0.000	      0.000	      0.000	      0.000	     -4.483	      0.000	      0.000	
 07/17-15:00	2280.000	2281.800	2280.000	2281.800	           1161	    255.000	   2284.246	   2284.671	   2293.325	   2297.864	           	      0.000	      1.000	      0.000	      0.000	      0.000	      0.000	      0.000	     -2.446	      0.000	      0.000	
 07/17-15:01	2281.800	2281.800	2280.200	2280.200	           1079	    256.000	   2283.988	   2284.538	   2293.158	   2297.780	           	      0.000	      1.000	      0.000	      0.000	      0.000	      0.000	      0.000	     -3.788	      0.000	      0.000	
 07/17-15:02	2280.000	2280.200	2277.000	2278.600	           2139	    257.000	   2283.712	   2284.350	   2292.983	   2297.680	           	      0.000	      1.000	      0.000	      0.000	      0.000	      0.000	      0.000	     -5.112	      0.000	      0.000	
 07/17-15:03	2278.800	2279.200	2277.800	2279.200	            809	    258.000	   2283.242	   2284.177	   2292.820	   2297.583	           	      0.000	      1.000	      0.000	      0.000	      0.000	      0.000	      0.000	     -4.042	      0.000	      0.000	
 07/17-15:04	2279.000	2281.000	2279.000	2280.400	           1246	    259.000	   2282.837	   2284.023	   2292.653	   2297.495	           	      0.000	      1.000	      0.000	      0.000	      0.000	      0.000	      0.000	     -2.438	      0.000	      0.000	
 07/17-15:05	2280.400	2281.000	2280.000	2280.400	            844	    260.000	   2282.467	   2283.875	   2292.478	   2297.411	           	      0.000	      1.000	      0.000	      0.000	      0.000	      0.000	      0.000	     -2.067	      0.000	      0.000	
 07/17-15:06	2280.400	2280.400	2279.200	2280.200	            708	    261.000	   2282.100	   2283.712	   2292.315	   2297.333	           	      0.000	      1.000	      0.000	      0.000	      0.000	      0.000	      0.000	     -1.900	      0.000	      0.000	
 07/17-15:07	2280.400	2281.000	2280.200	2280.600	            462	    262.000	   2281.767	   2283.571	   2292.112	   2297.260	           	      0.000	      1.000	      0.000	      0.000	      0.000	      0.000	      0.000	     -1.167	      0.000	      0.000	
 07/17-15:08	2280.600	2280.600	2278.000	2278.400	           1112	    263.000	   2281.313	   2283.356	   2291.858	   2297.172	           	      0.000	      1.000	      0.000	      0.000	      0.000	      0.000	      0.000	     -2.913	      0.000	      0.000	
 07/17-15:09	2278.600	2279.800	2278.000	2279.400	            985	    264.000	   2281.054	   2283.144	   2291.581	   2297.082	           	      0.000	      1.000	      0.000	      0.000	      0.000	      0.000	      0.000	     -1.654	      0.000	      0.000	
 07/17-15:10	2279.600	2280.600	2278.800	2280.600	           1131	    265.000	   2280.788	   2283.040	   2291.319	   2296.996	           	      0.000	      1.000	      0.000	      0.000	      0.000	      0.000	      0.000	     -0.188	      0.000	      0.000	
 07/17-15:11	2280.200	2280.600	2279.200	2279.200	            959	    266.000	   2280.563	   2282.925	   2291.054	   2296.904	           	      0.000	      1.000	      0.000	      0.000	      0.000	      0.000	      0.000	     -1.363	      0.000	      0.000	
 07/17-15:12	2279.600	2279.800	2277.800	2279.600	           1221	    267.000	   2280.450	   2282.817	   2290.758	   2296.825	           	      0.000	      1.000	      0.000	      0.000	      0.000	      0.000	      0.000	     -0.850	      0.000	      0.000	
 07/17-15:13	2280.000	2280.400	2279.200	2280.400	            962	    268.000	   2280.367	   2282.754	   2290.492	   2296.765	           	      0.000	      1.000	      0.000	      0.000	      0.000	      0.000	      0.000	      0.033	      0.000	      0.000	
 07/17-15:14	2280.400	2282.000	2280.200	2281.400	           2436	    269.000	   2280.413	   2282.717	   2290.257	   2296.715	           	      0.000	      1.000	      0.000	      0.000	      0.000	      0.000	      0.000	      0.987	      0.000	      0.000	
 07/17-15:15	2281.400	2282.800	2280.800	2282.400	           2021	    270.000	   2280.475	   2282.700	   2289.944	   2296.667	           	      0.000	      1.000	      0.000	      0.000	      0.000	      0.000	      0.000	      1.925	      0.000	      0.000	