 09/17-09:16	2475.000	2477.000	2472.400	2472.400	           4042	      1.000	           	           	   2481.992	   2480.969	   2485.625	   2485.356	           	     -0.375	     -0.133	     -0.164	      0.000	
 09/17-09:17	2472.200	2472.600	2469.200	2471.800	           3098	      2.000	           	           	   2481.621	   2480.827	   2485.503	   2485.246	           	     -0.371	     -0.142	     -0.228	      0.000	
 09/17-09:18	2472.000	2473.200	2471.400	2472.400	           1246	      3.000	           	           	   2481.321	   2480.688	   2485.394	   2485.135	           	     -0.300	     -0.140	     -0.231	      0.000	
 09/17-09:19	2472.800	2474.400	2471.800	2474.000	           1211	      4.000	           	           	   2481.054	   2480.583	   2485.278	   2485.031	           	     -0.267	     -0.104	     -0.225	      0.000	
 09/17-09:20	2473.800	2478.200	2473.000	2476.800	           2717	      5.000	           	           	   2480.858	   2480.506	   2485.190	   2484.932	           	     -0.196	     -0.077	     -0.204	      0.000	
 09/17-09:21	2477.200	2477.400	2475.800	2476.400	           1306	      6.000	           	           	   2480.663	   2480.438	   2485.094	   2484.840	           	     -0.196	     -0.069	     -0.184	      0.000	
 09/17-09:22	2476.400	2476.800	2475.200	2476.800	            958	      7.000	           	           	   2480.446	   2480.371	   2484.990	   2484.759	           	     -0.217	     -0.067	     -0.200	      0.000	
 09/17-09:23	2476.200	2476.400	2474.800	2474.800	            956	      8.000	           	           	   2480.200	   2480.273	   2484.868	   2484.677	           	     -0.246	     -0.098	     -0.226	      0.000	
 09/17-09:24	2474.600	2476.400	2474.600	2476.200	            941	      9.000	           	           	   2480.008	   2480.210	   2484.763	   2484.594	           	     -0.192	     -0.063	     -0.226	      0.000	
 09/17-09:25	2476.200	2478.800	2475.800	2478.000	           1641	     10.000	           	           	   2479.867	   2480.146	   2484.645	   2484.515	           	     -0.142	     -0.065	     -0.223	      0.000	
 09/17-09:26	2478.200	2478.200	2476.400	2477.800	            862	     11.000	           	           	   2479.712	   2480.073	   2484.518	   2484.433	           	     -0.154	     -0.073	     -0.246	      0.000	
 09/17-09:27	2477.400	2477.600	2475.800	2476.400	            558	     12.000	           	           	   2479.521	   2479.994	   2484.358	   2484.350	           	     -0.192	     -0.079	     -0.286	      0.000	
 09/17-09:28	2476.400	2478.400	2476.000	2478.200	            777	     13.000	           	           	   2479.379	   2479.994	   2484.231	   2484.273	           	     -0.142	      0.000	     -0.287	      0.000	
 09/17-09:29	2478.400	2478.400	2475.200	2475.600	           1000	     14.000	           	           	   2479.158	   2479.933	   2484.062	   2484.189	           	     -0.221	     -0.060	     -0.297	      0.000	
 09/17-09:30	2475.800	2478.000	2475.600	2477.000	           1005	     15.000	           	           	   2478.988	   2479.906	   2483.917	   2484.115	           	     -0.171	     -0.027	     -0.314	      0.000	
 09/17-09:31	2477.000	2478.000	2475.800	2476.000	            894	     16.000	           	           	   2478.746	   2479.871	   2483.778	   2484.029	           	     -0.242	     -0.035	     -0.283	      0.000	
 09/17-09:32	2476.000	2478.800	2476.000	2478.600	           1719	     17.000	           	           	   2478.613	   2479.898	   2483.661	   2483.958	           	     -0.133	      0.027	     -0.255	      0.000	
 09/17-09:33	2478.600	2478.600	2473.400	2473.800	           2215	     18.000	           	           	   2478.292	   2479.846	   2483.481	   2483.868	           	     -0.321	     -0.052	     -0.297	      0.000	
 09/17-09:34	2473.800	2474.200	2472.600	2473.800	           1835	     19.000	           	           	   2477.967	   2479.808	   2483.305	   2483.782	           	     -0.325	     -0.038	     -0.356	      0.000	
 09/17-09:35	2473.800	2477.200	2472.800	2477.000	           1760	     20.000	           	           	   2477.762	   2479.831	   2483.175	   2483.716	           	     -0.204	      0.023	     -0.306	      0.000	
 09/17-09:36	2476.800	2479.200	2476.200	2478.400	           2557	     21.000	           	           	   2477.629	   2479.867	   2483.042	   2483.654	           	     -0.133	      0.035	     -0.263	      0.000	
 09/17-09:37	2478.400	2478.400	2476.400	2477.800	            930	     22.000	           	           	   2477.471	   2479.867	   2482.884	   2483.592	           	     -0.158	      0.000	     -0.291	      0.000	
 09/17-09:38	2477.400	2478.400	2476.200	2477.800	            939	     23.000	           	           	   2477.333	   2479.858	   2482.738	   2483.528	           	     -0.138	     -0.008	     -0.304	      0.000	
 09/17-09:39	2477.800	2477.800	2476.200	2476.400	            978	     24.000	           	           	   2477.121	   2479.810	   2482.592	   2483.447	           	     -0.212	     -0.048	     -0.293	      0.000	
 09/17-09:40	2476.600	2476.800	2474.200	2474.400	           2245	     25.000	           	           	   2476.825	   2479.710	   2482.440	   2483.357	           	     -0.296	     -0.100	     -0.298	      0.000	
 09/17-09:41	2474.800	2475.800	2473.400	2473.800	           1711	     26.000	           	           	   2476.504	   2479.575	   2482.278	   2483.266	           	     -0.321	     -0.135	     -0.313	      0.000	
 09/17-09:42	2473.800	2473.800	2472.200	2472.800	           2530	     27.000	           	           	   2476.179	   2479.417	   2482.097	   2483.170	           	     -0.325	     -0.158	     -0.343	      0.000	
 09/17-09:43	2472.800	2473.600	2471.600	2471.600	           1779	     28.000	           	           	   2475.854	   2479.227	   2481.916	   2483.068	           	     -0.325	     -0.190	     -0.363	      0.000	
 09/17-09:44	2471.600	2472.600	2470.800	2472.600	           2154	     29.000	           	           	   2475.625	   2479.046	   2481.734	   2482.975	           	     -0.229	     -0.181	     -0.363	      0.000	
 09/17-09:45	2472.600	2474.000	2472.200	2473.200	           1910	     30.000	           	           	   2475.421	   2478.894	   2481.572	   2482.896	           	     -0.204	     -0.152	     -0.344	      0.000	
 09/17-09:46	2473.400	2475.000	2473.200	2473.400	           1230	     31.000	           	           	   2475.454	   2478.723	   2481.426	   2482.821	           	      0.033	     -0.171	     -0.308	      0.000	
 09/17-09:47	2473.800	2473.800	2470.200	2471.800	           2510	     32.000	           	           	   2475.454	   2478.538	   2481.269	   2482.742	           	      0.000	     -0.185	     -0.303	      0.000	
 09/17-09:48	2471.800	2472.400	2468.200	2469.600	           3866	     33.000	           	           	   2475.358	   2478.340	   2481.100	   2482.664	           	     -0.096	     -0.198	     -0.326	      0.000	
 09/17-09:49	2469.600	2471.200	2469.200	2469.400	           2028	     34.000	           	           	   2475.208	   2478.131	   2480.930	   2482.581	           	     -0.150	     -0.208	     -0.339	      0.000	
 09/17-09:50	2469.600	2473.200	2469.600	2472.600	           2344	     35.000	           	           	   2475.067	   2477.962	   2480.776	   2482.514	           	     -0.142	     -0.169	     -0.324	      0.000	
 09/17-09:51	2472.200	2473.000	2471.000	2472.200	           1333	     36.000	           	           	   2474.925	   2477.794	   2480.619	   2482.447	           	     -0.142	     -0.169	     -0.312	      0.000	
 09/17-09:52	2472.400	2472.400	2470.400	2472.200	           1311	     37.000	           	           	   2474.775	   2477.610	   2480.467	   2482.380	           	     -0.150	     -0.183	     -0.310	      0.000	
 09/17-09:53	2472.000	2472.600	2471.200	2472.200	           1067	     38.000	           	           	   2474.688	   2477.444	   2480.281	   2482.310	           	     -0.087	     -0.167	     -0.337	      0.000	
 09/17-09:54	2471.800	2473.600	2471.800	2472.200	           1484	     39.000	           	           	   2474.554	   2477.281	   2480.095	   2482.239	           	     -0.133	     -0.163	     -0.372	      0.000	
 09/17-09:55	2472.400	2474.800	2472.200	2474.600	           1730	     40.000	           	           	   2474.442	   2477.154	   2479.933	   2482.178	           	     -0.113	     -0.127	     -0.348	      0.000	
 09/17-09:56	2474.200	2474.800	2473.400	2474.000	           1546	     41.000	           	           	   2474.317	   2477.015	   2479.767	   2482.125	           	     -0.125	     -0.139	     -0.328	      0.000	
 09/17-09:57	2474.000	2474.600	2473.200	2474.000	           1021	     42.000	           	           	   2474.233	   2476.877	   2479.600	   2482.073	           	     -0.083	     -0.137	     -0.333	      0.000	
 09/17-09:58	2474.000	2474.400	2472.000	2472.200	           1209	     43.000	           	           	   2474.033	   2476.706	   2479.426	   2482.012	           	     -0.200	     -0.171	     -0.341	      0.000	
 09/17-09:59	2472.200	2472.800	2471.000	2471.600	           1134	     44.000	           	           	   2473.900	   2476.529	   2479.242	   2481.951	           	     -0.134	     -0.177	     -0.358	      0.000	
 09/17-10:00	2471.400	2472.800	2471.200	2471.400	           1087	     45.000	           	           	   2473.712	   2476.350	   2479.086	   2481.897	           	     -0.188	     -0.179	     -0.340	      0.000	
 09/17-10:01	2471.400	2473.400	2470.600	2473.000	           1191	     46.000	           	           	   2473.613	   2476.179	   2478.948	   2481.843	           	     -0.100	     -0.171	     -0.294	      0.000	
 09/17-10:02	2473.000	2473.200	2470.800	2471.200	            945	     47.000	           	           	   2473.367	   2475.990	   2478.795	   2481.782	           	     -0.246	     -0.190	     -0.292	      0.000	
 09/17-10:03	2471.200	2472.000	2470.600	2471.000	            773	     48.000	           	           	   2473.275	   2475.783	   2478.666	   2481.719	           	     -0.092	     -0.206	     -0.282	      0.000	
 09/17-10:04	2471.200	2471.600	2469.600	2471.200	           1547	     49.000	           	           	   2473.183	   2475.575	   2478.546	   2481.668	           	     -0.092	     -0.208	     -0.249	      0.000	
 09/17-10:05	2471.400	2472.600	2470.200	2470.400	           1247	     50.000	           	           	   2472.967	   2475.365	   2478.410	   2481.644	           	     -0.217	     -0.210	     -0.255	      0.000	
 09/17-10:06	2470.200	2471.400	2470.000	2470.600	            993	     51.000	           	           	   2472.704	   2475.167	   2478.283	   2481.614	           	     -0.262	     -0.198	     -0.262	      0.000	
 09/17-10:07	2470.800	2471.000	2470.000	2471.000	           1225	     52.000	           	           	   2472.479	   2474.975	   2478.170	   2481.581	           	     -0.225	     -0.192	     -0.241	      0.000	
 09/17-10:08	2470.800	2473.200	2470.600	2473.000	           1628	     53.000	           	           	   2472.317	   2474.825	   2478.068	   2481.562	           	     -0.163	     -0.150	     -0.216	      0.000	
 09/17-10:09	2473.000	2473.800	2472.600	2473.000	           1523	     54.000	           	           	   2472.204	   2474.663	   2477.965	   2481.542	           	     -0.113	     -0.162	     -0.205	      0.000	
 09/17-10:10	2472.800	2473.400	2472.200	2473.200	            703	     55.000	           	           	   2472.167	   2474.496	   2477.872	   2481.516	           	     -0.037	     -0.167	     -0.196	      0.000	
 09/17-10:11	2473.200	2474.800	2473.200	2474.600	           1533	     56.000	           	           	   2472.196	   2474.350	   2477.785	   2481.484	           	      0.029	     -0.146	     -0.179	      0.000	
 09/17-10:12	2474.600	2475.000	2473.200	2473.200	           1493	     57.000	           	           	   2472.204	   2474.192	   2477.692	   2481.448	           	      0.008	     -0.158	     -0.180	      0.000	
 09/17-10:13	2473.400	2474.400	2473.200	2474.400	            977	     58.000	           	           	   2472.300	   2474.077	   2477.621	   2481.421	           	      0.096	     -0.115	     -0.165	      0.000	
 09/17-10:14	2474.200	2474.600	2473.000	2473.600	           1278	     59.000	           	           	   2472.333	   2473.979	   2477.562	   2481.398	           	      0.033	     -0.098	     -0.130	      0.000	
 09/17-10:15	2473.800	2474.800	2473.400	2474.800	           1083	     60.000	           	           	   2472.387	   2473.904	   2477.503	   2481.378	           	      0.054	     -0.075	     -0.118	      0.000	
 09/17-10:16	2474.800	2474.800	2473.200	2473.800	           1114	     61.000	           	           	   2472.400	   2473.927	   2477.448	   2481.359	           	      0.012	      0.023	     -0.114	      0.000	
 09/17-10:17	2473.800	2474.800	2473.200	2474.800	           1033	     62.000	           	           	   2472.500	   2473.977	   2477.402	   2481.343	           	      0.100	      0.050	     -0.101	      0.000	
 09/17-10:18	2474.400	2474.800	2473.400	2473.800	            744	     63.000	           	           	   2472.642	   2474.000	   2477.344	   2481.315	           	      0.142	      0.023	     -0.104	      0.000	
 09/17-10:19	2474.000	2474.400	2473.000	2473.800	           1064	     64.000	           	           	   2472.783	   2473.996	   2477.290	   2481.287	           	      0.142	     -0.004	     -0.113	      0.000	
 09/17-10:20	2473.600	2474.000	2472.800	2473.200	            664	     65.000	           	           	   2472.808	   2473.938	   2477.222	   2481.259	           	      0.025	     -0.058	     -0.122	      0.000	
 09/17-10:21	2473.200	2474.800	2473.000	2474.200	           1276	     66.000	           	           	   2472.875	   2473.900	   2477.169	   2481.240	           	      0.067	     -0.038	     -0.121	      0.000	
 09/17-10:22	2474.400	2474.600	2473.400	2473.600	            616	     67.000	           	           	   2472.917	   2473.846	   2477.108	   2481.221	           	      0.042	     -0.054	     -0.114	      0.000	
 09/17-10:23	2473.600	2474.000	2472.800	2473.400	            847	     68.000	           	           	   2472.962	   2473.825	   2477.049	   2481.208	           	      0.046	     -0.021	     -0.120	      0.000	
 09/17-10:24	2473.400	2473.400	2472.400	2473.200	           1117	     69.000	           	           	   2472.992	   2473.773	   2476.992	   2481.197	           	      0.029	     -0.052	     -0.117	      0.000	
 09/17-10:25	2473.000	2473.800	2472.600	2473.200	            659	     70.000	           	           	   2472.946	   2473.694	   2476.920	   2481.183	           	     -0.046	     -0.079	     -0.129	      0.000	
 09/17-10:26	2473.000	2473.400	2472.200	2473.000	            994	     71.000	           	           	   2472.913	   2473.615	   2476.844	   2481.155	           	     -0.033	     -0.079	     -0.148	      0.000	
 09/17-10:27	2472.800	2473.000	2471.200	2471.200	           1490	     72.000	           	           	   2472.817	   2473.525	   2476.759	   2481.121	           	     -0.096	     -0.090	     -0.160	      0.000	
 09/17-10:28	2471.400	2472.000	2470.800	2471.000	           1482	     73.000	           	           	   2472.779	   2473.406	   2476.700	   2481.087	           	     -0.038	     -0.119	     -0.144	      0.000	
 09/17-10:29	2471.200	2471.600	2470.800	2471.000	           1030	     74.000	           	           	   2472.758	   2473.329	   2476.631	   2481.062	           	     -0.021	     -0.077	     -0.128	      0.000	
 09/17-10:30	2470.800	2471.000	2461.800	2465.000	           7901	     75.000	           	           	   2472.546	   2473.129	   2476.518	   2480.989	           	     -0.212	     -0.200	     -0.182	      0.000	
 09/17-10:31	2465.000	2465.000	2460.000	2463.600	           5683	     76.000	           	           	   2472.233	   2472.923	   2476.397	   2480.909	           	     -0.313	     -0.206	     -0.234	      0.000	
 09/17-10:32	2463.600	2466.200	2463.200	2465.600	           2640	     77.000	           	           	   2472.046	   2472.706	   2476.302	   2480.837	           	     -0.188	     -0.217	     -0.216	      0.000	
 09/17-10:33	2466.000	2466.000	2463.200	2464.000	           1806	     78.000	           	           	   2471.813	   2472.544	   2476.195	   2480.761	           	     -0.233	     -0.163	     -0.202	      0.000	
 09/17-10:34	2464.000	2466.400	2464.000	2466.000	           1530	     79.000	           	           	   2471.642	   2472.413	   2476.110	   2480.695	           	     -0.171	     -0.131	     -0.192	      0.000	
 09/17-10:35	2466.000	2466.000	2464.800	2465.000	           1095	     80.000	           	           	   2471.458	   2472.212	   2476.022	   2480.627	           	     -0.183	     -0.200	     -0.173	      0.000	
 09/17-10:36	2465.000	2465.400	2464.200	2464.400	           1058	     81.000	           	           	   2471.254	   2471.979	   2475.923	   2480.560	           	     -0.204	     -0.233	     -0.188	      0.000	
 09/17-10:37	2464.400	2465.400	2463.000	2464.800	           1616	     82.000	           	           	   2471.050	   2471.765	   2475.816	   2480.494	           	     -0.204	     -0.215	     -0.206	      0.000	
 09/17-10:38	2464.800	2464.800	2463.600	2464.200	           1049	     83.000	           	           	   2470.754	   2471.535	   2475.697	   2480.434	           	     -0.296	     -0.229	     -0.226	      0.000	
 09/17-10:39	2464.000	2464.800	2463.000	2463.000	           1133	     84.000	           	           	   2470.421	   2471.313	   2475.562	   2480.369	           	     -0.333	     -0.223	     -0.254	      0.000	
 09/17-10:40	2463.000	2465.000	2463.000	2463.800	           1403	     85.000	           	           	   2470.108	   2471.137	   2475.424	   2480.308	           	     -0.313	     -0.175	     -0.273	      0.000	
 09/17-10:41	2464.000	2464.800	2462.200	2464.800	           1337	     86.000	           	           	   2469.779	   2470.988	   2475.281	   2480.250	           	     -0.329	     -0.150	     -0.280	      0.000	
 09/17-10:42	2465.000	2465.000	2463.400	2464.000	           1354	     87.000	           	           	   2469.475	   2470.840	   2475.128	   2480.181	           	     -0.304	     -0.148	     -0.296	      0.000	
 09/17-10:43	2464.000	2465.600	2464.000	2465.600	           1216	     88.000	           	           	   2469.179	   2470.740	   2474.983	   2480.126	           	     -0.296	     -0.100	     -0.298	      0.000	
 09/17-10:44	2465.400	2468.600	2464.800	2467.800	           2507	     89.000	           	           	   2468.988	   2470.660	   2474.853	   2480.084	           	     -0.192	     -0.079	     -0.275	      0.000	
 09/17-10:45	2468.200	2475.400	2467.800	2475.000	          10762	     90.000	           	           	   2468.992	   2470.690	   2474.792	   2480.077	           	      0.004	      0.029	     -0.192	      0.000	
 09/17-10:46	2475.000	2478.000	2474.200	2474.400	           4510	     91.000	           	           	   2469.012	   2470.706	   2474.715	   2480.067	           	      0.021	      0.017	     -0.138	      0.000	
 09/17-10:47	2474.600	2475.000	2473.000	2473.400	           2258	     92.000	           	           	   2468.967	   2470.733	   2474.635	   2480.051	           	     -0.046	      0.027	     -0.156	      0.000	
 09/17-10:48	2473.200	2474.600	2472.800	2474.600	           1696	     93.000	           	           	   2468.992	   2470.817	   2474.578	   2480.038	           	      0.025	      0.083	     -0.136	      0.000	
 09/17-10:49	2474.400	2474.600	2473.000	2474.200	           1378	     94.000	           	           	   2469.008	   2470.896	   2474.513	   2480.024	           	      0.017	      0.079	     -0.122	      0.000	
 09/17-10:50	2474.200	2474.600	2473.000	2473.000	           1133	     95.000	           	           	   2469.000	   2470.904	   2474.433	   2480.009	           	     -0.008	      0.008	     -0.145	      0.000	
 09/17-10:51	2473.200	2474.200	2472.800	2472.800	           1306	     96.000	           	           	   2468.950	   2470.913	   2474.353	   2479.990	           	     -0.050	      0.009	     -0.160	      0.000	
 09/17-10:52	2473.000	2473.600	2472.000	2472.800	           1208	     97.000	           	           	   2468.929	   2470.923	   2474.267	   2479.974	           	     -0.021	      0.010	     -0.167	      0.000	
 09/17-10:53	2472.600	2472.800	2470.000	2470.600	           1953	     98.000	           	           	   2468.833	   2470.898	   2474.171	   2479.956	           	     -0.096	     -0.025	     -0.182	      0.000	
 09/17-10:54	2470.400	2471.400	2470.000	2471.400	           1588	     99.000	           	           	   2468.775	   2470.883	   2474.082	   2479.941	           	     -0.058	     -0.015	     -0.184	      0.000	
 09/17-10:55	2471.400	2471.800	2469.600	2470.400	           1296	    100.000	           	           	   2468.679	   2470.813	   2473.983	   2479.923	           	     -0.096	     -0.071	     -0.188	      0.000	
 09/17-10:56	2470.000	2470.000	2468.400	2469.200	           1976	    101.000	           	           	   2468.554	   2470.733	   2473.874	   2479.909	           	     -0.125	     -0.079	     -0.208	      0.000	
 09/17-10:57	2469.000	2469.800	2468.400	2469.400	            883	    102.000	           	           	   2468.496	   2470.656	   2473.767	   2479.881	           	     -0.058	     -0.077	     -0.217	      0.000	
 09/17-10:58	2469.200	2470.400	2468.800	2469.400	           1155	    103.000	           	           	   2468.442	   2470.610	   2473.658	   2479.846	           	     -0.054	     -0.046	     -0.216	      0.000	
 09/17-10:59	2469.400	2471.000	2468.400	2468.600	           1703	    104.000	           	           	   2468.363	   2470.560	   2473.545	   2479.810	           	     -0.079	     -0.050	     -0.222	      0.000	
 09/17-11:00	2468.600	2469.800	2468.200	2469.600	            869	    105.000	           	           	   2468.517	   2470.531	   2473.441	   2479.777	           	      0.154	     -0.029	     -0.218	      0.000	
 09/17-11:01	2469.600	2469.600	2468.400	2469.000	            742	    106.000	           	           	   2468.696	   2470.465	   2473.322	   2479.740	           	      0.179	     -0.067	     -0.223	      0.000	
 09/17-11:02	2468.800	2471.000	2468.800	2470.400	           1513	    107.000	           	           	   2468.854	   2470.450	   2473.220	   2479.697	           	      0.158	     -0.015	     -0.221	      0.000	
 09/17-11:03	2470.400	2471.800	2469.800	2471.800	           1808	    108.000	           	           	   2469.113	   2470.462	   2473.123	   2479.662	           	      0.258	      0.012	     -0.199	      0.000	
 09/17-11:04	2471.600	2471.600	2468.000	2469.000	           1893	    109.000	           	           	   2469.212	   2470.427	   2473.001	   2479.616	           	      0.100	     -0.035	     -0.219	      0.000	
 09/17-11:05	2469.000	2469.400	2465.800	2466.400	           2025	    110.000	           	           	   2469.258	   2470.358	   2472.862	   2479.558	           	      0.046	     -0.069	     -0.261	      0.000	
 09/17-11:06	2466.800	2467.400	2464.000	2467.400	           2828	    111.000	           	           	   2469.363	   2470.308	   2472.738	   2479.504	           	      0.104	     -0.050	     -0.263	      0.000	
 09/17-11:07	2467.200	2467.400	2465.800	2466.200	           1089	    112.000	           	           	   2469.404	   2470.227	   2472.601	   2479.448	           	      0.042	     -0.081	     -0.260	      0.000	
 09/17-11:08	2466.200	2468.600	2466.200	2468.200	           1373	    113.000	           	           	   2469.542	   2470.148	   2472.487	   2479.406	           	      0.138	     -0.079	     -0.251	      0.000	
 09/17-11:09	2468.200	2468.400	2466.400	2466.800	            835	    114.000	           	           	   2469.667	   2470.044	   2472.353	   2479.354	           	      0.125	     -0.104	     -0.248	      0.000	
 09/17-11:10	2466.400	2467.400	2465.800	2466.400	           1095	    115.000	           	           	   2469.750	   2469.929	   2472.212	   2479.292	           	      0.083	     -0.115	     -0.274	      0.000	
 09/17-11:11	2466.000	2467.000	2466.000	2466.800	            600	    116.000	           	           	   2469.821	   2469.800	   2472.075	   2479.239	           	      0.071	     -0.129	     -0.278	      0.000	
 09/17-11:12	2466.600	2467.600	2465.800	2466.000	            833	    117.000	           	           	   2469.887	   2469.681	   2471.937	   2479.174	           	      0.067	     -0.119	     -0.276	      0.000	
 09/17-11:13	2466.000	2467.400	2465.600	2467.400	            742	    118.000	           	           	   2469.946	   2469.563	   2471.820	   2479.108	           	      0.058	     -0.119	     -0.255	      0.000	
 09/17-11:14	2467.400	2469.000	2466.600	2469.000	           1164	    119.000	           	           	   2469.988	   2469.488	   2471.733	   2479.049	           	      0.042	     -0.075	     -0.203	      0.000	
 09/17-11:15	2468.600	2469.000	2466.400	2466.600	           1547	    120.000	           	           	   2469.708	   2469.350	   2471.627	   2478.980	           	     -0.279	     -0.137	     -0.193	      0.000	
 09/17-11:16	2466.600	2468.000	2465.800	2466.800	            872	    121.000	   2466.800	   2466.800	   2469.454	   2469.233	   2471.580	   2478.917	           	     -0.254	     -0.117	     -0.153	      0.000	
 09/17-11:17	2466.800	2468.600	2466.200	2468.000	            986	    122.000	   2466.800	   2466.800	   2469.271	   2469.119	   2471.548	   2478.856	           	     -0.183	     -0.115	     -0.079	      0.000	
 09/17-11:18	2468.000	2468.200	2465.800	2467.600	           1159	    123.000	   2466.800	   2466.800	   2469.042	   2469.017	   2471.508	   2478.780	           	     -0.229	     -0.102	     -0.072	      0.000	
 09/17-11:19	2467.400	2467.600	2465.200	2465.800	           1614	    124.000	   2466.800	   2466.800	   2468.758	   2468.883	   2471.440	   2478.694	           	     -0.283	     -0.133	     -0.108	      0.000	
 09/17-11:20	2466.000	2466.600	2465.400	2465.400	            812	    125.000	   2466.800	   2466.800	   2468.508	   2468.754	   2471.346	   2478.604	           	     -0.250	     -0.129	     -0.162	      0.000	
 09/17-11:21	2465.600	2466.400	2465.000	2466.000	           1216	    126.000	   2466.800	   2466.800	   2468.283	   2468.617	   2471.258	   2478.519	           	     -0.225	     -0.137	     -0.181	      0.000	
 09/17-11:22	2466.000	2467.800	2465.600	2466.400	           1438	    127.000	   2466.800	   2466.800	   2468.067	   2468.498	   2471.172	   2478.437	           	     -0.217	     -0.119	     -0.174	      0.000	
 09/17-11:23	2466.400	2466.600	2465.000	2466.000	           1040	    128.000	   2466.800	   2466.800	   2467.913	   2468.373	   2471.099	   2478.353	           	     -0.154	     -0.125	     -0.159	      0.000	
 09/17-11:24	2466.000	2466.800	2465.600	2466.400	            577	    129.000	   2466.800	   2466.800	   2467.746	   2468.260	   2471.017	   2478.271	           	     -0.167	     -0.112	     -0.155	      0.000	
 09/17-11:25	2466.000	2466.200	2462.400	2463.600	           2666	    130.000	   2466.800	   2466.800	   2467.521	   2468.100	   2470.897	   2478.180	           	     -0.225	     -0.160	     -0.202	      0.000	
 09/17-11:26	2463.200	2464.400	2462.400	2462.600	           1556	    131.000	   2466.800	   2466.800	   2467.300	   2467.927	   2470.771	   2478.090	           	     -0.221	     -0.173	     -0.246	      0.000	
 09/17-11:27	2463.000	2463.000	2461.200	2462.800	           2448	    132.000	   2466.800	   2466.800	   2467.079	   2467.788	   2470.656	   2477.995	           	     -0.221	     -0.139	     -0.241	      0.000	
 09/17-11:28	2462.800	2463.600	2461.600	2462.000	           1364	    133.000	   2466.800	   2466.800	   2466.833	   2467.637	   2470.522	   2477.901	           	     -0.246	     -0.150	     -0.249	      0.000	
 09/17-11:29	2462.000	2463.000	2460.800	2462.200	           1753	    134.000	   2466.800	   2466.800	   2466.621	   2467.492	   2470.410	   2477.799	           	     -0.212	     -0.146	     -0.246	      0.000	
 09/17-11:30	2462.200	2463.000	2460.800	2461.000	           1728	    135.000	   2466.800	   2466.800	   2466.333	   2467.425	   2470.277	   2477.693	           	     -0.288	     -0.067	     -0.245	      0.000	
 09/17-13:01	2461.200	2461.400	2455.600	2456.800	           5901	    136.000	   2466.800	   2466.800	   2465.925	   2467.310	   2470.117	   2477.568	           	     -0.408	     -0.115	     -0.294	      0.000	
 09/17-13:02	2456.800	2457.400	2455.000	2457.000	           2199	    137.000	   2466.800	   2466.800	   2465.479	   2467.167	   2469.937	   2477.439	           	     -0.446	     -0.144	     -0.341	      0.000	
 09/17-13:03	2457.200	2458.000	2456.800	2457.600	           1156	    138.000	   2466.800	   2466.800	   2465.008	   2467.060	   2469.802	   2477.312	           	     -0.471	     -0.106	     -0.315	      0.000	
 09/17-13:04	2457.200	2457.600	2455.400	2456.600	           1221	    139.000	   2466.800	   2466.800	   2464.596	   2466.904	   2469.658	   2477.184	           	     -0.412	     -0.156	     -0.278	      0.000	
 09/17-13:05	2456.600	2457.000	2453.200	2453.600	           2538	    140.000	   2466.800	   2466.800	   2464.167	   2466.712	   2469.462	   2477.029	           	     -0.429	     -0.192	     -0.340	      0.000	
 09/17-13:06	2453.800	2453.800	2452.000	2453.400	           3136	    141.000	   2466.800	   2466.800	   2463.700	   2466.531	   2469.255	   2476.871	           	     -0.467	     -0.181	     -0.403	      0.000	
 09/17-13:07	2453.400	2455.400	2453.400	2455.200	           1669	    142.000	   2466.800	   2466.800	   2463.333	   2466.369	   2469.067	   2476.708	           	     -0.367	     -0.163	     -0.396	      0.000	
 09/17-13:08	2455.200	2457.000	2454.800	2456.400	           1413	    143.000	   2466.800	   2466.800	   2462.938	   2466.240	   2468.887	   2476.561	           	     -0.396	     -0.129	     -0.368	      0.000	
 09/17-13:09	2456.400	2457.600	2456.400	2457.600	           1141	    144.000	   2466.800	   2466.800	   2462.633	   2466.150	   2468.731	   2476.407	           	     -0.304	     -0.090	     -0.335	      0.000	
 09/17-13:10	2457.800	2458.600	2457.000	2457.000	           1439	    145.000	   2466.800	   2466.800	   2462.321	   2466.035	   2468.586	   2476.258	           	     -0.313	     -0.115	     -0.301	      0.000	
 09/17-13:11	2457.000	2458.200	2457.000	2457.400	            915	    146.000	   2466.800	   2466.800	   2462.004	   2465.913	   2468.450	   2476.116	           	     -0.317	     -0.123	     -0.281	      0.000	
 09/17-13:12	2457.400	2457.400	2456.000	2456.200	           1222	    147.000	   2466.800	   2466.800	   2461.679	   2465.783	   2468.312	   2475.971	           	     -0.325	     -0.129	     -0.275	      0.000	
 09/17-13:13	2456.200	2457.400	2456.200	2456.600	            707	    148.000	   2466.800	   2466.800	   2461.321	   2465.633	   2468.187	   2475.816	           	     -0.358	     -0.150	     -0.263	      0.000	
 09/17-13:14	2456.800	2457.000	2456.000	2456.400	            793	    149.000	   2466.800	   2466.800	   2460.900	   2465.444	   2468.052	   2475.662	           	     -0.421	     -0.189	     -0.260	      0.000	
 09/17-13:15	2456.400	2456.800	2455.200	2456.600	           1242	    150.000	   2466.800	   2466.800	   2460.567	   2465.137	   2467.914	   2475.518	           	     -0.333	     -0.306	     -0.273	      0.000	
 09/17-13:16	2456.200	2458.000	2456.000	2457.000	           1291	    151.000	   2466.800	   2466.800	   2460.242	   2464.848	   2467.777	   2475.368	           	     -0.325	     -0.290	     -0.275	      0.000	
 09/17-13:17	2456.800	2457.000	2455.800	2456.400	            694	    152.000	   2466.800	   2466.800	   2459.854	   2464.563	   2467.648	   2475.207	           	     -0.387	     -0.285	     -0.266	      0.000	
 09/17-13:18	2456.400	2456.400	2454.800	2454.800	           1286	    153.000	   2466.800	   2466.800	   2459.425	   2464.233	   2467.525	   2475.044	           	     -0.429	     -0.329	     -0.252	      0.000	
 09/17-13:19	2454.600	2457.000	2454.600	2456.800	            919	    154.000	   2466.800	   2466.800	   2459.129	   2463.944	   2467.420	   2474.896	           	     -0.296	     -0.290	     -0.228	      0.000	
 09/17-13:20	2456.800	2458.000	2456.400	2456.400	           1252	    155.000	   2466.800	   2466.800	   2458.825	   2463.667	   2467.285	   2474.751	           	     -0.304	     -0.277	     -0.240	      0.000	
 09/17-13:21	2456.400	2456.600	2454.000	2455.200	           1514	    156.000	   2466.800	   2466.800	   2458.467	   2463.375	   2467.144	   2474.600	           	     -0.358	     -0.292	     -0.276	      0.000	
 09/17-13:22	2454.800	2455.800	2453.200	2454.000	           1289	    157.000	   2466.800	   2466.800	   2458.054	   2463.060	   2466.992	   2474.437	           	     -0.412	     -0.315	     -0.294	      0.000	
 09/17-13:23	2454.000	2455.000	2452.200	2453.600	           1841	    158.000	   2466.800	   2466.800	   2457.637	   2462.775	   2466.836	   2474.278	           	     -0.417	     -0.285	     -0.307	      0.000	
 09/17-13:24	2453.200	2453.200	2450.600	2450.600	           2696	    159.000	   2466.800	   2466.800	   2457.113	   2462.429	   2466.656	   2474.103	           	     -0.525	     -0.346	     -0.335	      0.000	
 09/17-13:25	2450.800	2453.600	2450.000	2452.800	           3125	    160.000	   2466.800	   2466.800	   2456.754	   2462.137	   2466.475	   2473.944	           	     -0.358	     -0.292	     -0.361	      0.000	
 09/17-13:26	2452.800	2455.400	2452.800	2455.200	           1975	    161.000	   2466.800	   2466.800	   2456.504	   2461.902	   2466.318	   2473.801	           	     -0.250	     -0.235	     -0.339	      0.000	
 09/17-13:27	2455.000	2456.200	2455.000	2455.400	           1527	    162.000	   2466.800	   2466.800	   2456.258	   2461.669	   2466.163	   2473.659	           	     -0.246	     -0.233	     -0.313	      0.000	
 09/17-13:28	2455.200	2455.200	2454.200	2455.000	            909	    163.000	   2466.800	   2466.800	   2456.025	   2461.429	   2466.020	   2473.520	           	     -0.233	     -0.240	     -0.298	      0.000	
 09/17-13:29	2455.400	2456.600	2455.200	2455.800	           1120	    164.000	   2466.800	   2466.800	   2455.813	   2461.217	   2465.888	   2473.384	           	     -0.212	     -0.213	     -0.274	      0.000	
 09/17-13:30	2455.600	2456.000	2454.000	2454.200	           1013	    165.000	   2466.800	   2466.800	   2455.583	   2460.958	   2465.745	   2473.237	           	     -0.229	     -0.258	     -0.275	      0.000	
 09/17-13:31	2454.400	2455.400	2454.000	2455.000	            837	    166.000	   2466.800	   2466.800	   2455.525	   2460.725	   2465.595	   2473.092	           	     -0.058	     -0.233	     -0.294	      0.000	
 09/17-13:32	2455.200	2455.600	2454.200	2455.000	            527	    167.000	   2466.800	   2466.800	   2455.458	   2460.469	   2465.459	   2472.950	           	     -0.067	     -0.256	     -0.285	      0.000	
 09/17-13:33	2455.000	2455.000	2452.800	2453.200	           1492	    168.000	   2466.800	   2466.800	   2455.313	   2460.160	   2465.312	   2472.785	           	     -0.146	     -0.308	     -0.283	      0.000	
 09/17-13:34	2453.200	2454.800	2453.200	2454.800	            804	    169.000	   2466.800	   2466.800	   2455.250	   2459.923	   2465.175	   2472.626	           	     -0.063	     -0.238	     -0.284	      0.000	
 09/17-13:35	2454.800	2457.000	2454.400	2456.600	           1598	    170.000	   2466.800	   2466.800	   2455.354	   2459.760	   2465.059	   2472.477	           	      0.104	     -0.162	     -0.252	      0.000	
 09/17-13:36	2456.800	2458.000	2456.200	2457.200	           1539	    171.000	   2466.800	   2466.800	   2455.479	   2459.590	   2464.949	   2472.330	           	      0.125	     -0.171	     -0.226	      0.000	
 09/17-13:37	2457.000	2457.200	2456.400	2456.400	            738	    172.000	   2466.800	   2466.800	   2455.521	   2459.427	   2464.827	   2472.179	           	      0.042	     -0.163	     -0.232	      0.000	
 09/17-13:38	2456.600	2457.600	2456.200	2456.400	            778	    173.000	   2466.800	   2466.800	   2455.521	   2459.229	   2464.688	   2472.032	           	      0.000	     -0.198	     -0.260	      0.000	
 09/17-13:39	2456.200	2456.200	2455.000	2455.000	            805	    174.000	   2466.800	   2466.800	   2455.433	   2459.033	   2464.539	   2471.877	           	     -0.087	     -0.196	     -0.289	      0.000	
 09/17-13:40	2455.200	2455.200	2453.600	2454.800	           1065	    175.000	   2466.800	   2466.800	   2455.363	   2458.842	   2464.385	   2471.737	           	     -0.071	     -0.192	     -0.303	      0.000	
 09/17-13:41	2455.200	2455.600	2454.600	2455.200	            650	    176.000	   2466.800	   2466.800	   2455.288	   2458.646	   2464.223	   2471.599	           	     -0.075	     -0.196	     -0.316	      0.000	
 09/17-13:42	2455.400	2456.000	2449.000	2449.600	           3540	    177.000	   2466.800	   2466.800	   2455.067	   2458.373	   2464.027	   2471.439	           	     -0.221	     -0.273	     -0.358	      0.000	
 09/17-13:43	2450.000	2453.200	2450.000	2452.400	           2589	    178.000	   2466.800	   2466.800	   2454.925	   2458.123	   2463.843	   2471.302	           	     -0.142	     -0.250	     -0.380	      0.000	
 09/17-13:44	2452.400	2453.800	2452.000	2452.600	           1457	    179.000	   2466.800	   2466.800	   2454.800	   2457.850	   2463.669	   2471.171	           	     -0.125	     -0.273	     -0.358	      0.000	
 09/17-13:45	2452.000	2452.400	2451.000	2451.400	           1622	    180.000	   2466.800	   2466.800	   2454.625	   2457.596	   2463.473	   2471.030	           	     -0.175	     -0.254	     -0.370	      0.000	
 09/17-13:46	2451.600	2453.600	2451.400	2453.200	           1532	    181.000	   2466.800	   2466.800	   2454.500	   2457.371	   2463.302	   2470.899	           	     -0.125	     -0.225	     -0.367	      0.000	
 09/17-13:47	2453.200	2453.600	2446.000	2447.400	           5673	    182.000	   2466.800	   2466.800	   2454.200	   2457.027	   2463.073	   2470.750	           	     -0.300	     -0.344	     -0.400	      0.000	
 09/17-13:48	2446.800	2447.800	2444.000	2447.400	           5129	    183.000	   2466.800	   2466.800	   2453.954	   2456.690	   2462.853	   2470.599	           	     -0.246	     -0.337	     -0.449	      0.000	
 09/17-13:49	2447.400	2452.800	2447.200	2451.200	           3931	    184.000	   2466.800	   2466.800	   2453.767	   2456.448	   2462.666	   2470.462	           	     -0.188	     -0.242	     -0.407	      0.000	
 09/17-13:50	2451.200	2451.400	2449.600	2449.800	           1540	    185.000	   2466.800	   2466.800	   2453.546	   2456.185	   2462.470	   2470.324	           	     -0.221	     -0.263	     -0.383	      0.000	
 09/17-13:51	2449.600	2450.200	2447.000	2448.600	           1316	    186.000	   2466.800	   2466.800	   2453.325	   2455.896	   2462.256	   2470.178	           	     -0.221	     -0.290	     -0.409	      0.000	
 09/17-13:52	2448.600	2450.200	2446.600	2448.400	           1375	    187.000	   2466.800	   2466.800	   2453.137	   2455.596	   2462.047	   2470.034	           	     -0.188	     -0.300	     -0.423	      0.000	
 09/17-13:53	2448.600	2448.800	2445.800	2447.000	           1928	    188.000	   2466.800	   2466.800	   2452.921	   2455.279	   2461.826	   2469.890	           	     -0.217	     -0.317	     -0.430	      0.000	
 09/17-13:54	2447.200	2447.200	2445.000	2445.600	           2087	    189.000	   2466.800	   2466.800	   2452.754	   2454.933	   2461.597	   2469.750	           	     -0.167	     -0.346	     -0.450	      0.000	
 09/17-13:55	2446.000	2446.400	2441.400	2445.800	           4808	    190.000	   2466.800	   2466.800	   2452.517	   2454.635	   2461.368	   2469.606	           	     -0.238	     -0.298	     -0.458	      0.000	
 09/17-13:56	2445.800	2445.800	2441.200	2443.000	           3034	    191.000	   2466.800	   2466.800	   2452.113	   2454.308	   2461.118	   2469.457	           	     -0.404	     -0.327	     -0.479	      0.000	
 09/17-13:57	2442.600	2442.600	2438.600	2442.000	           4652	    192.000	   2466.800	   2466.800	   2451.667	   2453.962	   2460.875	   2469.303	           	     -0.446	     -0.346	     -0.493	      0.000	
 09/17-13:58	2442.000	2444.800	2441.800	2444.600	           2548	    193.000	   2466.800	   2466.800	   2451.321	   2453.673	   2460.655	   2469.158	           	     -0.346	     -0.290	     -0.462	      0.000	
 09/17-13:59	2444.800	2446.400	2444.200	2445.800	           1880	    194.000	   2466.800	   2466.800	   2450.988	   2453.400	   2460.446	   2469.021	           	     -0.333	     -0.273	     -0.429	      0.000	
 09/17-14:00	2446.200	2446.600	2444.600	2445.000	           1478	    195.000	   2466.800	   2466.800	   2450.683	   2453.133	   2460.279	   2468.875	           	     -0.304	     -0.267	     -0.376	      0.000	
 09/17-14:01	2445.400	2445.800	2445.000	2445.600	            995	    196.000	   2466.800	   2466.800	   2450.367	   2452.946	   2460.128	   2468.735	           	     -0.317	     -0.188	     -0.318	      0.000	
 09/17-14:02	2445.600	2447.000	2445.000	2446.600	           1713	    197.000	   2466.800	   2466.800	   2450.087	   2452.773	   2459.970	   2468.598	           	     -0.279	     -0.173	     -0.309	      0.000	
 09/17-14:03	2446.400	2448.000	2445.600	2447.600	           1768	    198.000	   2466.800	   2466.800	   2449.900	   2452.606	   2459.833	   2468.467	           	     -0.188	     -0.167	     -0.295	      0.000	
 09/17-14:04	2447.400	2447.600	2446.200	2446.400	           1205	    199.000	   2466.800	   2466.800	   2449.621	   2452.435	   2459.670	   2468.332	           	     -0.279	     -0.171	     -0.300	      0.000	
 09/17-14:05	2446.200	2448.000	2446.000	2447.600	           1444	    200.000	   2466.800	   2466.800	   2449.321	   2452.337	   2459.525	   2468.195	           	     -0.300	     -0.098	     -0.308	      0.000	
 09/17-14:06	2447.200	2454.600	2447.200	2453.400	           6753	    201.000	   2466.800	   2466.800	   2449.192	   2452.335	   2459.433	   2468.080	           	     -0.129	     -0.002	     -0.236	      0.000	
 09/17-14:07	2453.400	2453.400	2452.200	2452.800	           2049	    202.000	   2466.800	   2466.800	   2449.075	   2452.298	   2459.333	   2467.967	           	     -0.117	     -0.038	     -0.192	      0.000	
 09/17-14:08	2453.000	2453.400	2450.800	2451.400	           1718	    203.000	   2466.800	   2466.800	   2448.908	   2452.215	   2459.227	   2467.860	           	     -0.167	     -0.083	     -0.206	      0.000	
 09/17-14:09	2451.400	2452.400	2451.000	2451.800	           1007	    204.000	   2466.800	   2466.800	   2448.800	   2452.117	   2459.133	   2467.750	           	     -0.108	     -0.098	     -0.200	      0.000	
 09/17-14:10	2451.600	2452.200	2449.600	2450.200	           1597	    205.000	   2466.800	   2466.800	   2448.646	   2452.004	   2459.020	   2467.636	           	     -0.154	     -0.113	     -0.207	      0.000	
 09/17-14:11	2450.200	2450.800	2448.200	2448.400	           1430	    206.000	   2466.800	   2466.800	   2448.421	   2451.854	   2458.883	   2467.517	           	     -0.225	     -0.150	     -0.250	      0.000	
 09/17-14:12	2448.800	2449.600	2448.600	2449.000	            962	    207.000	   2466.800	   2466.800	   2448.400	   2451.733	   2458.758	   2467.405	           	     -0.021	     -0.121	     -0.261	      0.000	
 09/17-14:13	2448.800	2449.400	2446.600	2447.400	           1884	    208.000	   2466.800	   2466.800	   2448.233	   2451.579	   2458.606	   2467.287	           	     -0.167	     -0.154	     -0.277	      0.000	
 09/17-14:14	2447.200	2448.000	2446.200	2448.000	           1097	    209.000	   2466.800	   2466.800	   2448.079	   2451.440	   2458.442	   2467.175	           	     -0.154	     -0.139	     -0.317	      0.000	
 09/17-14:15	2448.000	2450.600	2447.800	2449.000	           1730	    210.000	   2466.800	   2466.800	   2448.000	   2451.313	   2458.225	   2467.068	           	     -0.079	     -0.127	     -0.381	      0.000	
 09/17-14:16	2449.200	2449.200	2446.000	2447.200	           1515	    211.000	   2466.800	   2466.800	   2447.800	   2451.150	   2457.999	   2466.952	           	     -0.200	     -0.163	     -0.443	      0.000	
 09/17-14:17	2447.200	2447.600	2446.200	2447.000	            901	    212.000	   2466.800	   2466.800	   2447.788	   2450.994	   2457.778	   2466.829	           	     -0.012	     -0.156	     -0.447	      0.000	
 09/17-14:18	2447.000	2447.200	2445.000	2445.400	           1549	    213.000	   2466.800	   2466.800	   2447.721	   2450.837	   2457.535	   2466.697	           	     -0.067	     -0.156	     -0.464	      0.000	
 09/17-14:19	2445.200	2447.000	2444.600	2446.400	           1152	    214.000	   2466.800	   2466.800	   2447.558	   2450.663	   2457.303	   2466.565	           	     -0.163	     -0.175	     -0.475	      0.000	
 09/17-14:20	2446.200	2448.200	2446.200	2447.400	           1124	    215.000	   2466.800	   2466.800	   2447.479	   2450.512	   2457.090	   2466.434	           	     -0.079	     -0.150	     -0.446	      0.000	
 09/17-14:21	2447.200	2447.600	2444.800	2444.800	           1204	    216.000	   2466.800	   2466.800	   2447.354	   2450.340	   2456.857	   2466.285	           	     -0.125	     -0.173	     -0.446	      0.000	
 09/17-14:22	2444.400	2444.800	2443.000	2444.200	           2584	    217.000	   2466.800	   2466.800	   2447.212	   2450.175	   2456.618	   2466.133	           	     -0.142	     -0.165	     -0.472	      0.000	
 09/17-14:23	2444.200	2444.800	2443.000	2444.200	           1409	    218.000	   2466.800	   2466.800	   2447.121	   2450.021	   2456.398	   2465.978	           	     -0.092	     -0.154	     -0.459	      0.000	
 09/17-14:24	2444.200	2444.400	2440.600	2441.800	           2360	    219.000	   2466.800	   2466.800	   2446.992	   2449.873	   2456.151	   2465.811	           	     -0.129	     -0.148	     -0.467	      0.000	
 09/17-14:25	2441.600	2441.800	2440.000	2441.800	           2132	    220.000	   2466.800	   2466.800	   2446.863	   2449.690	   2455.914	   2465.649	           	     -0.129	     -0.183	     -0.484	      0.000	
 09/17-14:26	2441.600	2443.400	2440.400	2441.400	           1701	    221.000	   2466.800	   2466.800	   2446.808	   2449.460	   2455.681	   2465.480	           	     -0.054	     -0.229	     -0.470	      0.000	
 09/17-14:27	2441.400	2442.000	2440.000	2441.600	           1948	    222.000	   2466.800	   2466.800	   2446.796	   2449.231	   2455.450	   2465.314	           	     -0.012	     -0.229	     -0.464	      0.000	
 09/17-14:28	2441.800	2443.400	2441.800	2443.400	           1682	    223.000	   2466.800	   2466.800	   2446.754	   2449.038	   2455.233	   2465.163	           	     -0.042	     -0.194	     -0.448	      0.000	
 09/17-14:29	2443.200	2446.200	2443.200	2445.000	           2257	    224.000	   2466.800	   2466.800	   2446.725	   2448.856	   2455.036	   2465.014	           	     -0.029	     -0.181	     -0.414	      0.000	
 09/17-14:30	2445.000	2446.400	2444.400	2446.400	           1455	    225.000	   2466.800	   2466.800	   2446.771	   2448.727	   2454.843	   2464.869	           	      0.046	     -0.129	     -0.391	      0.000	
 09/17-14:31	2446.800	2446.800	2445.000	2445.400	           1570	    226.000	   2466.800	   2466.800	   2446.767	   2448.567	   2454.646	   2464.721	           	     -0.004	     -0.160	     -0.391	      0.000	
 09/17-14:32	2445.400	2445.600	2440.000	2441.000	           3106	    227.000	   2466.800	   2466.800	   2446.579	   2448.333	   2454.401	   2464.552	           	     -0.188	     -0.233	     -0.442	      0.000	
 09/17-14:33	2440.600	2443.600	2439.600	2442.400	           2198	    228.000	   2466.800	   2466.800	   2446.408	   2448.154	   2454.157	   2464.394	           	     -0.171	     -0.179	     -0.489	      0.000	
 09/17-14:34	2442.600	2443.000	2439.600	2441.000	           2058	    229.000	   2466.800	   2466.800	   2446.229	   2447.925	   2453.924	   2464.230	           	     -0.179	     -0.229	     -0.477	      0.000	
 09/17-14:35	2441.000	2441.800	2437.600	2439.600	           3924	    230.000	   2466.800	   2466.800	   2445.958	   2447.640	   2453.700	   2464.059	           	     -0.271	     -0.285	     -0.457	      0.000	
 09/17-14:36	2439.600	2440.800	2438.800	2440.000	           1472	    231.000	   2466.800	   2466.800	   2445.512	   2447.352	   2453.471	   2463.889	           	     -0.446	     -0.288	     -0.453	      0.000	
 09/17-14:37	2440.200	2440.800	2438.400	2439.000	           1465	    232.000	   2466.800	   2466.800	   2445.050	   2447.063	   2453.245	   2463.717	           	     -0.462	     -0.290	     -0.455	      0.000	
 09/17-14:38	2438.600	2439.000	2436.600	2437.800	           2539	    233.000	   2466.800	   2466.800	   2444.600	   2446.754	   2452.992	   2463.539	           	     -0.450	     -0.308	     -0.479	      0.000	
 09/17-14:39	2438.200	2438.200	2436.000	2437.000	           1874	    234.000	   2466.800	   2466.800	   2444.108	   2446.454	   2452.744	   2463.357	           	     -0.492	     -0.300	     -0.501	      0.000	
 09/17-14:40	2437.000	2437.400	2433.400	2434.400	           3823	    235.000	   2466.800	   2466.800	   2443.579	   2446.113	   2452.477	   2463.167	           	     -0.529	     -0.342	     -0.515	      0.000	
 09/17-14:41	2434.400	2436.400	2434.400	2436.200	           2100	    236.000	   2466.800	   2466.800	   2443.175	   2445.798	   2452.222	   2462.979	           	     -0.404	     -0.315	     -0.522	      0.000	
 09/17-14:42	2436.000	2438.400	2435.800	2437.000	           2527	    237.000	   2466.800	   2466.800	   2442.775	   2445.587	   2451.980	   2462.796	           	     -0.400	     -0.210	     -0.497	      0.000	
 09/17-14:43	2437.200	2437.200	2433.000	2435.000	           2690	    238.000	   2466.800	   2466.800	   2442.363	   2445.298	   2451.710	   2462.603	           	     -0.412	     -0.290	     -0.511	      0.000	
 09/17-14:44	2435.200	2438.000	2435.200	2436.600	           1898	    239.000	   2466.800	   2466.800	   2441.979	   2445.029	   2451.440	   2462.414	           	     -0.383	     -0.269	     -0.541	      0.000	
 09/17-14:45	2436.600	2437.400	2436.000	2437.400	           1352	    240.000	   2466.800	   2466.800	   2441.596	   2444.798	   2451.197	   2462.231	           	     -0.383	     -0.231	     -0.514	      0.000	
 09/17-14:46	2437.600	2437.800	2436.200	2436.600	           1029	    241.000	   2466.800	   2466.800	   2441.238	   2444.519	   2450.945	   2462.048	           	     -0.358	     -0.279	     -0.495	      0.000	
 09/17-14:47	2436.800	2437.200	2433.200	2435.200	           1801	    242.000	   2466.800	   2466.800	   2440.846	   2444.317	   2450.672	   2461.859	           	     -0.392	     -0.202	     -0.525	      0.000	
 09/17-14:48	2435.200	2435.800	2433.200	2434.200	           1697	    243.000	   2466.800	   2466.800	   2440.475	   2444.098	   2450.394	   2461.668	           	     -0.371	     -0.219	     -0.551	      0.000	
 09/17-14:49	2434.000	2434.000	2431.600	2433.400	           2125	    244.000	   2466.800	   2466.800	   2440.042	   2443.800	   2450.124	   2461.470	           	     -0.433	     -0.298	     -0.548	      0.000	
 09/17-14:50	2433.400	2437.800	2432.800	2436.800	           2213	    245.000	   2466.800	   2466.800	   2439.688	   2443.583	   2449.884	   2461.284	           	     -0.354	     -0.217	     -0.510	      0.000	
 09/17-14:51	2436.600	2437.400	2436.000	2436.400	           1622	    246.000	   2466.800	   2466.800	   2439.404	   2443.379	   2449.637	   2461.096	           	     -0.283	     -0.204	     -0.487	      0.000	
 09/17-14:52	2436.600	2437.000	2433.000	2433.600	           1320	    247.000	   2466.800	   2466.800	   2439.054	   2443.133	   2449.365	   2460.900	           	     -0.350	     -0.246	     -0.520	      0.000	
 09/17-14:53	2433.600	2435.800	2433.200	2435.200	           1168	    248.000	   2466.800	   2466.800	   2438.754	   2442.938	   2449.108	   2460.716	           	     -0.300	     -0.196	     -0.529	      0.000	
 09/17-14:54	2435.200	2435.200	2432.800	2433.200	            939	    249.000	   2466.800	   2466.800	   2438.467	   2442.729	   2448.831	   2460.531	           	     -0.288	     -0.208	     -0.533	      0.000	
 09/17-14:55	2433.200	2434.800	2432.600	2434.400	           1221	    250.000	   2466.800	   2466.800	   2438.221	   2442.542	   2448.589	   2460.352	           	     -0.246	     -0.188	     -0.520	      0.000	
 09/17-14:56	2434.600	2434.800	2432.800	2434.400	           1068	    251.000	   2466.800	   2466.800	   2437.988	   2442.398	   2448.353	   2460.199	           	     -0.233	     -0.144	     -0.478	      0.000	
 09/17-14:57	2434.200	2434.400	2432.800	2433.800	            925	    252.000	   2466.800	   2466.800	   2437.725	   2442.260	   2448.112	   2460.047	           	     -0.262	     -0.137	     -0.477	      0.000	
 09/17-14:58	2434.000	2434.400	2432.800	2433.200	           1051	    253.000	   2466.800	   2466.800	   2437.387	   2442.071	   2447.872	   2459.890	           	     -0.338	     -0.190	     -0.481	      0.000	
 09/17-14:59	2433.200	2435.400	2433.200	2434.800	           1689	    254.000	   2466.800	   2466.800	   2437.046	   2441.885	   2447.643	   2459.733	           	     -0.342	     -0.185	     -0.469	      0.000	
 09/17-15:00	2434.800	2435.000	2433.600	2434.600	           1178	    255.000	   2466.800	   2466.800	   2436.654	   2441.712	   2447.423	   2459.565	           	     -0.392	     -0.173	     -0.449	      0.000	
 09/17-15:01	2434.600	2434.800	2433.200	2433.800	           1202	    256.000	   2466.800	   2466.800	   2436.267	   2441.517	   2447.231	   2459.394	           	     -0.387	     -0.196	     -0.412	      0.000	
 09/17-15:02	2433.600	2434.200	2433.200	2433.200	           1019	    257.000	   2466.800	   2466.800	   2436.008	   2441.294	   2447.033	   2459.220	           	     -0.258	     -0.223	     -0.389	      0.000	
 09/17-15:03	2433.400	2433.800	2433.000	2433.800	           1156	    258.000	   2466.800	   2466.800	   2435.717	   2441.063	   2446.834	   2459.056	           	     -0.292	     -0.231	     -0.397	      0.000	
 09/17-15:04	2433.600	2435.200	2433.400	2434.800	           1283	    259.000	   2466.800	   2466.800	   2435.512	   2440.871	   2446.653	   2458.890	           	     -0.204	     -0.192	     -0.380	      0.000	
 09/17-15:05	2435.000	2435.400	2434.200	2435.200	           1404	    260.000	   2466.800	   2466.800	   2435.367	   2440.663	   2446.500	   2458.719	           	     -0.146	     -0.208	     -0.334	      0.000	
 09/17-15:06	2435.400	2436.000	2434.600	2435.200	           1335	    261.000	   2466.800	   2466.800	   2435.208	   2440.360	   2446.348	   2458.549	           	     -0.158	     -0.302	     -0.305	      0.000	
 09/17-15:07	2435.400	2436.400	2435.000	2436.200	           1001	    262.000	   2466.800	   2466.800	   2435.117	   2440.083	   2446.191	   2458.388	           	     -0.092	     -0.277	     -0.309	      0.000	
 09/17-15:08	2436.200	2438.000	2435.800	2437.200	           1762	    263.000	   2466.800	   2466.800	   2435.092	   2439.846	   2446.030	   2458.224	           	     -0.025	     -0.237	     -0.318	      0.000	
 09/17-15:09	2437.400	2438.400	2437.000	2438.400	           1673	    264.000	   2466.800	   2466.800	   2435.137	   2439.623	   2445.870	   2458.075	           	      0.046	     -0.223	     -0.321	      0.000	
 09/17-15:10	2438.200	2438.800	2437.400	2438.800	           1487	    265.000	   2466.800	   2466.800	   2435.288	   2439.433	   2445.719	   2457.923	           	      0.150	     -0.189	     -0.312	      0.000	
 09/17-15:11	2438.800	2440.400	2438.400	2440.400	           2011	    266.000	   2466.800	   2466.800	   2435.425	   2439.300	   2445.577	   2457.780	           	      0.137	     -0.133	     -0.293	      0.000	
 09/17-15:12	2440.400	2440.600	2438.000	2439.000	           1555	    267.000	   2466.800	   2466.800	   2435.492	   2439.133	   2445.433	   2457.622	           	      0.067	     -0.167	     -0.285	      0.000	
 09/17-15:13	2438.400	2439.800	2438.200	2439.600	           1203	    268.000	   2466.800	   2466.800	   2435.646	   2439.004	   2445.292	   2457.485	           	      0.154	     -0.129	     -0.285	      0.000	
 09/17-15:14	2439.800	2440.800	2438.800	2440.600	           1484	    269.000	   2466.800	   2466.800	   2435.783	   2438.881	   2445.160	   2457.352	           	      0.138	     -0.123	     -0.273	      0.000	
 09/17-15:15	2440.400	2440.600	2439.200	2440.400	           2183	    270.000	   2466.800	   2466.800	   2435.879	   2438.738	   2445.025	   2457.206	           	      0.096	     -0.144	     -0.267	      0.000	