 08/28-09:16	2329.800	2329.800	2326.400	2327.600	           7993	      1.000	   2338.188	   2336.377	   2331.955	           	     -0.246	     -0.056	      0.103	      0.000	
 08/28-09:17	2328.000	2328.000	2323.000	2325.000	           4773	      2.000	   2337.833	   2336.237	   2331.950	           	     -0.354	     -0.140	      0.005	      0.000	
 08/28-09:18	2325.000	2326.600	2324.800	2325.200	           1951	      3.000	   2337.460	   2336.097	   2331.953	           	     -0.373	     -0.140	     -0.002	      0.000	
 08/28-09:19	2325.000	2326.400	2325.000	2325.200	           1261	      4.000	   2337.126	   2335.950	   2331.938	           	     -0.334	     -0.147	     -0.012	      0.000	
 08/28-09:20	2325.400	2325.600	2324.200	2325.200	           1588	      5.000	   2336.741	   2335.807	   2331.928	           	     -0.385	     -0.143	     -0.025	      0.000	
 08/28-09:21	2325.200	2326.000	2324.000	2325.400	           1948	      6.000	   2336.327	   2335.654	   2331.928	           	     -0.414	     -0.153	     -0.010	      0.000	
 08/28-09:22	2325.400	2326.200	2325.000	2325.000	           1231	      7.000	   2335.880	   2335.493	   2331.917	           	     -0.447	     -0.160	     -0.012	      0.000	
 08/28-09:23	2325.600	2325.600	2324.200	2324.800	           1313	      8.000	   2335.400	   2335.330	   2331.902	           	     -0.480	     -0.164	     -0.027	      0.000	
 08/28-09:24	2324.800	2326.200	2324.400	2325.000	           1211	      9.000	   2334.906	   2335.177	   2331.882	           	     -0.494	     -0.153	     -0.035	      0.000	
 08/28-09:25	2325.000	2325.600	2324.000	2324.000	           1307	     10.000	   2334.386	   2334.997	   2331.860	           	     -0.520	     -0.180	     -0.042	      0.000	
 08/28-09:26	2324.000	2324.000	2321.200	2322.400	           4664	     11.000	   2333.847	   2334.813	   2331.827	           	     -0.540	     -0.183	     -0.055	      0.000	
 08/28-09:27	2322.400	2324.800	2322.200	2324.200	           2061	     12.000	   2333.333	   2334.643	   2331.846	           	     -0.514	     -0.170	     -0.013	      0.000	
 08/28-09:28	2324.000	2324.600	2323.000	2323.400	           1042	     13.000	   2332.820	   2334.423	   2331.862	           	     -0.513	     -0.220	      0.035	      0.000	
 08/28-09:29	2323.600	2324.000	2322.800	2322.800	            918	     14.000	   2332.286	   2334.200	   2331.862	           	     -0.533	     -0.223	      0.015	      0.000	
 08/28-09:30	2323.000	2323.000	2321.200	2323.000	           2722	     15.000	   2331.774	   2333.964	   2331.852	           	     -0.512	     -0.236	     -0.010	      0.000	
 08/28-09:31	2322.400	2323.800	2321.000	2323.000	           2636	     16.000	   2331.241	   2333.747	   2331.842	           	     -0.533	     -0.217	     -0.020	      0.000	
 08/28-09:32	2323.000	2325.400	2322.000	2324.400	           3508	     17.000	   2330.733	   2333.573	   2331.825	           	     -0.507	     -0.173	     -0.027	      0.000	
 08/28-09:33	2324.200	2325.200	2324.000	2324.800	           2584	     18.000	   2330.280	   2333.406	   2331.807	           	     -0.453	     -0.167	     -0.035	      0.000	
 08/28-09:34	2324.800	2326.000	2324.200	2326.000	           2058	     19.000	   2329.853	   2333.280	   2331.808	           	     -0.427	     -0.126	     -0.017	      0.000	
 08/28-09:35	2326.000	2326.000	2324.200	2324.200	           1794	     20.000	   2329.341	   2333.160	   2331.793	           	     -0.512	     -0.120	     -0.013	      0.000	
 08/28-09:36	2324.400	2325.200	2323.000	2324.800	           1934	     21.000	   2328.847	   2333.020	   2331.778	           	     -0.494	     -0.140	     -0.030	      0.000	
 08/28-09:37	2325.000	2326.200	2323.800	2324.400	           1997	     22.000	   2328.367	   2332.867	   2331.755	           	     -0.480	     -0.153	     -0.038	      0.000	
 08/28-09:38	2324.400	2324.800	2323.200	2323.800	           1275	     23.000	   2327.847	   2332.673	   2331.735	           	     -0.520	     -0.193	     -0.043	      0.000	
 08/28-09:39	2324.200	2324.600	2322.600	2322.600	           2004	     24.000	   2327.286	   2332.457	   2331.708	           	     -0.561	     -0.217	     -0.047	      0.000	
 08/28-09:40	2322.600	2325.200	2320.400	2324.600	           4773	     25.000	   2326.800	   2332.307	   2331.683	           	     -0.486	     -0.150	     -0.052	      0.000	
 08/28-09:41	2324.400	2327.000	2324.200	2326.000	           4971	     26.000	   2326.386	   2332.164	   2331.652	           	     -0.414	     -0.143	     -0.057	      0.000	
 08/28-09:42	2325.800	2326.600	2325.600	2326.600	           1820	     27.000	   2325.987	   2332.023	   2331.620	           	     -0.400	     -0.140	     -0.063	      0.000	
 08/28-09:43	2326.800	2327.800	2325.800	2327.600	           2326	     28.000	   2325.620	   2331.900	   2331.612	           	     -0.367	     -0.124	     -0.040	      0.000	
 08/28-09:44	2327.400	2327.600	2325.800	2325.800	           2165	     29.000	   2325.173	   2331.760	   2331.587	           	     -0.447	     -0.140	     -0.033	      0.000	
 08/28-09:45	2326.000	2327.400	2325.400	2326.600	           2000	     30.000	   2324.780	   2331.607	   2331.563	           	     -0.393	     -0.153	     -0.048	      0.000	
 08/28-09:46	2326.400	2326.600	2325.600	2326.000	           1394	     31.000	   2324.726	   2331.457	   2331.532	           	     -0.054	     -0.150	     -0.055	      0.000	
 08/28-09:47	2326.000	2326.800	2325.600	2326.600	           1172	     32.000	   2324.779	   2331.306	   2331.500	           	      0.053	     -0.151	     -0.063	      0.000	
 08/28-09:48	2326.400	2328.600	2326.200	2328.600	           2872	     33.000	   2324.894	   2331.177	   2331.503	           	      0.115	     -0.129	     -0.028	      0.000	
 08/28-09:49	2328.600	2329.600	2327.600	2329.600	           4739	     34.000	   2325.041	   2331.083	   2331.508	           	      0.147	     -0.094	      0.009	      0.000	
 08/28-09:50	2329.800	2331.800	2328.600	2329.400	           5218	     35.000	   2325.180	   2330.960	   2331.519	           	      0.140	     -0.123	      0.015	      0.000	
 08/28-09:51	2329.400	2330.000	2328.600	2329.800	           1838	     36.000	   2325.326	   2330.827	   2331.530	           	      0.146	     -0.134	      0.022	      0.000	
 08/28-09:52	2330.000	2330.000	2327.600	2327.800	           2617	     37.000	   2325.420	   2330.650	   2331.532	           	      0.094	     -0.177	      0.013	      0.000	
 08/28-09:53	2327.800	2329.600	2327.200	2329.200	           1798	     38.000	   2325.567	   2330.483	   2331.542	           	      0.147	     -0.167	      0.012	      0.000	
 08/28-09:54	2329.600	2329.600	2327.800	2328.400	           1906	     39.000	   2325.680	   2330.293	   2331.540	           	      0.114	     -0.190	      0.008	      0.000	
 08/28-09:55	2328.200	2328.200	2326.600	2327.200	           2064	     40.000	   2325.786	   2330.086	   2331.518	           	      0.106	     -0.207	     -0.023	      0.000	
 08/28-09:56	2327.200	2328.200	2327.000	2327.000	           1400	     41.000	   2325.940	   2329.893	   2331.487	           	      0.153	     -0.193	     -0.053	      0.000	
 08/28-09:57	2327.200	2327.600	2325.000	2325.800	           3995	     42.000	   2325.994	   2329.664	   2331.452	           	      0.054	     -0.230	     -0.067	      0.000	
 08/28-09:58	2325.600	2326.000	2321.800	2322.000	           4582	     43.000	   2325.947	   2329.383	   2331.387	           	     -0.047	     -0.280	     -0.100	      0.000	
 08/28-09:59	2322.000	2322.600	2318.200	2319.600	           8608	     44.000	   2325.840	   2329.063	   2331.302	           	     -0.107	     -0.320	     -0.150	      0.000	
 08/28-10:00	2319.800	2320.000	2302.600	2305.800	          15814	     45.000	   2325.267	   2328.520	   2331.093	           	     -0.573	     -0.543	     -0.293	      0.000	
 08/28-10:01	2305.800	2305.800	2293.200	2303.800	          13638	     46.000	   2324.626	   2327.933	   2330.873	           	     -0.641	     -0.587	     -0.428	      0.000	
 08/28-10:02	2304.200	2308.000	2303.000	2306.800	           7668	     47.000	   2324.040	   2327.386	   2330.673	           	     -0.586	     -0.547	     -0.420	      0.000	
 08/28-10:03	2306.600	2309.000	2305.800	2307.600	           4785	     48.000	   2323.467	   2326.874	   2330.493	           	     -0.573	     -0.513	     -0.380	      0.000	
 08/28-10:04	2307.000	2308.000	2305.400	2307.000	           4081	     49.000	   2322.833	   2326.343	   2330.310	           	     -0.633	     -0.530	     -0.364	      0.000	
 08/28-10:05	2307.000	2310.800	2307.000	2310.600	           5270	     50.000	   2322.379	   2325.860	   2330.160	           	     -0.454	     -0.483	     -0.333	      0.000	
 08/28-10:06	2310.600	2316.000	2308.600	2316.000	           6055	     51.000	   2322.086	   2325.467	   2330.075	           	     -0.293	     -0.393	     -0.235	      0.000	
 08/28-10:07	2315.000	2321.800	2314.600	2319.200	          13061	     52.000	   2321.914	   2325.140	   2330.018	           	     -0.173	     -0.326	     -0.142	      0.000	
 08/28-10:08	2319.200	2319.200	2315.600	2317.800	           5191	     53.000	   2321.712	   2324.780	   2329.950	           	     -0.201	     -0.360	     -0.125	      0.000	
 08/28-10:09	2317.600	2318.000	2315.400	2316.600	           3231	     54.000	   2321.513	   2324.400	   2329.867	           	     -0.199	     -0.380	     -0.152	      0.000	
 08/28-10:10	2316.400	2320.000	2315.600	2319.200	           4504	     55.000	   2321.333	   2324.067	   2329.815	           	     -0.180	     -0.333	     -0.135	      0.000	
 08/28-10:11	2319.200	2320.000	2316.400	2316.800	           3030	     56.000	   2321.027	   2323.707	   2329.735	           	     -0.306	     -0.360	     -0.132	      0.000	
 08/28-10:12	2316.600	2319.000	2316.200	2318.200	           1811	     57.000	   2320.747	   2323.367	   2329.660	           	     -0.280	     -0.340	     -0.155	      0.000	
 08/28-10:13	2318.200	2318.800	2316.200	2317.600	           1970	     58.000	   2320.414	   2323.017	   2329.577	           	     -0.333	     -0.350	     -0.158	      0.000	
 08/28-10:14	2317.200	2318.200	2315.600	2316.400	           2434	     59.000	   2320.100	   2322.636	   2329.473	           	     -0.313	     -0.380	     -0.187	      0.000	
 08/28-10:15	2316.200	2316.600	2314.000	2314.000	           4316	     60.000	   2319.680	   2322.230	   2329.332	           	     -0.420	     -0.406	     -0.245	      0.000	
 08/28-10:16	2314.400	2317.800	2313.000	2317.200	           4270	     61.000	   2319.386	   2322.056	   2329.217	           	     -0.294	     -0.174	     -0.257	      0.000	
 08/28-10:17	2317.400	2317.800	2314.400	2316.600	           2537	     62.000	   2319.054	   2321.917	   2329.077	           	     -0.332	     -0.139	     -0.255	      0.000	
 08/28-10:18	2316.600	2316.600	2311.600	2312.800	           4349	     63.000	   2318.526	   2321.710	   2328.903	           	     -0.528	     -0.207	     -0.313	      0.000	
 08/28-10:19	2313.400	2313.800	2309.400	2313.600	           5273	     64.000	   2317.993	   2321.517	   2328.733	           	     -0.533	     -0.193	     -0.344	      0.000	
 08/28-10:20	2313.800	2314.800	2312.800	2313.000	           3063	     65.000	   2317.446	   2321.313	   2328.560	           	     -0.547	     -0.204	     -0.344	      0.000	
 08/28-10:21	2313.000	2316.200	2313.000	2315.200	           2479	     66.000	   2316.960	   2321.143	   2328.398	           	     -0.485	     -0.170	     -0.335	      0.000	
 08/28-10:22	2315.400	2316.800	2315.200	2315.800	           2479	     67.000	   2316.559	   2320.990	   2328.241	           	     -0.401	     -0.154	     -0.318	      0.000	
 08/28-10:23	2316.000	2320.200	2315.600	2318.000	           6297	     68.000	   2316.187	   2320.876	   2328.103	           	     -0.373	     -0.113	     -0.295	      0.000	
 08/28-10:24	2318.000	2319.200	2317.000	2318.200	           2536	     69.000	   2315.847	   2320.763	   2327.970	           	     -0.340	     -0.113	     -0.271	      0.000	
 08/28-10:25	2318.400	2318.400	2316.000	2316.800	           1764	     70.000	   2315.500	   2320.643	   2327.820	           	     -0.347	     -0.120	     -0.283	      0.000	
 08/28-10:26	2317.000	2318.600	2316.800	2318.000	           1644	     71.000	   2315.200	   2320.570	   2327.692	           	     -0.300	     -0.073	     -0.278	      0.000	
 08/28-10:27	2317.800	2318.000	2316.600	2317.400	           1341	     72.000	   2314.920	   2320.457	   2327.550	           	     -0.280	     -0.113	     -0.270	      0.000	
 08/28-10:28	2317.400	2317.600	2315.600	2316.600	           1824	     73.000	   2314.740	   2320.343	   2327.383	           	     -0.180	     -0.114	     -0.308	      0.000	
 08/28-10:29	2316.400	2317.800	2316.000	2316.400	           1277	     74.000	   2314.633	   2320.237	   2327.218	           	     -0.106	     -0.107	     -0.332	      0.000	
 08/28-10:30	2316.600	2316.800	2313.000	2316.000	           3741	     75.000	   2314.973	   2320.120	   2327.042	           	      0.340	     -0.117	     -0.342	      0.000	
 08/28-10:31	2315.800	2318.400	2315.000	2317.400	           2606	     76.000	   2315.427	   2320.027	   2326.887	           	      0.454	     -0.093	     -0.332	      0.000	
 08/28-10:32	2317.200	2317.400	2316.200	2317.000	           1258	     77.000	   2315.767	   2319.903	   2326.738	           	      0.340	     -0.124	     -0.303	      0.000	
 08/28-10:33	2316.400	2316.600	2313.600	2316.200	           2651	     78.000	   2316.053	   2319.760	   2326.583	           	      0.287	     -0.143	     -0.303	      0.000	
 08/28-10:34	2316.200	2316.200	2312.600	2314.400	           3409	     79.000	   2316.301	   2319.567	   2326.424	           	      0.248	     -0.193	     -0.315	      0.000	
 08/28-10:35	2314.600	2315.600	2312.600	2314.600	           2566	     80.000	   2316.433	   2319.406	   2326.283	           	      0.132	     -0.161	     -0.300	      0.000	
 08/28-10:36	2315.000	2315.000	2309.600	2309.600	           4987	     81.000	   2316.221	   2319.154	   2326.087	           	     -0.212	     -0.253	     -0.337	      0.000	
 08/28-10:37	2309.800	2312.800	2309.800	2311.400	           3478	     82.000	   2315.959	   2318.937	   2325.902	           	     -0.261	     -0.217	     -0.382	      0.000	
 08/28-10:38	2312.000	2313.600	2310.800	2312.800	           2074	     83.000	   2315.794	   2318.753	   2325.713	           	     -0.166	     -0.183	     -0.373	      0.000	
 08/28-10:39	2312.400	2314.000	2311.400	2311.600	           1962	     84.000	   2315.627	   2318.570	   2325.513	           	     -0.167	     -0.183	     -0.388	      0.000	
 08/28-10:40	2311.200	2312.800	2309.000	2309.000	           3407	     85.000	   2315.288	   2318.310	   2325.309	           	     -0.340	     -0.260	     -0.405	      0.000	
 08/28-10:41	2309.200	2313.000	2309.200	2312.000	           3370	     86.000	   2315.127	   2318.077	   2325.120	           	     -0.160	     -0.233	     -0.393	      0.000	
 08/28-10:42	2312.000	2314.000	2311.600	2313.600	           2242	     87.000	   2314.973	   2317.860	   2324.942	           	     -0.154	     -0.217	     -0.367	      0.000	
 08/28-10:43	2313.000	2315.400	2313.000	2314.000	           2524	     88.000	   2314.853	   2317.633	   2324.767	           	     -0.120	     -0.227	     -0.354	      0.000	
 08/28-10:44	2313.800	2316.600	2313.600	2315.600	           3155	     89.000	   2314.827	   2317.464	   2324.612	           	     -0.026	     -0.170	     -0.330	      0.000	
 08/28-10:45	2315.600	2316.600	2315.000	2316.400	           2320	     90.000	   2314.906	   2317.293	   2324.450	           	      0.079	     -0.170	     -0.317	      0.000	
 08/28-10:46	2316.400	2319.200	2316.400	2318.600	           5212	     91.000	   2314.954	   2317.170	   2324.313	           	      0.048	     -0.123	     -0.298	      0.000	
 08/28-10:47	2318.400	2320.000	2317.600	2319.200	           3226	     92.000	   2315.040	   2317.047	   2324.177	           	      0.085	     -0.124	     -0.273	      0.000	
 08/28-10:48	2319.200	2320.000	2318.600	2319.400	           2587	     93.000	   2315.259	   2316.893	   2324.035	           	      0.220	     -0.154	     -0.279	      0.000	
 08/28-10:49	2319.800	2324.000	2319.800	2323.000	           7706	     94.000	   2315.573	   2316.783	   2323.933	           	      0.314	     -0.110	     -0.243	      0.000	
 08/28-10:50	2323.000	2325.000	2322.600	2324.400	           5006	     95.000	   2315.954	   2316.700	   2323.830	           	      0.381	     -0.083	     -0.205	      0.000	
 08/28-10:51	2323.800	2325.000	2322.800	2324.800	           3271	     96.000	   2316.274	   2316.617	   2323.722	           	      0.320	     -0.083	     -0.211	      0.000	
 08/28-10:52	2325.200	2325.400	2322.600	2323.000	           2937	     97.000	   2316.515	   2316.537	   2323.594	           	      0.241	     -0.080	     -0.237	      0.000	
 08/28-10:53	2322.800	2323.600	2322.400	2323.600	           1912	     98.000	   2316.700	   2316.443	   2323.463	           	      0.185	     -0.094	     -0.259	      0.000	
 08/28-10:54	2323.200	2324.600	2321.600	2324.000	           3320	     99.000	   2316.893	   2316.370	   2323.332	           	      0.193	     -0.073	     -0.262	      0.000	
 08/28-10:55	2324.000	2324.400	2321.600	2321.800	           2099	    100.000	   2317.060	   2316.280	   2323.183	   2326.540	      0.167	     -0.090	     -0.280	      0.000	
 08/28-10:56	2322.000	2323.000	2321.200	2322.400	           2241	    101.000	   2317.206	   2316.203	   2323.048	   2326.490	      0.146	     -0.077	     -0.283	      0.000	
 08/28-10:57	2322.200	2323.800	2321.200	2322.000	           2274	    102.000	   2317.359	   2316.140	   2322.902	   2326.446	      0.153	     -0.063	     -0.282	      0.000	
 08/28-10:58	2322.200	2323.000	2321.000	2321.800	           2098	    103.000	   2317.533	   2316.136	   2322.760	   2326.395	      0.174	     -0.003	     -0.288	      0.000	
 08/28-10:59	2321.800	2323.600	2321.400	2322.800	           1790	    104.000	   2317.747	   2316.190	   2322.626	   2326.348	      0.213	      0.054	     -0.275	      0.000	
 08/28-11:00	2322.800	2324.400	2322.400	2322.800	           2401	    105.000	   2317.974	   2316.473	   2322.497	   2326.310	      0.227	      0.283	     -0.263	      0.000	
 08/28-11:01	2322.400	2325.800	2322.400	2324.200	           4856	    106.000	   2318.200	   2316.813	   2322.374	   2326.274	      0.226	      0.340	     -0.253	      0.000	
 08/28-11:02	2324.200	2324.800	2323.600	2324.200	           1959	    107.000	   2318.440	   2317.103	   2322.245	   2326.239	      0.240	      0.290	     -0.252	      0.000	
 08/28-11:03	2324.200	2324.200	2321.800	2323.000	           2845	    108.000	   2318.667	   2317.360	   2322.117	   2326.215	      0.227	      0.257	     -0.257	      0.000	
 08/28-11:04	2323.000	2326.400	2322.000	2326.400	           2322	    109.000	   2319.067	   2317.684	   2322.013	   2326.232	      0.400	      0.324	     -0.231	      0.000	
 08/28-11:05	2326.000	2327.400	2325.200	2325.200	           4657	    110.000	   2319.421	   2317.927	   2321.894	   2326.233	      0.354	      0.243	     -0.223	      0.000	
 08/28-11:06	2325.200	2327.000	2324.200	2326.000	           2732	    111.000	   2319.967	   2318.094	   2321.780	   2326.236	      0.546	      0.167	     -0.233	      0.000	
 08/28-11:07	2326.200	2329.200	2325.800	2328.000	           4802	    112.000	   2320.521	   2318.240	   2321.690	   2326.242	      0.554	      0.146	     -0.203	      0.000	
 08/28-11:08	2328.400	2330.600	2327.800	2328.200	           4716	    113.000	   2321.033	   2318.414	   2321.597	   2326.253	      0.513	      0.174	     -0.184	      0.000	
 08/28-11:09	2328.400	2329.800	2328.200	2329.800	           2275	    114.000	   2321.640	   2318.633	   2321.517	   2326.269	      0.606	      0.220	     -0.174	      0.000	
 08/28-11:10	2329.600	2329.600	2327.200	2327.600	           2966	    115.000	   2322.258	   2318.773	   2321.420	   2326.279	      0.619	      0.140	     -0.177	      0.000	
 08/28-11:11	2327.600	2327.800	2325.400	2326.400	           3701	    116.000	   2322.740	   2318.933	   2321.320	   2326.281	      0.481	      0.160	     -0.197	      0.000	
 08/28-11:12	2326.400	2327.400	2326.400	2326.800	           1508	    117.000	   2323.181	   2319.077	   2321.222	   2326.300	      0.442	      0.144	     -0.198	      0.000	
 08/28-11:13	2326.800	2328.800	2326.400	2327.000	           2095	    118.000	   2323.615	   2319.234	   2321.125	   2326.323	      0.433	      0.157	     -0.195	      0.000	
 08/28-11:14	2327.000	2328.200	2324.600	2325.000	           3058	    119.000	   2323.927	   2319.377	   2321.007	   2326.331	      0.313	      0.143	     -0.215	      0.000	
 08/28-11:15	2324.800	2335.600	2324.800	2335.600	           7975	    120.000	   2324.567	   2319.737	   2320.983	   2326.381	      0.640	      0.359	     -0.142	      0.000	
 08/28-11:16	2336.000	2337.000	2333.800	2334.400	           7660	    121.000	   2325.094	   2320.024	   2321.040	   2326.425	      0.527	      0.287	      0.033	      1.000	
 08/28-11:17	2334.400	2334.400	2331.800	2333.200	           4372	    122.000	   2325.560	   2320.300	   2321.108	   2326.459	      0.467	      0.276	      0.125	      0.000	
 08/28-11:18	2333.000	2333.600	2331.200	2331.400	           2261	    123.000	   2325.960	   2320.610	   2321.160	   2326.488	      0.400	      0.310	      0.120	      0.000	
 08/28-11:19	2331.400	2332.800	2330.400	2332.600	           1831	    124.000	   2326.281	   2320.927	   2321.222	   2326.519	      0.321	      0.317	      0.114	      0.000	
 08/28-11:20	2332.800	2334.800	2331.800	2334.600	           2507	    125.000	   2326.619	   2321.286	   2321.300	   2326.563	      0.337	      0.359	      0.140	      0.000	
 08/28-11:21	2334.200	2337.600	2332.400	2334.600	           4467	    126.000	   2326.946	   2321.610	   2321.376	   2326.614	      0.327	      0.323	      0.155	      0.000	
 08/28-11:22	2334.600	2334.800	2333.200	2334.200	           2075	    127.000	   2327.319	   2321.917	   2321.453	   2326.657	      0.373	      0.307	      0.153	      0.000	
 08/28-11:23	2334.000	2334.600	2331.200	2331.200	           2400	    128.000	   2327.573	   2322.136	   2321.507	   2326.681	      0.254	      0.220	      0.130	      0.000	
 08/28-11:24	2331.000	2332.200	2329.000	2329.800	           4216	    129.000	   2327.767	   2322.330	   2321.547	   2326.698	      0.194	      0.193	      0.094	      0.000	
 08/28-11:25	2329.800	2329.800	2326.000	2326.400	           5431	    130.000	   2327.921	   2322.491	   2321.567	   2326.695	      0.154	      0.161	      0.060	      0.000	
 08/28-11:26	2326.000	2327.000	2325.200	2325.200	           3595	    131.000	   2328.015	   2322.610	   2321.590	   2326.690	      0.094	      0.120	      0.043	      0.000	
 08/28-11:27	2325.600	2325.600	2322.600	2323.000	           6218	    132.000	   2328.048	   2322.704	   2321.580	   2326.680	      0.033	      0.093	      0.013	      0.000	
 08/28-11:28	2323.200	2324.200	2321.600	2321.600	           4030	    133.000	   2328.040	   2322.786	   2321.565	   2326.667	     -0.008	      0.083	     -0.025	      0.000	
 08/28-11:29	2321.800	2323.000	2321.200	2322.400	           3127	    134.000	   2328.027	   2322.887	   2321.562	   2326.649	     -0.012	      0.101	     -0.019	      0.000	
 08/28-11:30	2322.400	2324.600	2320.200	2320.200	           5526	    135.000	   2327.940	   2322.957	   2321.538	   2326.624	     -0.087	      0.070	     -0.027	      0.000	
 08/28-13:01	2320.800	2322.400	2318.600	2321.800	           5687	    136.000	   2327.860	   2323.030	   2321.528	   2326.610	     -0.079	      0.073	     -0.033	      0.000	
 08/28-13:02	2322.200	2323.200	2321.600	2322.400	           2100	    137.000	   2327.800	   2323.120	   2321.511	   2326.594	     -0.060	      0.090	     -0.027	      0.000	
 08/28-13:03	2322.200	2323.800	2322.000	2323.600	           1659	    138.000	   2327.821	   2323.244	   2321.502	   2326.582	      0.021	      0.124	     -0.027	      0.000	
 08/28-13:04	2323.600	2324.200	2322.200	2322.400	           1680	    139.000	   2327.685	   2323.376	   2321.472	   2326.562	     -0.135	      0.132	     -0.040	      0.000	
 08/28-13:05	2322.200	2323.800	2322.000	2322.200	           1660	    140.000	   2327.585	   2323.503	   2321.455	   2326.544	     -0.100	      0.127	     -0.047	      0.000	
 08/28-13:06	2322.200	2322.400	2321.000	2321.600	           1736	    141.000	   2327.440	   2323.703	   2321.428	   2326.525	     -0.146	      0.200	     -0.043	      0.000	
 08/28-13:07	2321.800	2323.400	2321.400	2322.600	           1351	    142.000	   2327.260	   2323.891	   2321.414	   2326.528	     -0.179	      0.188	     -0.041	      0.000	
 08/28-13:08	2322.400	2323.600	2320.200	2320.200	           1870	    143.000	   2326.994	   2324.013	   2321.383	   2326.522	     -0.267	      0.123	     -0.045	      0.000	
 08/28-13:09	2320.000	2320.800	2316.800	2318.000	           6604	    144.000	   2326.600	   2324.120	   2321.345	   2326.503	     -0.394	      0.106	     -0.069	      0.000	
 08/28-13:10	2318.200	2319.400	2317.200	2317.600	           3037	    145.000	   2326.267	   2324.262	   2321.286	   2326.477	     -0.333	      0.143	     -0.097	      0.000	
 08/28-13:11	2317.400	2317.800	2315.200	2315.800	           5370	    146.000	   2325.913	   2324.326	   2321.202	   2326.443	     -0.354	      0.063	     -0.143	      0.000	
 08/28-13:12	2316.000	2316.800	2314.200	2315.600	           4147	    147.000	   2325.540	   2324.360	   2321.110	   2326.400	     -0.373	      0.034	     -0.176	      0.000	
 08/28-13:13	2315.400	2317.200	2315.200	2316.600	           2359	    148.000	   2325.192	   2324.403	   2321.018	   2326.358	     -0.348	      0.043	     -0.183	      0.000	
 08/28-13:14	2316.400	2317.800	2316.200	2317.000	           1465	    149.000	   2324.925	   2324.426	   2320.945	   2326.323	     -0.267	      0.023	     -0.165	      0.000	
 08/28-13:15	2316.800	2317.800	2312.200	2312.600	           4954	    150.000	   2324.160	   2324.364	   2320.828	   2326.270	     -0.765	     -0.063	     -0.190	      0.000	
 08/28-13:16	2313.400	2315.400	2311.400	2315.000	           4720	    151.000	   2323.512	   2324.303	   2320.737	   2326.223	     -0.648	     -0.060	     -0.208	      0.000	
 08/28-13:17	2314.800	2317.400	2314.600	2316.000	           2721	    152.000	   2322.940	   2324.250	   2320.648	   2326.178	     -0.573	     -0.053	     -0.180	      0.000	
 08/28-13:18	2316.000	2317.400	2315.200	2315.200	           2000	    153.000	   2322.400	   2324.180	   2320.536	   2326.134	     -0.540	     -0.070	     -0.200	      0.000	
 08/28-13:19	2315.400	2316.800	2315.000	2316.200	           1846	    154.000	   2321.852	   2324.067	   2320.425	   2326.096	     -0.548	     -0.114	     -0.224	      0.000	
 08/28-13:20	2316.200	2318.400	2315.800	2318.400	           3791	    155.000	   2321.315	   2323.967	   2320.333	   2326.059	     -0.537	     -0.100	     -0.203	      0.000	
 08/28-13:21	2318.400	2318.600	2317.000	2317.000	           2146	    156.000	   2320.727	   2323.836	   2320.227	   2326.008	     -0.588	     -0.130	     -0.198	      0.000	
 08/28-13:22	2317.400	2317.800	2316.400	2317.400	           1473	    157.000	   2320.167	   2323.743	   2320.140	   2325.956	     -0.560	     -0.094	     -0.193	      0.000	
 08/28-13:23	2317.400	2319.000	2317.200	2318.400	           2219	    158.000	   2319.742	   2323.657	   2320.050	   2325.915	     -0.425	     -0.085	     -0.177	      0.000	
 08/28-13:24	2318.200	2321.000	2318.200	2320.200	           4792	    159.000	   2319.421	   2323.594	   2319.982	   2325.881	     -0.321	     -0.063	     -0.158	      0.000	
 08/28-13:25	2319.800	2324.000	2319.800	2323.800	           5339	    160.000	   2319.333	   2323.627	   2319.954	   2325.858	     -0.088	      0.033	     -0.097	      0.000	
 08/28-13:26	2323.400	2323.800	2322.400	2323.800	           2656	    161.000	   2319.285	   2323.650	   2319.927	   2325.834	     -0.048	      0.023	     -0.055	      0.000	
 08/28-13:27	2323.800	2325.000	2323.200	2325.000	           3587	    162.000	   2319.352	   2323.700	   2319.920	   2325.813	      0.067	      0.050	     -0.034	      0.000	
 08/28-13:28	2325.000	2325.600	2323.800	2324.600	           3088	    163.000	   2319.454	   2323.747	   2319.942	   2325.798	      0.102	      0.047	      0.015	      0.000	
 08/28-13:29	2324.600	2327.600	2324.000	2326.400	           4909	    164.000	   2319.585	   2323.806	   2319.998	   2325.788	      0.131	      0.059	      0.079	      0.000	
 08/28-13:30	2326.200	2326.800	2325.200	2325.200	           2958	    165.000	   2319.754	   2323.847	   2320.160	   2325.776	      0.169	      0.041	      0.219	      0.000	
 08/28-13:31	2325.600	2326.600	2325.000	2326.200	           1830	    166.000	   2319.900	   2323.880	   2320.347	   2325.767	      0.146	      0.033	      0.349	      0.000	
 08/28-13:32	2326.800	2328.600	2326.200	2327.400	           3429	    167.000	   2320.067	   2323.933	   2320.518	   2325.766	      0.167	      0.053	      0.358	      0.000	
 08/28-13:33	2327.400	2328.200	2326.400	2326.400	           2464	    168.000	   2320.160	   2323.991	   2320.675	   2325.760	      0.094	      0.057	      0.328	      0.000	
 08/28-13:34	2326.600	2329.400	2325.600	2329.400	           3508	    169.000	   2320.394	   2324.040	   2320.862	   2325.763	      0.233	      0.049	      0.344	      0.000	
 08/28-13:35	2329.200	2330.200	2328.400	2329.400	           3908	    170.000	   2320.633	   2324.109	   2321.018	   2325.761	      0.240	      0.070	      0.343	      0.000	
 08/28-13:36	2329.400	2329.600	2327.400	2328.600	           2676	    171.000	   2320.867	   2324.153	   2321.124	   2325.753	      0.233	      0.044	      0.262	      0.000	
 08/28-13:37	2329.000	2329.000	2325.800	2326.200	           3109	    172.000	   2320.985	   2324.123	   2321.181	   2325.738	      0.119	     -0.030	      0.163	      0.000	
 08/28-13:38	2326.400	2327.800	2324.800	2325.200	           3629	    173.000	   2321.152	   2324.073	   2321.243	   2325.719	      0.167	     -0.050	      0.120	      0.000	
 08/28-13:39	2325.200	2326.600	2324.000	2326.600	           3513	    174.000	   2321.440	   2324.020	   2321.327	   2325.706	      0.288	     -0.053	      0.145	      0.000	
 08/28-13:40	2326.800	2328.600	2326.400	2328.000	           3138	    175.000	   2321.788	   2324.027	   2321.400	   2325.695	      0.348	      0.007	      0.157	      0.000	
 08/28-13:41	2328.200	2331.800	2328.200	2329.600	           5438	    176.000	   2322.248	   2324.080	   2321.507	   2325.693	      0.460	      0.053	      0.180	      0.000	
 08/28-13:42	2329.600	2331.800	2329.200	2331.200	           3027	    177.000	   2322.767	   2324.153	   2321.615	   2325.694	      0.519	      0.073	      0.215	      0.000	
 08/28-13:43	2331.200	2335.200	2330.200	2333.800	           6992	    178.000	   2323.342	   2324.267	   2321.750	   2325.713	      0.575	      0.114	      0.243	      0.000	
 08/28-13:44	2333.600	2335.600	2333.600	2334.400	           3272	    179.000	   2323.921	   2324.423	   2321.900	   2325.734	      0.579	      0.156	      0.285	      0.000	
 08/28-13:45	2334.600	2341.800	2334.200	2341.400	          12212	    180.000	   2324.879	   2324.520	   2322.128	   2325.785	      0.958	      0.097	      0.378	      0.000	
 08/28-13:46	2341.400	2342.600	2337.600	2337.600	           6418	    181.000	   2325.633	   2324.573	   2322.298	   2325.831	      0.754	      0.053	      0.398	      0.000	
 08/28-13:47	2337.600	2338.200	2336.000	2337.600	           3742	    182.000	   2326.354	   2324.647	   2322.473	   2325.878	      0.721	      0.074	      0.345	      0.000	
 08/28-13:48	2337.400	2338.400	2336.200	2336.200	           2486	    183.000	   2327.054	   2324.727	   2322.668	   2325.918	      0.700	      0.080	      0.370	      0.000	
 08/28-13:49	2336.400	2340.800	2336.000	2338.200	           4074	    184.000	   2327.788	   2324.820	   2322.874	   2325.965	      0.733	      0.093	      0.400	      0.000	
 08/28-13:50	2338.200	2338.400	2334.200	2334.200	           4490	    185.000	   2328.313	   2324.813	   2323.050	   2326.000	      0.525	     -0.006	      0.382	      0.000	
 08/28-13:51	2334.200	2334.800	2333.200	2334.000	           3411	    186.000	   2328.879	   2324.803	   2323.207	   2326.030	      0.567	     -0.010	      0.333	      0.000	
 08/28-13:52	2333.800	2339.400	2333.800	2339.000	           5077	    187.000	   2329.600	   2324.883	   2323.400	   2326.078	      0.721	      0.080	      0.350	      0.000	
 08/28-13:53	2339.200	2344.600	2339.200	2341.000	           7928	    188.000	   2330.352	   2325.047	   2323.592	   2326.131	      0.752	      0.164	      0.385	      0.000	
 08/28-13:54	2341.000	2342.000	2340.400	2340.400	           3145	    189.000	   2331.027	   2325.224	   2323.777	   2326.178	      0.675	      0.177	      0.377	      0.000	
 08/28-13:55	2340.400	2340.600	2337.800	2339.000	           3618	    190.000	   2331.533	   2325.433	   2323.962	   2326.210	      0.506	      0.209	      0.370	      0.000	
 08/28-13:56	2339.200	2341.000	2339.000	2340.000	           2394	    191.000	   2332.075	   2325.680	   2324.145	   2326.246	      0.542	      0.247	      0.368	      0.000	
 08/28-13:57	2340.000	2341.400	2338.800	2340.000	           2251	    192.000	   2332.575	   2325.964	   2324.333	   2326.272	      0.500	      0.283	      0.372	      0.000	
 08/28-13:58	2339.800	2340.000	2337.800	2339.200	           2185	    193.000	   2333.060	   2326.257	   2324.522	   2326.294	      0.485	      0.294	      0.377	      0.000	
 08/28-13:59	2339.400	2343.000	2339.400	2341.000	           4900	    194.000	   2333.548	   2326.567	   2324.727	   2326.323	      0.488	      0.309	      0.393	      0.000	
 08/28-14:00	2341.400	2342.800	2340.400	2340.800	           3210	    195.000	   2334.067	   2326.910	   2324.934	   2326.351	      0.519	      0.344	      0.412	      0.000	
 08/28-14:01	2340.600	2342.000	2339.800	2340.600	           1933	    196.000	   2334.546	   2327.223	   2325.126	   2326.374	      0.479	      0.313	      0.400	      0.000	
 08/28-14:02	2340.600	2340.600	2338.200	2339.200	           3327	    197.000	   2334.940	   2327.503	   2325.312	   2326.393	      0.394	      0.280	      0.378	      0.000	
 08/28-14:03	2339.400	2340.200	2337.200	2337.400	           3552	    198.000	   2335.306	   2327.733	   2325.489	   2326.404	      0.366	      0.230	      0.362	      0.000	
 08/28-14:04	2337.200	2337.400	2334.000	2334.200	           5741	    199.000	   2335.467	   2327.930	   2325.653	   2326.404	      0.160	      0.197	      0.342	      0.000	
 08/28-14:05	2334.200	2336.800	2334.200	2336.200	           3116	    200.000	   2335.694	   2328.164	   2325.833	   2326.410	      0.227	      0.233	      0.345	      0.000	
 08/28-14:06	2336.000	2336.400	2332.000	2332.800	           6380	    201.000	   2335.833	   2328.350	   2326.027	   2326.407	      0.139	      0.187	      0.374	      0.000	
 08/28-14:07	2333.000	2333.400	2331.400	2332.200	           4306	    202.000	   2336.033	   2328.509	   2326.200	   2326.398	      0.200	      0.159	      0.367	      0.000	
 08/28-14:08	2332.600	2334.400	2331.200	2334.400	           3654	    203.000	   2336.342	   2328.747	   2326.380	   2326.390	      0.308	      0.238	      0.354	      0.000	
 08/28-14:09	2334.400	2334.400	2333.000	2334.400	           2597	    204.000	   2336.600	   2329.020	   2326.570	   2326.382	      0.259	      0.273	      0.370	      0.000	
 08/28-14:10	2334.400	2339.800	2333.400	2338.000	           5079	    205.000	   2336.933	   2329.360	   2326.812	   2326.386	      0.333	      0.341	      0.431	      0.000	
 08/28-14:11	2337.600	2338.600	2336.600	2336.800	           2393	    206.000	   2337.173	   2329.710	   2327.018	   2326.389	      0.240	      0.350	      0.448	      0.000	
 08/28-14:12	2336.400	2338.200	2336.400	2337.200	           1644	    207.000	   2337.373	   2330.070	   2327.215	   2326.398	      0.200	      0.359	      0.404	      0.000	
 08/28-14:13	2337.400	2338.600	2334.600	2338.000	           3469	    208.000	   2337.512	   2330.427	   2327.415	   2326.411	      0.140	      0.357	      0.397	      0.000	
 08/28-14:14	2337.800	2342.000	2337.600	2341.200	           6005	    209.000	   2337.740	   2330.830	   2327.628	   2326.442	      0.227	      0.403	      0.413	      0.000	
 08/28-14:15	2341.200	2343.400	2339.800	2343.000	           5358	    210.000	   2337.794	   2331.336	   2327.850	   2326.488	      0.054	      0.506	      0.435	      0.000	
 08/28-14:16	2343.000	2347.800	2343.000	2346.200	          11080	    211.000	   2338.079	   2331.856	   2328.080	   2326.540	      0.285	      0.520	      0.451	      0.000	
 08/28-14:17	2345.800	2346.000	2343.600	2343.600	           4046	    212.000	   2338.279	   2332.317	   2328.283	   2326.580	      0.200	      0.460	      0.433	      0.000	
 08/28-14:18	2343.200	2345.000	2342.400	2343.400	           3583	    213.000	   2338.519	   2332.786	   2328.483	   2326.612	      0.240	      0.470	      0.404	      0.000	
 08/28-14:19	2343.200	2346.400	2341.400	2342.400	           4147	    214.000	   2338.660	   2333.224	   2328.645	   2326.639	      0.142	      0.438	      0.362	      0.000	
 08/28-14:20	2342.600	2345.000	2340.400	2344.800	           3155	    215.000	   2339.015	   2333.664	   2328.815	   2326.684	      0.354	      0.440	      0.332	      0.000	
 08/28-14:21	2344.400	2344.400	2340.600	2341.200	           2912	    216.000	   2339.254	   2334.067	   2328.952	   2326.710	      0.240	      0.403	      0.306	      0.000	
 08/28-14:22	2340.800	2341.800	2340.400	2341.400	           2264	    217.000	   2339.333	   2334.467	   2329.105	   2326.736	      0.079	      0.400	      0.290	      0.000	
 08/28-14:23	2341.400	2342.000	2340.600	2341.200	           1974	    218.000	   2339.340	   2334.846	   2329.251	   2326.761	      0.006	      0.379	      0.300	      0.000	
 08/28-14:24	2341.400	2343.800	2341.000	2341.200	           2128	    219.000	   2339.367	   2335.197	   2329.395	   2326.789	      0.027	      0.351	      0.291	      0.000	
 08/28-14:25	2341.400	2342.400	2340.400	2340.800	           2263	    220.000	   2339.425	   2335.479	   2329.553	   2326.809	      0.058	      0.282	      0.302	      0.000	
 08/28-14:26	2340.800	2341.200	2338.400	2338.400	           3385	    221.000	   2339.373	   2335.724	   2329.687	   2326.823	     -0.052	      0.245	      0.292	      0.000	
 08/28-14:27	2338.800	2339.400	2338.200	2339.000	           2674	    222.000	   2339.340	   2335.957	   2329.829	   2326.836	     -0.033	      0.233	      0.275	      0.000	
 08/28-14:28	2339.200	2341.800	2336.000	2336.000	           8404	    223.000	   2339.233	   2336.147	   2329.947	   2326.834	     -0.106	      0.190	      0.260	      0.000	
 08/28-14:29	2335.600	2336.600	2335.000	2335.200	           3164	    224.000	   2339.040	   2336.294	   2330.050	   2326.834	     -0.194	      0.147	      0.221	      0.000	
 08/28-14:30	2335.600	2335.800	2331.800	2331.800	           5171	    225.000	   2338.740	   2336.403	   2330.125	   2326.814	     -0.300	      0.109	      0.178	      0.000	
 08/28-14:31	2331.800	2331.800	2328.600	2331.200	           7617	    226.000	   2338.427	   2336.487	   2330.183	   2326.788	     -0.313	      0.083	      0.133	      0.000	
 08/28-14:32	2331.200	2331.600	2330.000	2331.200	           7581	    227.000	   2338.160	   2336.550	   2330.242	   2326.759	     -0.267	      0.063	      0.117	      0.000	
 08/28-14:33	2331.200	2332.800	2331.000	2331.800	           1788	    228.000	   2337.973	   2336.640	   2330.315	   2326.730	     -0.188	      0.090	      0.132	      0.000	
 08/28-14:34	2331.600	2331.600	2326.000	2327.200	           5506	    229.000	   2337.740	   2336.603	   2330.321	   2326.679	     -0.233	     -0.037	      0.080	      0.000	
 08/28-14:35	2327.800	2328.400	2327.000	2328.400	           2653	    230.000	   2337.481	   2336.587	   2330.348	   2326.635	     -0.258	     -0.016	      0.033	      0.000	
 08/28-14:36	2328.600	2332.000	2328.600	2331.200	           3068	    231.000	   2337.427	   2336.630	   2330.392	   2326.605	     -0.054	      0.043	      0.070	      0.000	
 08/28-14:37	2331.200	2331.400	2329.200	2329.400	           6201	    232.000	   2337.333	   2336.683	   2330.403	   2326.564	     -0.094	      0.053	      0.055	      0.000	
 08/28-14:38	2329.400	2331.000	2329.000	2330.000	           1898	    233.000	   2337.185	   2336.763	   2330.418	   2326.529	     -0.148	      0.080	      0.027	      0.000	
 08/28-14:39	2330.200	2333.000	2330.000	2331.400	           3127	    234.000	   2337.087	   2336.844	   2330.432	   2326.499	     -0.098	      0.080	      0.029	      0.000	
 08/28-14:40	2331.000	2332.600	2330.800	2331.600	           1889	    235.000	   2336.873	   2336.903	   2330.465	   2326.472	     -0.215	      0.059	      0.047	      0.000	
 08/28-14:41	2331.600	2333.400	2331.400	2333.400	           2605	    236.000	   2336.760	   2336.967	   2330.523	   2326.450	     -0.112	      0.063	      0.092	      0.000	
 08/28-14:42	2333.200	2333.200	2329.000	2329.000	           2381	    237.000	   2336.488	   2336.930	   2330.542	   2326.407	     -0.273	     -0.036	      0.077	      0.000	
 08/28-14:43	2329.200	2329.400	2326.800	2329.200	           3676	    238.000	   2336.194	   2336.853	   2330.560	   2326.371	     -0.294	     -0.077	      0.036	      0.000	
 08/28-14:44	2329.200	2330.000	2327.600	2327.600	           1530	    239.000	   2335.740	   2336.740	   2330.581	   2326.325	     -0.454	     -0.114	      0.040	      0.000	
 08/28-14:45	2327.400	2330.000	2327.200	2328.600	           2486	    240.000	   2335.260	   2336.527	   2330.523	   2326.282	     -0.479	     -0.212	     -0.036	      0.000	
 08/28-14:46	2328.600	2329.000	2324.800	2325.200	          11390	    241.000	   2334.560	   2336.320	   2330.446	   2326.224	     -0.700	     -0.207	     -0.135	      0.000	
 08/28-14:47	2324.800	2325.200	2323.600	2323.600	           1849	    242.000	   2333.894	   2336.086	   2330.367	   2326.163	     -0.667	     -0.233	     -0.157	      0.000	
 08/28-14:48	2323.600	2324.600	2322.800	2324.400	           2142	    243.000	   2333.260	   2335.890	   2330.308	   2326.103	     -0.633	     -0.197	     -0.138	      0.000	
 08/28-14:49	2324.200	2327.600	2324.000	2327.000	           2933	    244.000	   2332.746	   2335.703	   2330.261	   2326.053	     -0.515	     -0.187	     -0.105	      0.000	
 08/28-14:50	2327.000	2327.000	2323.800	2323.800	           1835	    245.000	   2332.046	   2335.530	   2330.172	   2325.992	     -0.700	     -0.173	     -0.136	      0.000	
 08/28-14:51	2323.800	2323.800	2316.600	2316.800	          11672	    246.000	   2331.233	   2335.244	   2330.023	   2325.906	     -0.813	     -0.287	     -0.238	      0.000	
 08/28-14:52	2317.200	2320.800	2316.200	2320.400	           4164	    247.000	   2330.533	   2334.933	   2329.908	   2325.833	     -0.700	     -0.310	     -0.263	      0.000	
 08/28-14:53	2320.400	2322.400	2319.800	2321.400	           2788	    248.000	   2329.875	   2334.607	   2329.827	   2325.764	     -0.658	     -0.326	     -0.196	      0.000	
 08/28-14:54	2321.400	2322.400	2321.000	2321.200	           1756	    249.000	   2329.206	   2334.286	   2329.755	   2325.692	     -0.669	     -0.321	     -0.153	      0.000	
 08/28-14:55	2321.200	2322.200	2319.200	2322.200	           2200	    250.000	   2328.587	   2334.006	   2329.720	   2325.627	     -0.619	     -0.280	     -0.107	      0.000	
 08/28-14:56	2322.200	2323.400	2322.200	2322.600	           2122	    251.000	   2328.060	   2333.717	   2329.698	   2325.607	     -0.527	     -0.290	     -0.057	      0.000	
 08/28-14:57	2322.600	2323.600	2322.400	2323.000	           1995	    252.000	   2327.527	   2333.433	   2329.698	   2325.599	     -0.533	     -0.283	     -0.021	      0.000	
 08/28-14:58	2323.000	2323.800	2322.800	2323.200	           3828	    253.000	   2327.100	   2333.167	   2329.712	   2325.591	     -0.427	     -0.267	      0.013	      0.000	
 08/28-14:59	2323.400	2323.800	2322.800	2323.600	            794	    254.000	   2326.712	   2332.876	   2329.721	   2325.585	     -0.388	     -0.291	      0.023	      0.000	
 08/28-15:00	2323.600	2323.800	2322.600	2322.600	            913	    255.000	   2326.406	   2332.573	   2329.742	   2325.574	     -0.306	     -0.303	      0.030	      0.000	
 08/28-15:01	2322.600	2322.600	2320.400	2320.800	           5143	    256.000	   2326.060	   2332.244	   2329.733	   2325.556	     -0.346	     -0.329	      0.012	      0.000	
 08/28-15:02	2320.800	2322.600	2320.600	2321.400	           1494	    257.000	   2325.733	   2331.947	   2329.725	   2325.542	     -0.327	     -0.297	     -0.017	      0.000	
 08/28-15:03	2321.200	2322.200	2321.200	2321.600	            930	    258.000	   2325.394	   2331.683	   2329.708	   2325.529	     -0.340	     -0.263	     -0.025	      0.000	
 08/28-15:04	2321.800	2321.800	2318.400	2319.600	           3443	    259.000	   2325.140	   2331.440	   2329.685	   2325.507	     -0.254	     -0.244	     -0.040	      0.000	
 08/28-15:05	2319.800	2320.200	2318.600	2319.600	           1827	    260.000	   2324.846	   2331.164	   2329.664	   2325.490	     -0.294	     -0.276	     -0.045	      0.000	
 08/28-15:06	2319.400	2320.400	2319.000	2320.200	            937	    261.000	   2324.479	   2330.953	   2329.652	   2325.481	     -0.367	     -0.210	     -0.033	      0.000	
 08/28-15:07	2320.400	2321.000	2319.000	2319.200	           1294	    262.000	   2324.140	   2330.737	   2329.623	   2325.461	     -0.340	     -0.217	     -0.041	      0.000	
 08/28-15:08	2319.200	2319.800	2318.800	2319.000	           1187	    263.000	   2323.773	   2330.479	   2329.613	   2325.443	     -0.367	     -0.257	     -0.039	      0.000	
 08/28-15:09	2319.000	2320.000	2318.600	2319.600	           1066	    264.000	   2323.379	   2330.233	   2329.626	   2325.430	     -0.394	     -0.246	      0.004	      0.000	
 08/28-15:10	2319.200	2320.000	2319.000	2319.200	           1269	    265.000	   2322.967	   2329.920	   2329.640	   2325.415	     -0.413	     -0.314	      0.027	      0.000	
 08/28-15:11	2319.600	2323.200	2319.400	2322.000	           3840	    266.000	   2322.585	   2329.673	   2329.692	   2325.411	     -0.381	     -0.247	      0.065	      0.000	
 08/28-15:12	2322.000	2323.200	2321.800	2321.800	           2468	    267.000	   2322.346	   2329.417	   2329.743	   2325.401	     -0.240	     -0.256	      0.103	      0.000	
 08/28-15:13	2321.600	2322.600	2321.600	2322.000	           1111	    268.000	   2322.106	   2329.150	   2329.789	   2325.390	     -0.240	     -0.267	      0.097	      0.000	
 08/28-15:14	2322.200	2322.400	2320.600	2322.000	           2358	    269.000	   2321.921	   2328.830	   2329.830	   2325.374	     -0.185	     -0.320	      0.087	      0.000	
 08/28-15:15	2322.000	2323.200	2321.600	2322.800	           3764	    270.000	   2321.727	   2328.494	   2329.915	   2325.368	     -0.194	     -0.337	      0.126	      0.000	