 06/03-09:16	2604.400	2607.600	2604.400	2606.800	           6090	      1.000	           	           	           	           	   2596.950	   2602.558	   2611.563	   2619.162	           	      0.000	      0.000	      0.000	      0.000	      0.000	      0.000	      0.000	      0.000	      0.000	      0.000	
 06/03-09:17	2606.600	2607.000	2605.400	2605.800	           1929	      2.000	           	           	           	           	   2597.008	   2602.396	   2611.444	   2619.042	           	      0.000	      0.000	      0.000	      0.000	      0.000	      0.000	      0.000	      0.000	      0.000	      0.000	
 06/03-09:18	2605.800	2606.200	2603.200	2605.600	           2675	      3.000	           	           	           	           	   2597.042	   2602.238	   2611.310	   2618.928	           	      0.000	      0.000	      0.000	      0.000	      0.000	      0.000	      0.000	      0.000	      0.000	      0.000	
 06/03-09:19	2605.600	2606.600	2604.600	2605.400	           1491	      4.000	           	           	           	           	   2597.092	   2602.083	   2611.165	   2618.812	           	      0.000	      0.000	      0.000	      0.000	      0.000	      0.000	      0.000	      0.000	      0.000	      0.000	
 06/03-09:20	2605.200	2605.600	2604.200	2605.600	            801	      5.000	           	           	           	           	   2597.133	   2601.933	   2611.019	   2618.702	           	      0.000	      0.000	      0.000	      0.000	      0.000	      0.000	      0.000	      0.000	      0.000	      0.000	
 06/03-09:21	2605.600	2605.800	2604.200	2605.400	           1146	      6.000	           	           	           	           	   2597.333	   2601.767	   2610.869	   2618.591	           	      0.000	      0.000	      0.000	      0.000	      0.000	      0.000	      0.000	      0.000	      0.000	      0.000	
 06/03-09:22	2605.200	2605.400	2603.400	2603.800	            930	      7.000	           	           	           	           	   2597.625	   2601.613	   2610.708	   2618.475	           	      0.000	      0.000	      0.000	      0.000	      0.000	      0.000	      0.000	      0.000	      0.000	      0.000	
 06/03-09:23	2603.800	2604.600	2603.600	2604.200	            681	      8.000	           	           	           	           	   2597.917	   2601.546	   2610.548	   2618.357	           	      0.000	      0.000	      0.000	      0.000	      0.000	      0.000	      0.000	      0.000	      0.000	      0.000	
 06/03-09:24	2604.200	2604.600	2604.000	2604.000	            420	      9.000	           	           	           	           	   2598.225	   2601.475	   2610.385	   2618.239	           	      0.000	      0.000	      0.000	      0.000	      0.000	      0.000	      0.000	      0.000	      0.000	      0.000	
 06/03-09:25	2604.000	2605.400	2604.000	2604.600	           1065	     10.000	           	           	           	           	   2598.650	   2601.421	   2610.231	   2618.125	           	      0.000	      0.000	      0.000	      0.000	      0.000	      0.000	      0.000	      0.000	      0.000	      0.000	
 06/03-09:26	2604.400	2604.800	2603.600	2604.200	            679	     11.000	           	           	           	           	   2599.100	   2601.425	   2610.081	   2618.009	           	      0.000	      0.000	      0.000	      0.000	      0.000	      0.000	      0.000	      0.000	      0.000	      0.000	
 06/03-09:27	2604.200	2605.400	2604.000	2605.200	            790	     12.000	           	           	           	           	   2599.542	   2601.421	   2609.933	   2617.890	           	      0.000	      0.000	      0.000	      0.000	      0.000	      0.000	      0.000	      0.000	      0.000	      0.000	
 06/03-09:28	2605.200	2605.400	2604.000	2604.000	            679	     13.000	           	           	           	           	   2599.908	   2601.413	   2609.769	   2617.766	           	      0.000	      0.000	      0.000	      0.000	      0.000	      0.000	      0.000	      0.000	      0.000	      0.000	
 06/03-09:29	2603.800	2604.000	2602.000	2602.400	           2306	     14.000	           	           	           	           	   2600.208	   2601.392	   2609.598	   2617.636	           	      0.000	      0.000	      0.000	      0.000	      0.000	      0.000	      0.000	      0.000	      0.000	      0.000	
 06/03-09:30	2602.400	2603.000	2601.800	2602.200	           1433	     15.000	           	           	           	           	   2600.500	   2601.413	   2609.435	   2617.512	           	      0.000	      0.000	      0.000	      0.000	      0.000	      0.000	      0.000	      0.000	      0.000	      0.000	
 06/03-09:31	2602.000	2603.200	2601.200	2603.200	           1925	     16.000	           	           	           	           	   2600.842	   2601.354	   2609.296	   2617.397	           	      0.000	      0.000	      0.000	      0.000	      0.000	      0.000	      0.000	      0.000	      0.000	      0.000	
 06/03-09:32	2603.000	2603.600	2601.200	2601.200	           1447	     17.000	           	           	           	           	   2601.108	   2601.258	   2609.131	   2617.274	           	      0.000	      0.000	      0.000	      0.000	      0.000	      0.000	      0.000	      0.000	      0.000	      0.000	
 06/03-09:33	2601.000	2603.600	2601.000	2603.000	           1728	     18.000	           	           	           	           	   2601.425	   2601.196	   2608.988	   2617.157	           	      0.000	      0.000	      0.000	      0.000	      0.000	      0.000	      0.000	      0.000	      0.000	      0.000	
 06/03-09:34	2603.600	2606.000	2603.400	2605.600	           2678	     19.000	           	           	           	           	   2601.808	   2601.154	   2608.858	   2617.049	           	      0.000	      0.000	      0.000	      0.000	      0.000	      0.000	      0.000	      0.000	      0.000	      0.000	
 06/03-09:35	2605.600	2608.800	2605.400	2607.400	           4803	     20.000	           	           	           	           	   2602.225	   2601.163	   2608.750	   2616.952	           	      0.000	      0.000	      0.000	      0.000	      0.000	      0.000	      0.000	      0.000	      0.000	      0.000	
 06/03-09:36	2607.000	2608.800	2606.200	2608.200	           2671	     21.000	           	           	           	           	   2602.692	   2601.175	   2608.654	   2616.859	           	      0.000	      0.000	      0.000	      0.000	      0.000	      0.000	      0.000	      0.000	      0.000	      0.000	
 06/03-09:37	2608.000	2608.200	2607.000	2608.200	           1704	     22.000	           	           	           	           	   2603.117	   2601.200	   2608.558	   2616.768	           	      0.000	      0.000	      0.000	      0.000	      0.000	      0.000	      0.000	      0.000	      0.000	      0.000	
 06/03-09:38	2608.000	2608.200	2604.200	2606.000	           2780	     23.000	           	           	           	           	   2603.442	   2601.163	   2608.442	   2616.671	           	      0.000	      0.000	      0.000	      0.000	      0.000	      0.000	      0.000	      0.000	      0.000	      0.000	
 06/03-09:39	2606.400	2606.400	2604.200	2604.600	           1794	     24.000	           	           	           	           	   2603.717	   2601.113	   2608.321	   2616.570	           	      0.000	      0.000	      0.000	      0.000	      0.000	      0.000	      0.000	      0.000	      0.000	      0.000	
 06/03-09:40	2605.000	2606.200	2603.200	2604.000	           2104	     25.000	           	           	           	           	   2603.892	   2601.054	   2608.181	   2616.464	           	      0.000	      0.000	      0.000	      0.000	      0.000	      0.000	      0.000	      0.000	      0.000	      0.000	
 06/03-09:41	2603.600	2604.800	2602.800	2603.800	           1811	     26.000	           	           	           	           	   2604.075	   2600.992	   2608.044	   2616.355	           	      0.000	      0.000	      0.000	      0.000	      0.000	      0.000	      0.000	      0.000	      0.000	      0.000	
 06/03-09:42	2603.800	2606.800	2603.400	2605.800	           2373	     27.000	           	           	           	           	   2604.325	   2600.975	   2607.910	   2616.256	           	      0.000	      0.000	      0.000	      0.000	      0.000	      0.000	      0.000	      0.000	      0.000	      0.000	
 06/03-09:43	2605.800	2606.800	2605.000	2605.200	           1552	     28.000	           	           	           	           	   2604.525	   2600.933	   2607.796	   2616.151	           	      0.000	      0.000	      0.000	      0.000	      0.000	      0.000	      0.000	      0.000	      0.000	      0.000	
 06/03-09:44	2605.200	2606.800	2604.800	2606.600	           1398	     29.000	           	           	           	           	   2604.733	   2600.917	   2607.683	   2616.055	           	      0.000	      0.000	      0.000	      0.000	      0.000	      0.000	      0.000	      0.000	      0.000	      0.000	
 06/03-09:45	2606.600	2607.800	2603.800	2604.800	           2891	     30.000	           	           	           	           	   2604.900	   2600.879	   2607.563	   2615.965	           	      0.000	      0.000	      0.000	      0.000	      0.000	      0.000	      0.000	      0.000	      0.000	      0.000	
 06/03-09:46	2605.000	2605.600	2603.800	2603.800	           1829	     31.000	           	           	           	           	   2604.792	   2600.871	   2607.427	   2615.873	           	      0.000	      0.000	      0.000	      0.000	      0.000	      0.000	      0.000	      0.000	      0.000	      0.000	
 06/03-09:47	2603.600	2603.600	2601.600	2602.600	           3433	     32.000	           	           	           	           	   2604.683	   2600.846	   2607.288	   2615.778	           	      0.000	      0.000	      0.000	      0.000	      0.000	      0.000	      0.000	      0.000	      0.000	      0.000	
 06/03-09:48	2602.400	2602.800	2601.800	2602.000	           2128	     33.000	           	           	           	           	   2604.567	   2600.804	   2607.142	   2615.683	           	      0.000	      0.000	      0.000	      0.000	      0.000	      0.000	      0.000	      0.000	      0.000	      0.000	
 06/03-09:49	2602.200	2602.400	2600.400	2600.400	           2084	     34.000	           	           	           	           	   2604.400	   2600.746	   2606.971	   2615.586	           	      0.000	      0.000	      0.000	      0.000	      0.000	      0.000	      0.000	      0.000	      0.000	      0.000	
 06/03-09:50	2600.600	2602.200	2600.600	2601.600	           1851	     35.000	           	           	           	           	   2604.267	   2600.700	   2606.785	   2615.498	           	      0.000	      0.000	      0.000	      0.000	      0.000	      0.000	      0.000	      0.000	      0.000	      0.000	
 06/03-09:51	2601.800	2602.400	2600.800	2601.000	            931	     36.000	           	           	           	           	   2604.117	   2600.725	   2606.594	   2615.408	           	      0.000	      0.000	      0.000	      0.000	      0.000	      0.000	      0.000	      0.000	      0.000	      0.000	
 06/03-09:52	2600.800	2600.800	2596.000	2596.200	           5120	     37.000	           	           	           	           	   2603.867	   2600.746	   2606.371	   2615.311	           	      0.000	      0.000	      0.000	      0.000	      0.000	      0.000	      0.000	      0.000	      0.000	      0.000	
 06/03-09:53	2596.200	2599.600	2596.000	2597.800	           3358	     38.000	           	           	           	           	   2603.650	   2600.783	   2606.158	   2615.212	           	      0.000	      0.000	      0.000	      0.000	      0.000	      0.000	      0.000	      0.000	      0.000	      0.000	
 06/03-09:54	2597.600	2599.000	2597.200	2597.200	           1553	     39.000	           	           	           	           	   2603.425	   2600.825	   2605.946	   2615.105	           	      0.000	      0.000	      0.000	      0.000	      0.000	      0.000	      0.000	      0.000	      0.000	      0.000	
 06/03-09:55	2597.200	2601.000	2597.000	2600.000	           2790	     40.000	           	           	           	           	   2603.275	   2600.962	   2605.762	   2615.012	           	      0.000	      0.000	      0.000	      0.000	      0.000	      0.000	      0.000	      0.000	      0.000	      0.000	
 06/03-09:56	2600.200	2600.800	2597.400	2597.600	           1477	     41.000	           	           	           	           	   2603.050	   2601.075	   2605.575	   2614.905	           	      0.000	      0.000	      0.000	      0.000	      0.000	      0.000	      0.000	      0.000	      0.000	      0.000	
 06/03-09:57	2597.400	2598.800	2596.200	2597.000	           2901	     42.000	           	           	           	           	   2602.775	   2601.158	   2605.375	   2614.798	           	      0.000	      0.000	      0.000	      0.000	      0.000	      0.000	      0.000	      0.000	      0.000	      0.000	
 06/03-09:58	2596.600	2598.200	2596.200	2596.800	           1638	     43.000	           	           	           	           	   2602.542	   2601.225	   2605.171	   2614.693	           	      0.000	      0.000	      0.000	      0.000	      0.000	      0.000	      0.000	      0.000	      0.000	      0.000	
 06/03-09:59	2596.600	2599.200	2595.200	2596.400	           3181	     44.000	           	           	           	           	   2602.342	   2601.275	   2604.977	   2614.582	           	      0.000	      0.000	      0.000	      0.000	      0.000	      0.000	      0.000	      0.000	      0.000	      0.000	
 06/03-10:00	2596.800	2597.800	2595.000	2596.000	           2446	     45.000	           	           	           	           	   2602.133	   2601.317	   2604.785	   2614.478	           	      0.000	      0.000	      0.000	      0.000	      0.000	      0.000	      0.000	      0.000	      0.000	      0.000	
 06/03-10:01	2596.000	2596.400	2594.200	2596.200	           2568	     46.000	           	           	           	           	   2601.900	   2601.371	   2604.613	   2614.389	           	      0.000	      0.000	      0.000	      0.000	      0.000	      0.000	      0.000	      0.000	      0.000	      0.000	
 06/03-10:02	2596.600	2596.600	2594.000	2594.000	           2124	     47.000	           	           	           	           	   2601.658	   2601.383	   2604.404	   2614.287	           	      0.000	      0.000	      0.000	      0.000	      0.000	      0.000	      0.000	      0.000	      0.000	      0.000	
 06/03-10:03	2594.200	2595.200	2593.600	2594.200	           1978	     48.000	           	           	           	           	   2601.367	   2601.396	   2604.185	   2614.186	           	      0.000	      0.000	      0.000	      0.000	      0.000	      0.000	      0.000	      0.000	      0.000	      0.000	
 06/03-10:04	2594.200	2594.400	2593.200	2593.200	           1546	     49.000	           	           	           	           	   2600.958	   2601.383	   2603.954	   2614.075	           	      0.000	      0.000	      0.000	      0.000	      0.000	      0.000	      0.000	      0.000	      0.000	      0.000	
 06/03-10:05	2593.400	2594.200	2591.000	2592.600	           3539	     50.000	           	           	           	           	   2600.458	   2601.342	   2603.729	   2613.959	           	      0.000	      0.000	      0.000	      0.000	      0.000	      0.000	      0.000	      0.000	      0.000	      0.000	
 06/03-10:06	2592.600	2595.400	2592.600	2595.200	           2668	     51.000	           	           	           	           	   2600.025	   2601.358	   2603.521	   2613.852	           	      0.000	      0.000	      0.000	      0.000	      0.000	      0.000	      0.000	      0.000	      0.000	      0.000	
 06/03-10:07	2595.200	2596.400	2595.000	2596.400	           2054	     52.000	           	           	           	           	   2599.633	   2601.375	   2603.333	   2613.740	           	      0.000	      0.000	      0.000	      0.000	      0.000	      0.000	      0.000	      0.000	      0.000	      0.000	
 06/03-10:08	2596.400	2596.400	2595.600	2596.000	           1166	     53.000	           	           	           	           	   2599.300	   2601.371	   2603.144	   2613.631	           	      0.000	      0.000	      0.000	      0.000	      0.000	      0.000	      0.000	      0.000	      0.000	      0.000	
 06/03-10:09	2595.800	2596.800	2595.800	2596.400	           1233	     54.000	           	           	           	           	   2599.025	   2601.371	   2602.960	   2613.515	           	      0.000	      0.000	      0.000	      0.000	      0.000	      0.000	      0.000	      0.000	      0.000	      0.000	
 06/03-10:10	2596.600	2596.800	2595.600	2596.200	           1176	     55.000	           	           	           	           	   2598.767	   2601.329	   2602.813	   2613.400	           	      0.000	      0.000	      0.000	      0.000	      0.000	      0.000	      0.000	      0.000	      0.000	      0.000	
 06/03-10:11	2596.400	2598.000	2596.000	2598.000	           2299	     56.000	           	           	           	           	   2598.575	   2601.325	   2602.640	   2613.295	           	      0.000	      0.000	      0.000	      0.000	      0.000	      0.000	      0.000	      0.000	      0.000	      0.000	
 06/03-10:12	2598.000	2599.800	2597.800	2599.600	           3012	     57.000	           	           	           	           	   2598.367	   2601.346	   2602.471	   2613.195	           	      0.000	      0.000	      0.000	      0.000	      0.000	      0.000	      0.000	      0.000	      0.000	      0.000	
 06/03-10:13	2599.600	2600.000	2598.600	2600.000	           2262	     58.000	           	           	           	           	   2598.192	   2601.358	   2602.327	   2613.098	           	      0.000	      0.000	      0.000	      0.000	      0.000	      0.000	      0.000	      0.000	      0.000	      0.000	
 06/03-10:14	2600.000	2601.800	2599.600	2601.200	           3837	     59.000	           	           	           	           	   2598.017	   2601.375	   2602.188	   2613.009	           	      0.000	      0.000	      0.000	      0.000	      0.000	      0.000	      0.000	      0.000	      0.000	      0.000	
 06/03-10:15	2601.200	2602.600	2600.600	2602.000	           2762	     60.000	           	           	           	           	   2597.917	   2601.408	   2602.067	   2612.919	           	      0.000	      0.000	      0.000	      0.000	      0.000	      0.000	      0.000	      0.000	      0.000	      0.000	
 06/03-10:16	2602.000	2602.000	2600.600	2602.000	           1690	     61.000	           	           	           	           	   2597.858	   2601.325	   2601.942	   2612.830	           	      0.000	      0.000	      0.000	      0.000	      0.000	      0.000	      0.000	      0.000	      0.000	      0.000	
 06/03-10:17	2602.000	2602.400	2600.800	2600.800	           1860	     62.000	           	           	           	           	   2597.800	   2601.242	   2601.819	   2612.733	           	      0.000	      0.000	      0.000	      0.000	      0.000	      0.000	      0.000	      0.000	      0.000	      0.000	
 06/03-10:18	2601.000	2601.400	2600.200	2601.000	           1871	     63.000	           	           	           	           	   2597.767	   2601.167	   2601.702	   2612.640	           	      0.000	      0.000	      0.000	      0.000	      0.000	      0.000	      0.000	      0.000	      0.000	      0.000	
 06/03-10:19	2601.200	2601.600	2600.000	2600.600	           1508	     64.000	           	           	           	           	   2597.775	   2601.087	   2601.585	   2612.549	           	      0.000	      0.000	      0.000	      0.000	      0.000	      0.000	      0.000	      0.000	      0.000	      0.000	
 06/03-10:20	2600.600	2602.800	2599.800	2600.400	           2674	     65.000	           	           	           	           	   2597.733	   2601.000	   2601.467	   2612.460	           	      0.000	      0.000	      0.000	      0.000	      0.000	      0.000	      0.000	      0.000	      0.000	      0.000	
 06/03-10:21	2600.400	2602.600	2600.400	2601.600	           1654	     66.000	           	           	           	           	   2597.758	   2600.938	   2601.352	   2612.375	           	      0.000	      0.000	      0.000	      0.000	      0.000	      0.000	      0.000	      0.000	      0.000	      0.000	
 06/03-10:22	2601.800	2603.000	2600.800	2601.200	           2134	     67.000	           	           	   2601.200	           	   2597.917	   2600.892	   2601.252	   2612.289	           	      0.000	      0.000	      0.000	      0.000	      0.000	      0.000	      0.000	      0.000	      0.000	      0.000	
 06/03-10:23	2601.000	2601.000	2599.400	2599.800	           2123	     68.000	           	           	   2601.200	           	   2597.992	   2600.821	   2601.183	   2612.189	           	      0.000	      0.000	      0.000	      0.000	      0.000	      0.000	      0.000	      0.000	      0.000	      0.000	
 06/03-10:24	2599.400	2600.600	2598.600	2599.000	           1820	     69.000	           	           	   2601.200	           	   2598.050	   2600.738	   2601.106	   2612.084	           	      0.000	      0.000	      0.000	      0.000	      0.000	      0.000	      0.000	      0.000	      0.000	      0.000	
 06/03-10:25	2599.600	2600.400	2598.400	2600.200	           1611	     70.000	           	           	   2601.200	           	   2598.050	   2600.663	   2601.042	   2611.980	           	      0.000	      0.000	      0.000	      0.000	      0.000	      0.000	      0.000	      0.000	      0.000	      0.000	
 06/03-10:26	2600.400	2603.800	2600.400	2603.000	           3460	     71.000	           	           	   2601.200	           	   2598.233	   2600.642	   2601.033	   2611.889	           	      0.000	      0.000	      0.000	      0.000	      0.000	      0.000	      0.000	      0.000	      0.000	      0.000	
 06/03-10:27	2602.800	2604.600	2602.600	2603.600	           3210	     72.000	           	           	   2601.200	           	   2598.458	   2600.617	   2601.019	   2611.803	           	      0.000	      0.000	      0.000	      0.000	      0.000	      0.000	      0.000	      0.000	      0.000	      0.000	
 06/03-10:28	2603.600	2605.000	2603.600	2604.000	           1995	     73.000	           	           	   2601.200	           	   2598.692	   2600.617	   2601.015	   2611.719	           	      0.000	      0.000	      0.000	      0.000	      0.000	      0.000	      0.000	      0.000	      0.000	      0.000	
 06/03-10:29	2603.600	2604.800	2603.400	2603.800	           1402	     74.000	           	           	   2601.200	           	   2598.942	   2600.642	   2601.017	   2611.630	           	      0.000	      0.000	      0.000	      0.000	      0.000	      0.000	      0.000	      0.000	      0.000	      0.000	
 06/03-10:30	2603.800	2604.600	2603.000	2604.200	           2000	     75.000	           	           	   2601.200	           	   2599.217	   2600.675	   2601.044	   2611.552	           	      0.000	      0.000	      0.000	      0.000	      0.000	      0.000	      0.000	      0.000	      0.000	      0.000	
 06/03-10:31	2603.800	2605.800	2603.600	2603.600	           3160	     76.000	           	           	   2601.200	           	   2599.458	   2600.679	   2601.017	   2611.480	           	      0.000	      0.000	      0.000	      0.000	      0.000	      0.000	      0.000	      0.000	      0.000	      0.000	
 06/03-10:32	2603.600	2604.600	2602.800	2603.200	           1662	     77.000	           	           	   2601.200	           	   2599.767	   2600.712	   2600.985	   2611.405	           	      0.000	      0.000	      0.000	      0.000	      0.000	      0.000	      0.000	      0.000	      0.000	      0.000	
 06/03-10:33	2603.000	2603.400	2602.000	2602.600	           1513	     78.000	           	           	   2601.200	           	   2600.042	   2600.704	   2600.950	   2611.329	           	      0.000	      0.000	      0.000	      0.000	      0.000	      0.000	      0.000	      0.000	      0.000	      0.000	
 06/03-10:34	2602.600	2603.400	2602.000	2602.400	           1091	     79.000	           	           	   2601.200	           	   2600.350	   2600.654	   2600.904	   2611.250	           	      0.000	      0.000	      0.000	      0.000	      0.000	      0.000	      0.000	      0.000	      0.000	      0.000	
 06/03-10:35	2603.000	2604.200	2599.200	2599.800	           3529	     80.000	           	           	   2601.200	           	   2600.592	   2600.525	   2600.844	   2611.160	           	      0.000	      0.000	      0.000	      0.000	      0.000	      0.000	      0.000	      0.000	      0.000	      0.000	
 06/03-10:36	2599.600	2600.200	2598.000	2599.000	           3466	     81.000	           	           	   2601.200	           	   2600.717	   2600.371	   2600.773	   2611.080	           	      0.000	      0.000	      0.000	      0.000	      0.000	      0.000	      0.000	      0.000	      0.000	      0.000	
 06/03-10:37	2599.000	2600.000	2598.200	2600.000	           1766	     82.000	           	           	   2601.200	           	   2600.842	   2600.238	   2600.719	   2611.009	           	      0.000	      0.000	      0.000	      0.000	      0.000	      0.000	      0.000	      0.000	      0.000	      0.000	
 06/03-10:38	2600.200	2601.200	2599.600	2600.000	           1431	     83.000	           	           	   2601.200	           	   2600.975	   2600.137	   2600.650	   2610.928	           	      0.000	      0.000	      0.000	      0.000	      0.000	      0.000	      0.000	      0.000	      0.000	      0.000	
 06/03-10:39	2600.200	2605.000	2600.200	2604.800	           4288	     84.000	           	           	   2601.200	           	   2601.250	   2600.137	   2600.625	   2610.869	           	      0.000	      0.000	      0.000	      0.000	      0.000	      0.000	      0.000	      0.000	      0.000	      0.000	
 06/03-10:40	2604.800	2607.600	2604.400	2606.400	           5003	     85.000	           	           	   2601.200	           	   2601.592	   2600.179	   2600.617	   2610.811	           	      0.000	      0.000	      0.000	      0.000	      0.000	      0.000	      0.000	      0.000	      0.000	      0.000	
 06/03-10:41	2606.200	2608.000	2605.600	2606.400	           3045	     86.000	           	           	   2601.200	           	   2601.875	   2600.225	   2600.608	   2610.748	           	      0.000	      0.000	      0.000	      0.000	      0.000	      0.000	      0.000	      0.000	      0.000	      0.000	
 06/03-10:42	2606.400	2607.000	2605.400	2606.800	           2418	     87.000	           	           	   2601.200	           	   2602.117	   2600.242	   2600.608	   2610.688	           	      0.000	      0.000	      0.000	      0.000	      0.000	      0.000	      0.000	      0.000	      0.000	      0.000	
 06/03-10:43	2606.600	2608.400	2604.600	2608.200	           2824	     88.000	           	           	   2601.200	           	   2602.392	   2600.292	   2600.613	   2610.634	           	      0.000	      0.000	      0.000	      0.000	      0.000	      0.000	      0.000	      0.000	      0.000	      0.000	
 06/03-10:44	2609.200	2612.800	2609.200	2611.200	           9013	     89.000	           	           	   2601.200	           	   2602.717	   2600.367	   2600.642	   2610.586	           	      0.000	      0.000	      0.000	      0.000	      0.000	      0.000	      0.000	      0.000	      0.000	      0.000	
 06/03-10:45	2611.000	2616.000	2610.400	2616.000	           6397	     90.000	           	           	   2601.200	           	   2603.183	   2600.550	   2600.715	   2610.541	           	      0.000	      0.000	      0.000	      0.000	      0.000	      0.000	      0.000	      0.000	      0.000	      0.000	
 06/03-10:46	2616.200	2620.000	2615.200	2616.000	           8149	     91.000	           	           	   2601.200	           	   2603.650	   2600.754	   2600.813	   2610.481	           	      0.000	      0.000	      0.000	      0.000	      0.000	      0.000	      0.000	      0.000	      0.000	      0.000	
 06/03-10:47	2615.800	2617.200	2615.200	2615.400	           3579	     92.000	           	           	   2601.200	           	   2604.142	   2600.971	   2600.908	   2610.416	           	      0.000	      0.000	      0.000	      0.000	      0.000	      0.000	      0.000	      0.000	      0.000	      0.000	
 06/03-10:48	2615.800	2616.600	2614.000	2614.000	           2975	     93.000	           	           	   2601.200	           	   2604.575	   2601.171	   2600.988	   2610.354	           	      0.000	      0.000	      0.000	      0.000	      0.000	      0.000	      0.000	      0.000	      0.000	      0.000	
 06/03-10:49	2613.400	2616.200	2613.000	2614.800	           3552	     94.000	           	           	   2601.200	           	   2605.042	   2601.408	   2601.077	   2610.293	           	      0.000	      0.000	      0.000	      0.000	      0.000	      0.000	      0.000	      0.000	      0.000	      0.000	
 06/03-10:50	2614.400	2616.000	2612.800	2614.000	           3106	     95.000	           	           	   2601.200	           	   2605.500	   2601.617	   2601.158	   2610.233	           	      0.000	      0.000	      0.000	      0.000	      0.000	      0.000	      0.000	      0.000	      0.000	      0.000	
 06/03-10:51	2613.200	2616.800	2612.600	2614.600	           3308	     96.000	           	           	   2601.200	           	   2605.933	   2601.846	   2601.285	   2610.177	           	      0.000	      0.000	      0.000	      0.000	      0.000	      0.000	      0.000	      0.000	      0.000	      0.000	
 06/03-10:52	2614.600	2615.400	2613.400	2614.600	           2113	     97.000	           	           	   2601.200	           	   2606.383	   2602.150	   2601.448	   2610.111	           	      0.000	      0.000	      0.000	      0.000	      0.000	      0.000	      0.000	      0.000	      0.000	      0.000	
 06/03-10:53	2614.800	2615.600	2613.600	2613.800	           1478	     98.000	           	           	   2601.200	           	   2606.842	   2602.417	   2601.600	   2610.038	           	      0.000	      0.000	      0.000	      0.000	      0.000	      0.000	      0.000	      0.000	      0.000	      0.000	
 06/03-10:54	2614.000	2614.000	2611.600	2612.200	           3033	     99.000	           	           	   2601.200	           	   2607.283	   2602.667	   2601.746	   2609.959	           	      0.000	      0.000	      0.000	      0.000	      0.000	      0.000	      0.000	      0.000	      0.000	      0.000	
 06/03-10:55	2612.400	2614.000	2610.800	2613.000	           3025	    100.000	           	           	   2601.200	           	   2607.717	   2602.883	   2601.923	   2609.890	           	      0.000	      0.000	      0.000	      0.000	      0.000	      0.000	      0.000	      0.000	      0.000	      0.000	
 06/03-10:56	2613.000	2614.800	2613.000	2613.200	           1896	    101.000	           	           	   2601.200	           	   2608.058	   2603.146	   2602.110	   2609.822	           	      0.000	      0.000	      0.000	      0.000	      0.000	      0.000	      0.000	      0.000	      0.000	      0.000	
 06/03-10:57	2613.400	2614.800	2612.000	2612.000	           1869	    102.000	           	           	   2601.200	           	   2608.333	   2603.396	   2602.277	   2609.751	           	      0.000	      0.000	      0.000	      0.000	      0.000	      0.000	      0.000	      0.000	      0.000	      0.000	
 06/03-10:58	2612.200	2616.000	2612.200	2614.000	           2210	    103.000	           	           	   2601.200	           	   2608.667	   2603.679	   2602.452	   2609.683	           	      0.000	      0.000	      0.000	      0.000	      0.000	      0.000	      0.000	      0.000	      0.000	      0.000	
 06/03-10:59	2614.200	2615.200	2613.600	2614.200	           1493	    104.000	           	           	   2601.200	           	   2609.017	   2603.979	   2602.627	   2609.620	           	      0.000	      0.000	      0.000	      0.000	      0.000	      0.000	      0.000	      0.000	      0.000	      0.000	
 06/03-11:00	2614.400	2618.400	2614.200	2617.400	           5097	    105.000	           	           	   2601.200	           	   2609.450	   2604.333	   2602.825	   2609.564	           	      0.000	      0.000	      0.000	      0.000	      0.000	      0.000	      0.000	      0.000	      0.000	      0.000	
 06/03-11:01	2617.600	2618.200	2615.600	2615.600	           2725	    106.000	           	           	   2601.200	           	   2609.858	   2604.658	   2603.015	   2609.505	           	      0.000	      0.000	      0.000	      0.000	      0.000	      0.000	      0.000	      0.000	      0.000	      0.000	
 06/03-11:02	2615.600	2617.000	2613.800	2616.200	           2533	    107.000	           	           	   2601.200	           	   2610.283	   2605.025	   2603.204	   2609.448	           	      0.000	      0.000	      0.000	      0.000	      0.000	      0.000	      0.000	      0.000	      0.000	      0.000	
 06/03-11:03	2616.000	2616.600	2614.200	2614.400	           1635	    108.000	           	           	   2601.200	           	   2610.683	   2605.363	   2603.379	   2609.390	           	      0.000	      0.000	      0.000	      0.000	      0.000	      0.000	      0.000	      0.000	      0.000	      0.000	
 06/03-11:04	2614.600	2614.800	2612.000	2612.400	           3183	    109.000	           	           	   2601.200	           	   2611.017	   2605.683	   2603.533	   2609.321	           	      0.000	      0.000	      0.000	      0.000	      0.000	      0.000	      0.000	      0.000	      0.000	      0.000	
 06/03-11:05	2612.600	2613.600	2611.000	2611.600	           2641	    110.000	           	           	   2601.200	           	   2611.408	   2606.000	   2603.671	   2609.258	           	      0.000	      0.000	      0.000	      0.000	      0.000	      0.000	      0.000	      0.000	      0.000	      0.000	
 06/03-11:06	2611.200	2613.400	2611.000	2612.200	           1676	    111.000	           	           	   2601.200	           	   2611.850	   2606.283	   2603.821	   2609.198	           	      0.000	      0.000	      0.000	      0.000	      0.000	      0.000	      0.000	      0.000	      0.000	      0.000	
 06/03-11:07	2612.400	2613.000	2611.600	2611.600	           1458	    112.000	           	           	   2601.200	           	   2612.233	   2606.538	   2603.956	   2609.145	           	      0.000	      0.000	      0.000	      0.000	      0.000	      0.000	      0.000	      0.000	      0.000	      0.000	
 06/03-11:08	2611.800	2611.800	2608.800	2609.200	           5102	    113.000	           	           	   2601.200	           	   2612.542	   2606.758	   2604.065	   2609.083	           	      0.000	      0.000	      0.000	      0.000	      0.000	      0.000	      0.000	      0.000	      0.000	      0.000	
 06/03-11:09	2609.200	2610.400	2609.000	2609.400	           2582	    114.000	           	           	   2601.200	           	   2612.700	   2606.975	   2604.173	   2609.035	           	      0.000	      0.000	      0.000	      0.000	      0.000	      0.000	      0.000	      0.000	      0.000	      0.000	
 06/03-11:10	2609.000	2611.000	2609.000	2609.000	           1915	    115.000	           	           	   2601.200	           	   2612.783	   2607.188	   2604.258	   2608.984	           	      0.000	      0.000	      0.000	      0.000	      0.000	      0.000	      0.000	      0.000	      0.000	      0.000	
 06/03-11:11	2609.000	2609.600	2607.800	2609.600	           2813	    116.000	           	           	   2601.200	           	   2612.883	   2607.379	   2604.352	   2608.933	           	      0.000	      0.000	      0.000	      0.000	      0.000	      0.000	      0.000	      0.000	      0.000	      0.000	
 06/03-11:12	2609.400	2611.200	2609.400	2610.200	           1935	    117.000	           	           	   2601.200	           	   2613.000	   2607.558	   2604.452	   2608.882	           	      0.000	      0.000	      0.000	      0.000	      0.000	      0.000	      0.000	      0.000	      0.000	      0.000	
 06/03-11:13	2610.200	2610.800	2608.000	2608.400	           1650	    118.000	           	           	   2601.200	           	   2613.000	   2607.696	   2604.527	   2608.825	           	      0.000	      0.000	      0.000	      0.000	      0.000	      0.000	      0.000	      0.000	      0.000	      0.000	
 06/03-11:14	2608.200	2611.600	2608.200	2611.400	           2441	    119.000	           	           	   2601.200	   2611.400	   2613.017	   2607.867	   2604.621	   2608.785	           	      0.000	      0.000	      0.000	      0.000	      0.000	      0.000	      0.000	      0.000	      0.000	      0.000	
 06/03-11:15	2611.200	2611.400	2610.200	2611.400	           1557	    120.000	           	           	   2601.200	   2611.400	   2612.867	   2608.025	   2604.717	   2608.749	           	      0.000	      0.000	      0.000	      0.000	      0.000	      0.000	      0.000	      0.000	      0.000	      0.000	
 06/03-11:16	2611.200	2613.600	2611.200	2611.400	           3118	    121.000	           	           	   2601.200	   2611.400	   2612.708	   2608.179	   2604.752	   2608.711	           	      0.000	      0.000	      0.000	      0.000	      0.000	      0.000	      0.000	      0.000	      0.000	      0.000	
 06/03-11:17	2611.600	2612.000	2608.200	2608.400	           2847	    122.000	           	           	   2601.200	   2611.400	   2612.475	   2608.308	   2604.775	   2608.659	           	      0.000	      0.000	      0.000	      0.000	      0.000	      0.000	      0.000	      0.000	      0.000	      0.000	
 06/03-11:18	2609.000	2611.000	2607.000	2609.200	           2697	    123.000	           	           	   2601.200	   2611.400	   2612.317	   2608.446	   2604.806	   2608.605	           	      0.000	      0.000	      0.000	      0.000	      0.000	      0.000	      0.000	      0.000	      0.000	      0.000	
 06/03-11:19	2609.200	2610.800	2608.600	2608.800	           1702	    124.000	           	           	   2601.200	   2611.400	   2612.117	   2608.579	   2604.833	   2608.547	           	      0.000	      0.000	      0.000	      0.000	      0.000	      0.000	      0.000	      0.000	      0.000	      0.000	
 06/03-11:20	2608.800	2611.000	2608.800	2609.400	           1265	    125.000	           	           	   2601.200	   2611.400	   2611.958	   2608.729	   2604.865	   2608.492	           	      0.000	      0.000	      0.000	      0.000	      0.000	      0.000	      0.000	      0.000	      0.000	      0.000	
 06/03-11:21	2609.600	2610.800	2609.400	2610.000	            772	    126.000	           	           	   2601.200	   2611.400	   2611.800	   2608.867	   2604.902	   2608.439	           	      0.000	      0.000	      0.000	      0.000	      0.000	      0.000	      0.000	      0.000	      0.000	      0.000	
 06/03-11:22	2610.000	2611.000	2609.400	2610.400	            940	    127.000	           	           	   2601.200	   2611.400	   2611.667	   2609.025	   2604.958	   2608.396	           	      0.000	      0.000	      0.000	      0.000	      0.000	      0.000	      0.000	      0.000	      0.000	      0.000	
 06/03-11:23	2610.400	2611.200	2608.800	2609.400	           1441	    128.000	           	           	   2601.200	   2611.400	   2611.525	   2609.183	   2605.002	   2608.345	           	      0.000	      0.000	      0.000	      0.000	      0.000	      0.000	      0.000	      0.000	      0.000	      0.000	
 06/03-11:24	2609.400	2610.000	2608.000	2608.000	           1500	    129.000	           	           	   2601.200	   2611.400	   2611.383	   2609.333	   2605.035	   2608.290	           	      0.000	      0.000	      0.000	      0.000	      0.000	      0.000	      0.000	      0.000	      0.000	      0.000	
 06/03-11:25	2607.800	2609.800	2607.200	2607.600	           1495	    130.000	           	           	   2601.200	   2611.400	   2611.200	   2609.458	   2605.060	   2608.234	           	      0.000	      0.000	      0.000	      0.000	      0.000	      0.000	      0.000	      0.000	      0.000	      0.000	
 06/03-11:26	2607.000	2608.600	2606.200	2606.800	           2829	    131.000	           	           	   2601.200	   2611.400	   2610.983	   2609.521	   2605.081	   2608.183	           	      0.000	      0.000	      0.000	      0.000	      0.000	      0.000	      0.000	      0.000	      0.000	      0.000	
 06/03-11:27	2607.000	2607.800	2605.400	2605.400	           1973	    132.000	           	           	   2601.200	   2611.400	   2610.767	   2609.550	   2605.083	   2608.125	           	      0.000	      0.000	      0.000	      0.000	      0.000	      0.000	      0.000	      0.000	      0.000	      0.000	
 06/03-11:28	2605.200	2606.600	2605.000	2605.200	           2863	    133.000	           	           	   2601.200	   2611.400	   2610.475	   2609.571	   2605.094	   2608.060	           	      0.000	      0.000	      0.000	      0.000	      0.000	      0.000	      0.000	      0.000	      0.000	      0.000	
 06/03-11:29	2605.600	2607.600	2605.600	2607.400	           1429	    134.000	           	           	   2601.200	   2611.400	   2610.242	   2609.629	   2605.135	   2607.997	           	      0.000	      0.000	      0.000	      0.000	      0.000	      0.000	      0.000	      0.000	      0.000	      0.000	
 06/03-11:30	2607.000	2608.600	2607.000	2607.000	           2214	    135.000	           	           	   2601.200	   2611.400	   2609.900	   2609.675	   2605.175	   2607.933	           	      0.000	      0.000	      0.000	      0.000	      0.000	      0.000	      0.000	      0.000	      0.000	      0.000	
 06/03-13:01	2607.200	2608.600	2607.000	2607.200	           1757	    136.000	           	           	   2601.200	   2611.400	   2609.617	   2609.738	   2605.208	   2607.868	           	      0.000	      0.000	      0.000	      0.000	      0.000	      0.000	      0.000	      0.000	      0.000	      0.000	
 06/03-13:02	2607.200	2609.000	2607.000	2608.800	           1297	    137.000	           	           	   2601.200	   2611.400	   2609.375	   2609.829	   2605.271	   2607.811	           	      0.000	      0.000	      0.000	      0.000	      0.000	      0.000	      0.000	      0.000	      0.000	      0.000	
 06/03-13:03	2609.000	2611.000	2608.800	2610.200	           2394	    138.000	           	           	   2601.200	   2611.400	   2609.233	   2609.958	   2605.331	   2607.758	           	      0.000	      0.000	      0.000	      0.000	      0.000	      0.000	      0.000	      0.000	      0.000	      0.000	
 06/03-13:04	2610.400	2610.800	2609.600	2610.000	           1034	    139.000	           	           	   2601.200	   2611.400	   2609.150	   2610.083	   2605.369	   2607.704	           	      0.000	      0.000	      0.000	      0.000	      0.000	      0.000	      0.000	      0.000	      0.000	      0.000	
 06/03-13:05	2610.000	2610.200	2608.800	2609.000	           1085	    140.000	           	           	   2601.200	   2611.400	   2609.067	   2610.238	   2605.381	   2607.648	           	      0.000	      0.000	      0.000	      0.000	      0.000	      0.000	      0.000	      0.000	      0.000	      0.000	
 06/03-13:06	2608.800	2609.200	2606.600	2606.800	           2280	    141.000	           	           	   2601.200	   2611.400	   2608.883	   2610.367	   2605.369	   2607.586	           	      0.000	      0.000	      0.000	      0.000	      0.000	      0.000	      0.000	      0.000	      0.000	      0.000	
 06/03-13:07	2606.400	2606.400	2603.000	2605.000	           3539	    142.000	           	           	   2601.200	   2611.400	   2608.667	   2610.450	   2605.344	   2607.514	           	      0.000	      0.000	      0.000	      1.000	      0.000	      0.000	      0.000	      0.000	      0.000	      0.000	
 06/03-13:08	2605.200	2606.000	2604.800	2605.600	           1270	    143.000	           	           	   2601.200	   2611.400	   2608.550	   2610.546	   2605.342	   2607.442	           	      0.000	      0.000	      0.000	      0.000	      0.000	      0.000	      0.000	      0.000	      0.000	      0.000	
 06/03-13:09	2605.800	2605.800	2604.400	2605.600	           1072	    144.000	           	           	   2601.200	   2611.400	   2608.417	   2610.558	   2605.348	   2607.373	           	      0.000	      0.000	      0.000	      0.000	      0.000	      0.000	      0.000	      0.000	      0.000	      0.000	
 06/03-13:10	2605.400	2606.400	2603.800	2603.800	           1972	    145.000	           	           	   2601.200	   2611.400	   2608.242	   2610.512	   2605.346	   2607.301	           	      0.000	      0.000	      0.000	      0.000	      0.000	      0.000	      0.000	      0.000	      0.000	      0.000	
 06/03-13:11	2604.000	2605.800	2604.000	2605.800	           1441	    146.000	           	           	   2601.200	   2611.400	   2608.117	   2610.500	   2605.363	   2607.244	           	      0.000	      0.000	      0.000	      0.000	      0.000	      0.000	      0.000	      0.000	      0.000	      0.000	
 06/03-13:12	2605.800	2608.400	2605.800	2607.400	           2375	    147.000	           	           	   2601.200	   2611.400	   2608.025	   2610.512	   2605.377	   2607.190	           	      0.000	      0.000	      0.000	      0.000	      0.000	      0.000	      0.000	      0.000	      0.000	      0.000	
 06/03-13:13	2607.200	2608.200	2607.000	2608.200	           1459	    148.000	           	           	   2601.200	   2611.400	   2608.025	   2610.512	   2605.402	   2607.142	           	      0.000	      0.000	      0.000	      0.000	      0.000	      0.000	      0.000	      0.000	      0.000	      0.000	
 06/03-13:14	2608.000	2609.400	2607.600	2608.600	           1867	    149.000	           	           	   2601.200	   2611.400	   2607.925	   2610.471	   2605.419	   2607.092	           	      0.000	      0.000	      0.000	      0.000	      0.000	      0.000	      0.000	      0.000	      0.000	      0.000	
 06/03-13:15	2608.400	2608.800	2607.800	2608.600	           1000	    150.000	           	           	   2601.200	   2611.400	   2607.833	   2610.350	   2605.450	   2607.045	           	      0.000	      0.000	      0.000	      0.000	      0.000	      0.000	      0.000	      0.000	      0.000	      0.000	
 06/03-13:16	2608.800	2609.000	2607.200	2607.600	           1528	    151.000	           	           	   2601.200	   2611.400	   2607.708	   2610.208	   2605.481	   2606.996	           	      0.000	      0.000	      0.000	      0.000	      0.000	      0.000	      0.000	      0.000	      0.000	      0.000	
 06/03-13:17	2607.600	2608.400	2607.000	2607.600	           1071	    152.000	           	           	   2601.200	   2611.400	   2607.675	   2610.075	   2605.523	   2606.948	           	      0.000	      0.000	      0.000	      0.000	      0.000	      0.000	      0.000	      0.000	      0.000	      0.000	
 06/03-13:18	2607.800	2608.200	2605.000	2605.200	           2475	    153.000	           	           	   2601.200	   2611.400	   2607.542	   2609.929	   2605.550	   2606.889	           	      0.000	      0.000	      0.000	      0.000	      0.000	      0.000	      0.000	      0.000	      0.000	      0.000	
 06/03-13:19	2605.200	2606.400	2604.400	2605.600	           1902	    154.000	           	           	   2601.200	   2611.400	   2607.442	   2609.779	   2605.594	   2606.835	           	      0.000	      0.000	      0.000	      0.000	      0.000	      0.000	      0.000	      0.000	      0.000	      0.000	
 06/03-13:20	2605.600	2606.200	2604.000	2604.800	           1484	    155.000	           	           	   2601.200	   2611.400	   2607.292	   2609.625	   2605.621	   2606.771	           	      0.000	      0.000	      0.000	      0.000	      0.000	      0.000	      0.000	      0.000	      0.000	      0.000	
 06/03-13:21	2605.400	2605.400	2604.000	2604.200	           1933	    156.000	           	           	   2601.200	   2611.400	   2607.100	   2609.450	   2605.648	   2606.707	           	      0.000	      0.000	      0.000	      0.000	      0.000	      0.000	      0.000	      0.000	      0.000	      0.000	
 06/03-13:22	2604.400	2605.600	2604.200	2605.400	           1014	    157.000	           	           	   2601.200	   2611.400	   2606.925	   2609.296	   2605.723	   2606.641	           	      0.000	      0.000	      0.000	      0.000	      0.000	      0.000	      0.000	      0.000	      0.000	      0.000	
 06/03-13:23	2605.200	2605.800	2603.200	2603.800	           1877	    158.000	           	           	   2601.200	   2611.400	   2606.733	   2609.129	   2605.773	   2606.580	           	      0.000	      0.000	      0.000	      0.000	      0.000	      0.000	      0.000	      0.000	      0.000	      0.000	
 06/03-13:24	2604.000	2604.400	2602.800	2602.800	           1945	    159.000	           	           	   2601.200	   2611.400	   2606.567	   2608.975	   2605.821	   2606.512	           	      0.000	      0.000	      0.000	      0.000	      0.000	      0.000	      0.000	      0.000	      0.000	      0.000	
 06/03-13:25	2602.800	2604.400	2602.200	2602.600	           2470	    160.000	           	           	   2601.200	   2611.400	   2606.400	   2608.800	   2605.842	   2606.444	           	      0.000	      0.000	      0.000	      0.000	      0.000	      0.000	      0.000	      0.000	      0.000	      0.000	
 06/03-13:26	2602.600	2603.600	2602.400	2602.800	           1537	    161.000	           	           	   2601.200	   2611.400	   2606.267	   2608.625	   2605.885	   2606.375	           	      0.000	      0.000	      0.000	      0.000	      0.000	      0.000	      0.000	      0.000	      0.000	      0.000	
 06/03-13:27	2602.800	2603.600	2602.000	2602.400	           1659	    162.000	           	           	   2601.200	   2611.400	   2606.167	   2608.467	   2605.931	   2606.308	           	      0.000	      0.000	      0.000	      0.000	      0.000	      0.000	      0.000	      0.000	      0.000	      0.000	
 06/03-13:28	2602.400	2603.600	2602.000	2603.200	           1132	    163.000	           	           	   2601.200	   2611.400	   2606.100	   2608.288	   2605.983	   2606.243	           	      0.000	      0.000	      0.000	      0.000	      0.000	      0.000	      0.000	      0.000	      0.000	      0.000	
 06/03-13:29	2603.000	2603.200	2601.600	2601.800	           1616	    164.000	           	           	   2601.200	   2611.400	   2605.917	   2608.079	   2606.029	   2606.166	           	      0.000	      0.000	      0.000	      0.000	      0.000	      0.000	      0.000	      0.000	      0.000	      0.000	
 06/03-13:30	2602.000	2604.400	2601.800	2602.200	           2620	    165.000	           	           	   2601.200	   2611.400	   2605.758	   2607.829	   2606.081	   2606.080	           	      0.000	      0.000	      0.000	      0.000	      0.000	      0.000	      0.000	      0.000	      0.000	      0.000	
 06/03-13:31	2602.000	2603.000	2601.200	2601.600	           2024	    166.000	           	           	   2601.200	   2611.400	   2605.567	   2607.592	   2606.125	   2605.990	           	      0.000	      0.000	      0.000	      0.000	      0.000	      0.000	      0.000	      0.000	      0.000	      0.000	
 06/03-13:32	2602.200	2604.600	2601.600	2604.000	           1956	    167.000	           	           	   2601.200	   2611.400	   2605.408	   2607.392	   2606.208	   2605.914	           	      0.000	      0.000	      0.000	      0.000	      0.000	      0.000	      0.000	      0.000	      0.000	      0.000	
 06/03-13:33	2604.400	2605.400	2604.000	2604.600	           2172	    168.000	           	           	   2601.200	   2611.400	   2605.217	   2607.225	   2606.294	   2605.839	           	      0.000	      0.000	      0.000	      0.000	      0.000	      0.000	      0.000	      0.000	      0.000	      0.000	
 06/03-13:34	2604.800	2605.400	2603.000	2603.000	           1733	    169.000	           	           	   2601.200	   2611.400	   2604.983	   2607.067	   2606.375	   2605.760	           	      0.000	      0.000	      0.000	      0.000	      0.000	      0.000	      0.000	      0.000	      0.000	      0.000	
 06/03-13:35	2603.200	2603.200	2601.200	2602.000	           2113	    170.000	           	           	   2601.200	   2611.400	   2604.750	   2606.908	   2606.454	   2605.680	           	      0.000	      0.000	      0.000	      0.000	      0.000	      0.000	      0.000	      0.000	      0.000	      0.000	
 06/03-13:36	2601.600	2603.600	2601.600	2602.800	           1376	    171.000	           	           	   2601.200	   2611.400	   2604.625	   2606.754	   2606.519	   2605.612	           	      0.000	      0.000	      0.000	      0.000	      0.000	      0.000	      0.000	      0.000	      0.000	      0.000	
 06/03-13:37	2602.800	2604.000	2601.000	2601.400	           2066	    172.000	           	           	   2601.200	   2611.400	   2604.500	   2606.583	   2606.560	   2605.533	           	      0.000	      0.000	      0.000	      0.000	      0.000	      0.000	      0.000	      0.000	      0.000	      0.000	
 06/03-13:38	2601.400	2602.400	2600.800	2602.000	           1395	    173.000	           	           	   2601.200	   2611.400	   2604.375	   2606.462	   2606.610	   2605.455	           	      0.000	      0.000	      0.000	      0.000	      0.000	      0.000	      0.000	      0.000	      0.000	      0.000	
 06/03-13:39	2602.000	2602.600	2601.400	2601.600	           1201	    174.000	           	           	   2601.200	   2611.400	   2604.250	   2606.333	   2606.654	   2605.384	           	      0.000	      0.000	      0.000	      0.000	      0.000	      0.000	      0.000	      0.000	      0.000	      0.000	
 06/03-13:40	2601.800	2602.400	2599.200	2599.400	           3332	    175.000	           	           	   2601.200	   2611.400	   2604.100	   2606.171	   2606.679	   2605.305	           	      0.000	      0.000	      0.000	      0.000	      0.000	      0.000	      0.000	      0.000	      0.000	      0.000	
 06/03-13:41	2599.800	2600.600	2598.800	2599.600	           2572	    176.000	           	           	   2601.200	   2611.400	   2603.900	   2606.008	   2606.694	   2605.236	           	      0.000	      0.000	      0.000	      0.000	      0.000	      0.000	      0.000	      0.000	      0.000	      0.000	
 06/03-13:42	2599.800	2604.000	2599.000	2604.000	           3690	    177.000	           	           	   2601.200	   2611.400	   2603.783	   2605.904	   2606.731	   2605.176	           	      0.000	      0.000	      0.000	      0.000	      0.000	      0.000	      0.000	      0.000	      0.000	      0.000	
 06/03-13:43	2603.600	2603.800	2602.400	2602.600	           1817	    178.000	           	           	   2601.200	   2611.400	   2603.592	   2605.808	   2606.752	   2605.104	           	      0.000	      0.000	      0.000	      0.000	      0.000	      0.000	      0.000	      0.000	      0.000	      0.000	
 06/03-13:44	2602.600	2603.200	2602.200	2602.600	           1082	    179.000	           	           	   2601.200	   2611.400	   2603.392	   2605.658	   2606.762	   2605.030	           	      0.000	      0.000	      0.000	      0.000	      0.000	      0.000	      0.000	      0.000	      0.000	      0.000	
 06/03-13:45	2602.600	2603.000	2601.400	2601.800	           1423	    180.000	           	           	   2601.200	   2611.400	   2603.167	   2605.500	   2606.762	   2604.960	           	      0.000	      0.000	      0.000	      0.000	      0.000	      0.000	      0.000	      0.000	      0.000	      0.000	
 06/03-13:46	2601.800	2603.200	2601.000	2603.000	           1408	    181.000	           	           	   2601.200	   2611.400	   2603.017	   2605.363	   2606.771	   2604.891	           	      0.000	      0.000	      0.000	      0.000	      0.000	      0.000	      0.000	      0.000	      0.000	      0.000	
 06/03-13:47	2603.000	2605.800	2602.600	2604.600	           4361	    182.000	           	           	   2601.200	   2611.400	   2602.917	   2605.296	   2606.802	   2604.834	           	      0.000	      0.000	      0.000	      0.000	      0.000	      0.000	      0.000	      0.000	      0.000	      0.000	
 06/03-13:48	2604.200	2604.600	2603.600	2603.800	           1263	    183.000	           	           	   2601.200	   2611.400	   2602.867	   2605.204	   2606.825	   2604.774	           	      0.000	      0.000	      0.000	      0.000	      0.000	      0.000	      0.000	      0.000	      0.000	      0.000	
 06/03-13:49	2603.800	2604.000	2602.000	2602.400	           1695	    184.000	           	           	   2601.200	   2611.400	   2602.758	   2605.100	   2606.840	   2604.710	           	      0.000	      0.000	      0.000	      0.000	      0.000	      0.000	      0.000	      0.000	      0.000	      0.000	
 06/03-13:50	2602.200	2602.400	2601.200	2602.200	           1734	    185.000	           	           	   2601.200	   2611.400	   2602.675	   2604.983	   2606.856	   2604.663	           	      0.000	      0.000	      0.000	      0.000	      0.000	      0.000	      0.000	      0.000	      0.000	      0.000	
 06/03-13:51	2602.200	2602.800	2601.600	2602.800	            977	    186.000	           	           	   2601.200	   2611.400	   2602.625	   2604.863	   2606.865	   2604.599	           	      0.000	      0.000	      0.000	      0.000	      0.000	      0.000	      0.000	      0.000	      0.000	      0.000	
 06/03-13:52	2602.800	2604.800	2602.800	2603.600	           1365	    187.000	           	           	   2601.200	   2611.400	   2602.567	   2604.746	   2606.885	   2604.534	           	      0.000	      0.000	      0.000	      0.000	      0.000	      0.000	      0.000	      0.000	      0.000	      0.000	
 06/03-13:53	2603.400	2604.800	2603.000	2604.200	           1796	    188.000	           	           	   2601.200	   2611.400	   2602.583	   2604.658	   2606.921	   2604.482	           	      0.000	      0.000	      0.000	      0.000	      0.000	      0.000	      0.000	      0.000	      0.000	      0.000	
 06/03-13:54	2604.000	2604.400	2602.000	2602.200	           1506	    189.000	           	           	   2601.200	   2611.400	   2602.558	   2604.563	   2606.948	   2604.419	           	      0.000	      0.000	      0.000	      0.000	      0.000	      0.000	      0.000	      0.000	      0.000	      0.000	
 06/03-13:55	2602.200	2604.400	2602.200	2603.600	           1571	    190.000	           	           	   2601.200	   2611.400	   2602.592	   2604.496	   2606.977	   2604.367	           	      0.000	      0.000	      0.000	      0.000	      0.000	      0.000	      0.000	      0.000	      0.000	      0.000	
 06/03-13:56	2604.000	2606.400	2603.600	2605.000	           2887	    191.000	           	           	   2601.200	   2611.400	   2602.667	   2604.467	   2606.994	   2604.319	           	      0.000	      0.000	      0.000	      0.000	      0.000	      0.000	      0.000	      0.000	      0.000	      0.000	
 06/03-13:57	2604.800	2605.600	2604.000	2605.200	           1482	    192.000	           	           	   2601.200	   2611.400	   2602.758	   2604.462	   2607.006	   2604.278	           	      0.000	      0.000	      0.000	      0.000	      0.000	      0.000	      0.000	      0.000	      0.000	      0.000	
 06/03-13:58	2605.200	2606.000	2604.800	2605.200	           1273	    193.000	           	           	   2601.200	   2611.400	   2602.825	   2604.462	   2607.017	   2604.239	           	      0.000	      0.000	      0.000	      0.000	      0.000	      0.000	      0.000	      0.000	      0.000	      0.000	
 06/03-13:59	2605.000	2605.200	2604.200	2604.800	            873	    194.000	           	           	   2601.200	   2611.400	   2602.925	   2604.421	   2607.025	   2604.199	           	      0.000	      0.000	      0.000	      0.000	      0.000	      0.000	      0.000	      0.000	      0.000	      0.000	
 06/03-14:00	2604.800	2605.600	2604.400	2605.000	           1143	    195.000	           	           	   2601.200	   2611.400	   2603.017	   2604.387	   2607.031	   2604.161	           	      0.000	      0.000	      0.000	      0.000	      0.000	      0.000	      0.000	      0.000	      0.000	      0.000	
 06/03-14:01	2605.200	2605.200	2603.200	2603.400	           1728	    196.000	           	           	   2601.200	   2611.400	   2603.083	   2604.325	   2607.031	   2604.113	           	      0.000	      0.000	      0.000	      0.000	      0.000	      0.000	      0.000	      0.000	      0.000	      0.000	
 06/03-14:02	2603.400	2604.200	2602.200	2602.800	           2118	    197.000	           	           	   2601.200	   2611.400	   2603.042	   2604.225	   2607.027	   2604.072	           	      0.000	      0.000	      0.000	      0.000	      0.000	      0.000	      0.000	      0.000	      0.000	      0.000	
 06/03-14:03	2602.800	2603.200	2601.800	2602.600	           1818	    198.000	           	           	   2601.200	   2611.400	   2602.975	   2604.096	   2607.027	   2604.049	           	      0.000	      0.000	      0.000	      0.000	      0.000	      0.000	      0.000	      0.000	      0.000	      0.000	
 06/03-14:04	2602.600	2604.000	2602.400	2603.800	            848	    199.000	           	           	   2601.200	   2611.400	   2603.000	   2603.992	   2607.038	   2604.031	           	      0.000	      0.000	      0.000	      0.000	      0.000	      0.000	      0.000	      0.000	      0.000	      0.000	
 06/03-14:05	2603.800	2605.800	2603.600	2605.000	           2582	    200.000	           	           	   2601.200	   2611.400	   2603.100	   2603.925	   2607.081	   2604.020	           	      0.000	      0.000	      0.000	      0.000	      0.000	      0.000	      0.000	      0.000	      0.000	      0.000	
 06/03-14:06	2605.000	2605.200	2604.400	2604.400	            873	    201.000	           	           	   2601.200	   2611.400	   2603.150	   2603.887	   2607.127	   2604.022	           	      0.000	      0.000	      0.000	      0.000	      0.000	      0.000	      0.000	      0.000	      0.000	      0.000	
 06/03-14:07	2604.600	2606.800	2603.200	2603.600	           2922	    202.000	           	           	   2601.200	   2611.400	   2603.225	   2603.863	   2607.156	   2604.014	           	      0.000	      0.000	      0.000	      0.000	      0.000	      0.000	      0.000	      0.000	      0.000	      0.000	
 06/03-14:08	2603.400	2604.200	2602.400	2602.600	           1691	    203.000	           	           	   2601.200	   2611.400	   2603.250	   2603.813	   2607.179	   2604.007	           	      0.000	      0.000	      0.000	      0.000	      0.000	      0.000	      0.000	      0.000	      0.000	      0.000	
 06/03-14:09	2602.600	2603.400	2602.200	2602.400	           1743	    204.000	           	           	   2601.200	   2611.400	   2603.267	   2603.758	   2607.158	   2604.002	           	      0.000	      0.000	      0.000	      0.000	      0.000	      0.000	      0.000	      0.000	      0.000	      0.000	
 06/03-14:10	2602.200	2603.400	2602.000	2602.600	           1051	    205.000	           	           	   2601.200	   2611.400	   2603.383	   2603.742	   2607.127	   2604.009	           	      0.000	      0.000	      0.000	      0.000	      0.000	      0.000	      0.000	      0.000	      0.000	      0.000	
 06/03-14:11	2602.800	2603.800	2602.400	2603.000	           1230	    206.000	           	           	   2601.200	   2611.400	   2603.492	   2603.696	   2607.098	   2603.994	           	      0.000	      0.000	      0.000	      0.000	      0.000	      0.000	      0.000	      0.000	      0.000	      0.000	
 06/03-14:12	2602.600	2603.400	2602.200	2602.600	           1226	    207.000	           	           	   2601.200	   2611.400	   2603.442	   2603.613	   2607.063	   2603.976	           	      0.000	      0.000	      0.000	      0.000	      0.000	      0.000	      0.000	      0.000	      0.000	      0.000	
 06/03-14:13	2602.600	2603.400	2602.400	2603.000	            713	    208.000	           	           	   2601.200	   2611.400	   2603.458	   2603.525	   2607.019	   2603.961	           	      0.000	      0.000	      0.000	      0.000	      0.000	      0.000	      0.000	      0.000	      0.000	      0.000	
 06/03-14:14	2603.000	2603.400	2601.000	2601.000	           2183	    209.000	           	           	   2601.200	   2611.400	   2603.408	   2603.400	   2606.935	   2603.933	           	      0.000	      0.000	      0.000	      0.000	      0.000	      0.000	      0.000	      0.000	      0.000	      0.000	
 06/03-14:15	2601.000	2601.400	2599.400	2599.800	           4348	    210.000	           	           	   2601.200	   2611.400	   2603.333	   2603.250	   2606.800	   2603.904	           	      0.000	      0.000	      0.000	      0.000	      0.000	      0.000	      0.000	      0.000	      0.000	      0.000	
 06/03-14:16	2599.600	2600.600	2596.000	2597.400	           4540	    211.000	           	           	   2601.200	   2611.400	   2603.150	   2603.083	   2606.646	   2603.864	           	      0.000	      0.000	      0.000	      0.000	      0.000	      0.000	      0.000	      0.000	      0.000	      0.000	
 06/03-14:17	2597.400	2599.400	2597.200	2599.000	           3193	    212.000	           	           	   2601.200	   2611.400	   2602.967	   2602.942	   2606.508	   2603.834	           	      0.000	      0.000	      0.000	      0.000	      0.000	      0.000	      0.000	      0.000	      0.000	      0.000	
 06/03-14:18	2598.800	2599.800	2597.400	2597.800	           2246	    213.000	           	           	   2601.200	   2611.400	   2602.767	   2602.817	   2606.373	   2603.792	           	      0.000	      0.000	      0.000	      0.000	      0.000	      0.000	      0.000	      0.000	      0.000	      0.000	
 06/03-14:19	2597.600	2598.200	2596.200	2597.000	           2562	    214.000	           	           	   2601.200	   2611.400	   2602.583	   2602.671	   2606.225	   2603.749	           	      0.000	      0.000	      0.000	      0.000	      0.000	      0.000	      0.000	      0.000	      0.000	      0.000	
 06/03-14:20	2597.200	2597.600	2595.000	2596.400	           3571	    215.000	           	           	   2601.200	   2611.400	   2602.392	   2602.533	   2606.079	   2603.705	           	      0.000	      0.000	      0.000	      0.000	      0.000	      0.000	      0.000	      0.000	      0.000	      0.000	
 06/03-14:21	2596.400	2597.200	2595.200	2595.400	           1779	    216.000	           	           	   2601.200	   2611.400	   2602.142	   2602.383	   2605.917	   2603.656	           	      0.000	      0.000	      0.000	      0.000	      0.000	      0.000	      0.000	      0.000	      0.000	      0.000	
 06/03-14:22	2595.600	2596.400	2594.800	2596.000	           2565	    217.000	           	           	   2601.200	   2611.400	   2601.892	   2602.229	   2605.762	   2603.613	           	      0.000	      0.000	      0.000	      0.000	      0.000	      0.000	      0.000	      0.000	      0.000	      0.000	
 06/03-14:23	2596.000	2597.200	2596.000	2596.800	           1592	    218.000	           	           	   2601.200	   2611.400	   2601.650	   2602.117	   2605.623	   2603.570	           	      0.000	      0.000	      0.000	      0.000	      0.000	      0.000	      0.000	      0.000	      0.000	      0.000	
 06/03-14:24	2596.600	2597.600	2596.200	2596.800	           1918	    219.000	           	           	   2601.200	   2611.400	   2601.467	   2602.012	   2605.494	   2603.527	           	      0.000	      0.000	      0.000	      0.000	      0.000	      0.000	      0.000	      0.000	      0.000	      0.000	
 06/03-14:25	2596.800	2598.200	2596.600	2597.800	           2153	    220.000	           	           	   2601.200	   2611.400	   2601.275	   2601.933	   2605.367	   2603.489	           	      0.000	      0.000	      0.000	      0.000	      0.000	      0.000	      0.000	      0.000	      0.000	      0.000	
 06/03-14:26	2597.800	2598.000	2595.200	2595.200	           2030	    221.000	           	           	   2601.200	   2611.400	   2600.950	   2601.808	   2605.217	   2603.453	           	      0.000	      0.000	      0.000	      0.000	      0.000	      0.000	      0.000	      0.000	      0.000	      0.000	
 06/03-14:27	2595.200	2595.400	2593.200	2595.400	           3755	    222.000	           	   2595.400	   2601.200	   2611.400	   2600.617	   2601.688	   2605.077	   2603.418	           	      0.000	      0.000	      0.000	      0.000	      0.000	      0.000	      0.000	      0.000	      0.000	      0.000	
 06/03-14:28	2595.200	2595.200	2594.000	2594.200	           1549	    223.000	           	   2595.400	   2601.200	   2611.400	   2600.250	   2601.538	   2604.913	   2603.377	           	      0.000	      0.000	      0.000	      0.000	      0.000	      0.000	      0.000	      0.000	      0.000	      0.000	
 06/03-14:29	2594.400	2595.600	2593.600	2595.200	           1884	    224.000	           	   2595.400	   2601.200	   2611.400	   2599.933	   2601.429	   2604.754	   2603.342	           	      0.000	      0.000	      0.000	      0.000	      0.000	      0.000	      0.000	      0.000	      0.000	      0.000	
 06/03-14:30	2595.400	2595.400	2593.000	2593.400	           2317	    225.000	           	   2595.400	   2601.200	   2611.400	   2599.550	   2601.283	   2604.556	   2603.299	           	      0.000	      0.000	      0.000	      0.000	      0.000	      0.000	      0.000	      0.000	      0.000	      0.000	
 06/03-14:31	2593.200	2594.400	2590.600	2591.000	           4905	    226.000	           	   2595.400	   2601.200	   2611.400	   2599.133	   2601.108	   2604.350	   2603.265	           	      0.000	      0.000	      0.000	      0.000	      0.000	      0.000	      0.000	      0.000	      0.000	      0.000	
 06/03-14:32	2591.000	2593.000	2590.000	2592.200	           4068	    227.000	           	   2595.400	   2601.200	   2611.400	   2598.775	   2600.908	   2604.150	   2603.253	           	      0.000	      0.000	      0.000	      0.000	      0.000	      1.000	      0.000	      0.000	      0.000	      0.000	
 06/03-14:33	2593.000	2594.400	2592.800	2594.000	           2807	    228.000	           	   2595.400	   2601.200	   2611.400	   2598.492	   2600.733	   2603.979	   2603.247	           	      0.000	      0.000	      0.000	      0.000	      0.000	      0.000	      0.000	      0.000	      0.000	      0.000	
 06/03-14:34	2594.000	2594.600	2593.400	2594.200	           1424	    229.000	           	   2595.400	   2601.200	   2611.400	   2598.175	   2600.587	   2603.827	   2603.245	           	      0.000	      0.000	      0.000	      0.000	      0.000	      0.000	      0.000	      0.000	      0.000	      0.000	
 06/03-14:35	2594.400	2594.800	2592.400	2593.200	           1836	    230.000	           	   2595.400	   2601.200	   2611.400	   2597.783	   2600.442	   2603.675	   2603.251	           	      0.000	      0.000	      0.000	      0.000	      0.000	      0.000	      0.000	      0.000	      0.000	      0.000	
 06/03-14:36	2593.200	2593.200	2591.800	2592.600	           2111	    231.000	           	   2595.400	   2601.200	   2611.400	   2597.383	   2600.267	   2603.510	   2603.258	           	      0.000	      0.000	      0.000	      0.000	      0.000	      0.000	      0.000	      0.000	      0.000	      0.000	
 06/03-14:37	2592.800	2593.800	2591.000	2592.000	           2816	    232.000	           	   2595.400	   2601.200	   2611.400	   2597.000	   2600.113	   2603.348	   2603.258	           	      0.000	      0.000	      0.000	      0.000	      0.000	      0.000	      0.000	      0.000	      0.000	      0.000	
 06/03-14:38	2592.200	2592.800	2589.200	2592.600	           3916	    233.000	           	   2595.400	   2601.200	   2611.400	   2596.667	   2599.958	   2603.210	   2603.257	           	      0.000	      0.000	      0.000	      0.000	      0.000	      0.000	      0.000	      0.000	      0.000	      0.000	
 06/03-14:39	2593.000	2593.200	2590.400	2591.200	           2111	    234.000	           	   2595.400	   2601.200	   2611.400	   2596.300	   2599.783	   2603.058	   2603.249	           	      0.000	      0.000	      0.000	      0.000	      0.000	      0.000	      0.000	      0.000	      0.000	      0.000	
 06/03-14:40	2590.800	2592.800	2590.600	2592.600	           1851	    235.000	           	   2595.400	   2601.200	   2611.400	   2595.958	   2599.671	   2602.921	   2603.245	           	      0.000	      0.000	      0.000	      0.000	      0.000	      0.000	      0.000	      0.000	      0.000	      0.000	
 06/03-14:41	2592.400	2594.600	2592.400	2594.200	           2436	    236.000	           	   2595.400	   2601.200	   2611.400	   2595.667	   2599.579	   2602.794	   2603.250	           	      0.000	      0.000	      0.000	      0.000	      0.000	      0.000	      0.000	      0.000	      0.000	      0.000	
 06/03-14:42	2594.200	2594.400	2593.200	2594.000	           1339	    237.000	           	   2595.400	   2601.200	   2611.400	   2595.383	   2599.413	   2602.658	   2603.253	           	      0.000	      0.000	      0.000	      0.000	      0.000	      0.000	      0.000	      0.000	      0.000	      0.000	
 06/03-14:43	2593.800	2594.400	2593.200	2594.000	           1003	    238.000	           	   2595.400	   2601.200	   2611.400	   2595.083	   2599.271	   2602.540	   2603.255	           	      0.000	      0.000	      0.000	      0.000	      0.000	      0.000	      0.000	      0.000	      0.000	      0.000	
 06/03-14:44	2594.000	2595.600	2593.800	2595.000	           2955	    239.000	           	   2595.400	   2601.200	   2611.400	   2594.883	   2599.146	   2602.402	   2603.259	           	      0.000	      0.000	      0.000	      0.000	      0.000	      0.000	      0.000	      0.000	      0.000	      0.000	
 06/03-14:45	2595.000	2597.200	2594.800	2595.800	           4665	    240.000	           	   2595.400	   2601.200	   2611.400	   2594.750	   2599.042	   2602.271	   2603.262	           	      0.000	      0.000	      0.000	      0.000	      0.000	      0.000	      0.000	      0.000	      0.000	      0.000	
 06/03-14:46	2594.800	2596.200	2594.400	2596.200	           1660	    241.000	           	   2595.400	   2601.200	   2611.400	   2594.708	   2598.929	   2602.146	   2603.270	           	      0.000	      0.000	      0.000	      0.000	      0.000	      0.000	      0.000	      0.000	      0.000	      0.000	
 06/03-14:47	2596.000	2596.600	2595.000	2596.000	           1667	    242.000	           	   2595.400	   2601.200	   2611.400	   2594.608	   2598.788	   2602.042	   2603.273	           	      0.000	      0.000	      0.000	      0.000	      0.000	      0.000	      0.000	      0.000	      0.000	      0.000	
 06/03-14:48	2596.200	2596.200	2595.000	2596.000	           1418	    243.000	           	   2595.400	   2601.200	   2611.400	   2594.550	   2598.658	   2601.931	   2603.272	           	      0.000	      0.000	      0.000	      0.000	      0.000	      0.000	      0.000	      0.000	      0.000	      0.000	
 06/03-14:49	2596.200	2596.400	2595.600	2595.600	           1034	    244.000	           	   2595.400	   2601.200	   2611.400	   2594.500	   2598.542	   2601.821	   2603.268	           	      0.000	      0.000	      0.000	      0.000	      0.000	      0.000	      0.000	      0.000	      0.000	      0.000	
 06/03-14:50	2596.000	2596.000	2594.800	2595.600	           1573	    245.000	           	   2595.400	   2601.200	   2611.400	   2594.475	   2598.433	   2601.708	   2603.256	           	      0.000	      0.000	      0.000	      0.000	      0.000	      0.000	      0.000	      0.000	      0.000	      0.000	
 06/03-14:51	2596.000	2596.000	2595.000	2595.800	           1262	    246.000	           	   2595.400	   2601.200	   2611.400	   2594.492	   2598.317	   2601.590	   2603.246	           	      0.000	      0.000	      0.000	      0.000	      0.000	      0.000	      0.000	      0.000	      0.000	      0.000	
 06/03-14:52	2595.400	2596.000	2595.000	2595.200	           1195	    247.000	           	   2595.400	   2601.200	   2611.400	   2594.467	   2598.179	   2601.462	   2603.234	           	      0.000	      0.000	      0.000	      0.000	      0.000	      0.000	      0.000	      0.000	      0.000	      0.000	
 06/03-14:53	2595.200	2595.600	2595.000	2595.600	            897	    248.000	           	   2595.400	   2601.200	   2611.400	   2594.417	   2598.033	   2601.346	   2603.219	           	      0.000	      0.000	      0.000	      0.000	      0.000	      0.000	      0.000	      0.000	      0.000	      0.000	
 06/03-14:54	2595.400	2597.600	2595.400	2597.600	           2710	    249.000	           	   2595.400	   2601.200	   2611.400	   2594.442	   2597.954	   2601.258	   2603.208	           	      0.000	      0.000	      0.000	      0.000	      0.000	      0.000	      0.000	      0.000	      0.000	      0.000	
 06/03-14:55	2597.800	2599.400	2597.800	2598.600	           3596	    250.000	           	   2595.400	   2601.200	   2611.400	   2594.475	   2597.875	   2601.185	   2603.203	           	      0.000	      0.000	      0.000	      0.000	      0.000	      0.000	      0.000	      0.000	      0.000	      0.000	
 06/03-14:56	2598.800	2598.800	2597.600	2597.600	           1770	    251.000	   2597.600	   2595.400	   2601.200	   2611.400	   2594.550	   2597.750	   2601.108	   2603.165	           	      0.000	      0.000	      0.000	      0.000	      0.000	      0.000	      0.000	      0.000	      0.000	      0.000	
 06/03-14:57	2597.600	2598.000	2596.400	2596.400	           1452	    252.000	   2597.600	   2595.400	   2601.200	   2611.400	   2594.592	   2597.604	   2601.033	   2603.128	           	      0.000	      0.000	      0.000	      0.000	      0.000	      0.000	      0.000	      0.000	      0.000	      0.000	
 06/03-14:58	2596.600	2597.200	2596.400	2596.800	            941	    253.000	   2597.600	   2595.400	   2601.200	   2611.400	   2594.675	   2597.462	   2600.962	   2603.093	           	      0.000	      0.000	      0.000	      0.000	      0.000	      0.000	      0.000	      0.000	      0.000	      0.000	
 06/03-14:59	2597.000	2597.600	2596.600	2597.400	            878	    254.000	   2597.600	   2595.400	   2601.200	   2611.400	   2594.750	   2597.342	   2600.881	   2603.061	           	      0.000	      0.000	      0.000	      0.000	      0.000	      0.000	      0.000	      0.000	      0.000	      0.000	
 06/03-15:00	2597.600	2597.600	2596.200	2597.600	           1459	    255.000	   2597.600	   2595.400	   2601.200	   2611.400	   2594.883	   2597.217	   2600.802	   2603.029	           	      0.000	      0.000	      0.000	      0.000	      0.000	      0.000	      0.000	      0.000	      0.000	      0.000	
 06/03-15:01	2597.600	2599.400	2597.400	2598.800	           2828	    256.000	   2597.600	   2595.400	   2601.200	   2611.400	   2595.142	   2597.137	   2600.731	   2603.002	           	      0.000	      0.000	      0.000	      0.000	      0.000	      0.000	      0.000	      0.000	      0.000	      0.000	
 06/03-15:02	2598.800	2599.200	2598.000	2599.200	           1470	    257.000	   2597.600	   2595.400	   2601.200	   2611.400	   2595.383	   2597.079	   2600.652	   2602.984	           	      0.000	      0.000	      0.000	      0.000	      0.000	      0.000	      0.000	      0.000	      0.000	      0.000	
 06/03-15:03	2599.200	2599.800	2598.600	2599.800	           1357	    258.000	   2597.600	   2595.400	   2601.200	   2611.400	   2595.575	   2597.033	   2600.565	   2602.966	           	      0.000	      0.000	      0.000	      0.000	      0.000	      0.000	      0.000	      0.000	      0.000	      0.000	
 06/03-15:04	2599.800	2599.800	2598.800	2599.000	           1792	    259.000	   2597.600	   2595.400	   2601.200	   2611.400	   2595.733	   2596.954	   2600.473	   2602.946	           	      0.000	      0.000	      0.000	      0.000	      0.000	      0.000	      0.000	      0.000	      0.000	      0.000	
 06/03-15:05	2599.000	2599.400	2598.800	2599.000	           1247	    260.000	   2597.600	   2595.400	   2601.200	   2611.400	   2595.925	   2596.854	   2600.390	   2602.924	           	      0.000	      0.000	      0.000	      0.000	      0.000	      0.000	      0.000	      0.000	      0.000	      0.000	
 06/03-15:06	2599.000	2599.400	2597.800	2598.600	           1716	    261.000	   2597.600	   2595.400	   2601.200	   2611.400	   2596.133	   2596.758	   2600.323	   2602.902	           	      0.000	      0.000	      0.000	      0.000	      0.000	      0.000	      0.000	      0.000	      0.000	      0.000	
 06/03-15:07	2598.200	2599.000	2598.000	2598.200	            839	    262.000	   2597.600	   2595.400	   2601.200	   2611.400	   2596.333	   2596.667	   2600.265	   2602.873	           	      0.000	      0.000	      0.000	      0.000	      0.000	      0.000	      0.000	      0.000	      0.000	      0.000	
 06/03-15:08	2598.400	2598.600	2597.600	2598.400	           1048	    263.000	   2597.600	   2595.400	   2601.200	   2611.400	   2596.525	   2596.596	   2600.204	   2602.851	           	      0.000	      0.000	      0.000	      0.000	      0.000	      0.000	      0.000	      0.000	      0.000	      0.000	
 06/03-15:09	2598.200	2598.600	2597.600	2598.000	           1020	    264.000	   2597.600	   2595.400	   2601.200	   2611.400	   2596.750	   2596.525	   2600.142	   2602.834	           	      0.000	      0.000	      0.000	      0.000	      0.000	      0.000	      0.000	      0.000	      0.000	      0.000	
 06/03-15:10	2598.200	2598.400	2597.800	2598.000	            652	    265.000	   2597.600	   2595.400	   2601.200	   2611.400	   2596.933	   2596.446	   2600.094	   2602.817	           	      0.000	      0.000	      0.000	      0.000	      0.000	      0.000	      0.000	      0.000	      0.000	      0.000	
 06/03-15:11	2598.200	2598.200	2596.600	2597.400	           1851	    266.000	   2597.600	   2595.400	   2601.200	   2611.400	   2597.042	   2596.354	   2600.025	   2602.794	           	      0.000	      0.000	      0.000	      0.000	      0.000	      0.000	      0.000	      0.000	      0.000	      0.000	
 06/03-15:12	2597.200	2597.400	2596.200	2596.800	           1225	    267.000	   2597.600	   2595.400	   2601.200	   2611.400	   2597.133	   2596.258	   2599.935	   2602.776	           	      0.000	      0.000	      0.000	      0.000	      0.000	      0.000	      0.000	      0.000	      0.000	      0.000	
 06/03-15:13	2596.600	2596.800	2596.200	2596.200	           1010	    268.000	   2597.600	   2595.400	   2601.200	   2611.400	   2597.208	   2596.146	   2599.835	   2602.749	           	      0.000	      0.000	      0.000	      0.000	      0.000	      0.000	      0.000	      0.000	      0.000	      0.000	
 06/03-15:14	2596.400	2597.400	2596.000	2597.000	           1811	    269.000	   2597.600	   2595.400	   2601.200	   2611.400	   2597.275	   2596.079	   2599.740	   2602.715	           	      0.000	      0.000	      0.000	      0.000	      0.000	      0.000	      0.000	      0.000	      0.000	      0.000	
 06/03-15:15	2597.200	2597.400	2596.600	2597.000	           2597	    270.000	   2597.600	   2595.400	   2601.200	   2611.400	   2597.317	   2596.033	   2599.642	   2602.673	           	      0.000	      0.000	      0.000	      0.000	      0.000	      0.000	      0.000	      0.000	      0.000	      0.000	