 09/16-09:16	2505.800	2507.200	2503.000	2503.200	           6699	      1.000	   2493.500	   2493.867	   2491.662	           	           	      0.373	      0.223	      0.252	      0.000	
 09/16-09:17	2503.200	2503.400	2502.000	2503.200	           2106	      2.000	   2493.907	   2494.054	   2491.800	           	           	      0.407	      0.187	      0.295	      0.000	
 09/16-09:18	2503.600	2504.600	2503.000	2504.400	           1292	      3.000	   2494.300	   2494.246	   2491.957	           	           	      0.393	      0.193	      0.295	      0.000	
 09/16-09:19	2504.200	2506.200	2504.200	2505.000	           1839	      4.000	   2494.733	   2494.420	   2492.115	           	           	      0.433	      0.173	      0.315	      0.000	
 09/16-09:20	2505.000	2505.200	2503.200	2503.600	           1217	      5.000	   2495.141	   2494.617	   2492.249	           	           	      0.407	      0.197	      0.292	      0.000	
 09/16-09:21	2503.400	2504.200	2502.600	2504.200	           1337	      6.000	   2495.520	   2494.833	   2492.398	           	           	      0.379	      0.216	      0.283	      0.000	
 09/16-09:22	2504.000	2506.000	2504.000	2505.000	           1490	      7.000	   2495.953	   2495.043	   2492.545	           	           	      0.433	      0.210	      0.296	      0.000	
 09/16-09:23	2505.000	2509.000	2504.800	2506.000	           2777	      8.000	   2496.433	   2495.270	   2492.673	           	           	      0.480	      0.227	      0.275	      0.000	
 09/16-09:24	2506.000	2506.400	2505.000	2505.800	           1577	      9.000	   2496.894	   2495.473	   2492.797	           	           	      0.460	      0.203	      0.252	      0.000	
 09/16-09:25	2506.200	2509.000	2506.000	2509.000	           2169	     10.000	   2497.474	   2495.714	   2492.928	           	           	      0.580	      0.240	      0.255	      0.000	
 09/16-09:26	2509.000	2509.400	2507.200	2507.400	           2445	     11.000	   2498.040	   2495.913	   2493.050	           	           	      0.566	      0.199	      0.253	      0.000	
 09/16-09:27	2507.200	2508.800	2506.400	2508.600	           1515	     12.000	   2498.607	   2496.150	   2493.187	           	           	      0.568	      0.237	      0.258	      0.000	
 09/16-09:28	2508.600	2508.800	2506.200	2507.000	           1300	     13.000	   2499.121	   2496.360	   2493.312	           	           	      0.514	      0.210	      0.262	      0.000	
 09/16-09:29	2507.000	2508.000	2506.800	2507.400	           1049	     14.000	   2499.667	   2496.583	   2493.443	           	           	      0.546	      0.223	      0.256	      0.000	
 09/16-09:30	2507.600	2508.000	2505.400	2506.600	           1674	     15.000	   2500.147	   2496.787	   2493.582	           	           	      0.480	      0.204	      0.270	      0.000	
 09/16-09:31	2506.600	2507.000	2504.800	2507.000	           1871	     16.000	   2500.614	   2496.947	   2493.723	           	           	      0.467	      0.160	      0.280	      0.000	
 09/16-09:32	2507.000	2507.000	2503.800	2503.800	           2088	     17.000	   2500.973	   2497.043	   2493.830	           	           	      0.359	      0.096	      0.248	      0.000	
 09/16-09:33	2503.600	2506.000	2503.000	2505.200	           2608	     18.000	   2501.354	   2497.164	   2493.952	           	           	      0.381	      0.120	      0.228	      0.000	
 09/16-09:34	2505.200	2505.400	2502.200	2503.800	           2435	     19.000	   2501.726	   2497.263	   2494.072	           	           	      0.372	      0.099	      0.242	      0.000	
 09/16-09:35	2504.400	2504.400	2502.200	2503.200	           2009	     20.000	   2502.047	   2497.370	   2494.175	           	           	      0.321	      0.107	      0.223	      0.000	
 09/16-09:36	2503.200	2503.400	2499.600	2501.000	           3723	     21.000	   2502.294	   2497.454	   2494.280	           	           	      0.247	      0.083	      0.208	      0.000	
 09/16-09:37	2501.000	2501.200	2499.600	2499.600	           2691	     22.000	   2502.460	   2497.537	   2494.365	           	           	      0.167	      0.083	      0.190	      0.000	
 09/16-09:38	2499.600	2500.000	2497.000	2500.000	           4445	     23.000	   2502.647	   2497.633	   2494.448	           	           	      0.187	      0.096	      0.168	      0.000	
 09/16-09:39	2500.200	2501.200	2499.600	2500.000	           2910	     24.000	   2502.807	   2497.740	   2494.520	           	           	      0.160	      0.107	      0.155	      0.000	
 09/16-09:40	2500.200	2501.600	2498.800	2501.600	           2589	     25.000	   2503.047	   2497.870	   2494.602	           	           	      0.240	      0.130	      0.153	      0.000	
 09/16-09:41	2501.400	2502.000	2499.400	2499.600	           1831	     26.000	   2503.226	   2497.973	   2494.658	           	           	      0.179	      0.104	      0.138	      0.000	
 09/16-09:42	2500.000	2500.200	2495.800	2497.000	           3042	     27.000	   2503.300	   2498.046	   2494.690	           	           	      0.074	      0.073	      0.088	      0.000	
 09/16-09:43	2497.200	2497.800	2495.000	2495.000	           2876	     28.000	   2503.240	   2498.063	   2494.728	           	           	     -0.061	      0.017	      0.070	      0.000	
 09/16-09:44	2495.000	2497.400	2494.800	2497.000	           3002	     29.000	   2503.247	   2498.133	   2494.785	           	           	      0.007	      0.070	      0.095	      0.000	
 09/16-09:45	2497.000	2499.000	2495.400	2497.800	           2839	     30.000	   2503.267	   2498.197	   2494.850	           	           	      0.020	      0.063	      0.122	      0.000	
 09/16-09:46	2497.800	2498.800	2497.800	2498.400	           1869	     31.000	   2503.107	   2498.304	   2494.918	           	           	     -0.159	      0.107	      0.134	      0.000	
 09/16-09:47	2498.800	2498.800	2496.200	2497.200	           1701	     32.000	   2502.906	   2498.407	   2494.980	           	           	     -0.201	      0.103	      0.130	      0.000	
 09/16-09:48	2497.000	2497.800	2496.400	2497.400	            947	     33.000	   2502.674	   2498.487	   2495.040	           	           	     -0.232	      0.080	      0.122	      0.000	
 09/16-09:49	2497.400	2497.600	2495.000	2496.600	           1971	     34.000	   2502.394	   2498.563	   2495.105	           	           	     -0.280	      0.076	      0.125	      0.000	
 09/16-09:50	2496.200	2496.400	2494.200	2495.600	           2633	     35.000	   2502.126	   2498.633	   2495.167	           	           	     -0.268	      0.070	      0.127	      0.000	
 09/16-09:51	2495.800	2498.000	2495.000	2497.400	           2353	     36.000	   2501.900	   2498.710	   2495.247	           	           	     -0.226	      0.077	      0.142	      0.000	
 09/16-09:52	2497.600	2498.000	2495.000	2496.400	           2353	     37.000	   2501.614	   2498.783	   2495.318	           	           	     -0.286	      0.073	      0.152	      0.000	
 09/16-09:53	2495.600	2496.600	2494.200	2496.200	           1834	     38.000	   2501.286	   2498.860	   2495.375	           	           	     -0.327	      0.076	      0.128	      0.000	
 09/16-09:54	2496.400	2496.600	2494.400	2495.200	           1440	     39.000	   2500.933	   2498.914	   2495.430	           	           	     -0.353	      0.054	      0.112	      0.000	
 09/16-09:55	2495.600	2495.600	2493.000	2493.600	           2628	     40.000	   2500.420	   2498.947	   2495.478	           	           	     -0.514	      0.033	      0.103	      0.000	
 09/16-09:56	2493.800	2494.400	2492.400	2494.000	           2682	     41.000	   2499.974	   2499.007	   2495.517	           	           	     -0.446	      0.060	      0.086	      0.000	
 09/16-09:57	2494.200	2495.600	2493.200	2493.200	           2243	     42.000	   2499.459	   2499.033	   2495.550	           	           	     -0.514	      0.027	      0.072	      0.000	
 09/16-09:58	2493.000	2494.200	2492.600	2494.000	           1465	     43.000	   2499.026	   2499.073	   2495.600	           	           	     -0.433	      0.040	      0.083	      0.000	
 09/16-09:59	2493.800	2496.400	2493.000	2496.400	           2502	     44.000	   2498.660	   2499.164	   2495.680	           	           	     -0.366	      0.090	      0.130	      0.000	
 09/16-10:00	2496.200	2497.400	2495.600	2496.800	           2365	     45.000	   2498.333	   2499.240	   2495.769	           	           	     -0.327	      0.076	      0.168	      0.000	
 09/16-10:01	2496.600	2497.400	2496.000	2496.600	           1542	     46.000	   2497.987	   2499.300	   2495.867	           	           	     -0.347	      0.060	      0.187	      0.000	
 09/16-10:02	2496.400	2497.400	2496.200	2497.000	           1020	     47.000	   2497.760	   2499.367	   2495.963	           	           	     -0.226	      0.067	      0.195	      0.000	
 09/16-10:03	2496.800	2498.800	2496.600	2497.000	           2888	     48.000	   2497.487	   2499.420	   2496.052	           	           	     -0.274	      0.054	      0.185	      0.000	
 09/16-10:04	2496.800	2497.400	2495.400	2495.800	           1592	     49.000	   2497.220	   2499.473	   2496.140	           	           	     -0.267	      0.052	      0.177	      0.000	
 09/16-10:05	2495.800	2496.000	2492.200	2493.000	           3302	     50.000	   2496.879	   2499.463	   2496.183	           	           	     -0.341	     -0.010	      0.131	      0.000	
 09/16-10:06	2492.600	2493.000	2491.400	2492.200	           3043	     51.000	   2496.586	   2499.440	   2496.213	           	           	     -0.293	     -0.023	      0.073	      0.000	
 09/16-10:07	2492.000	2492.400	2490.800	2491.400	           2699	     52.000	   2496.313	   2499.387	   2496.233	           	           	     -0.273	     -0.053	      0.050	      0.000	
 09/16-10:08	2491.000	2491.000	2488.000	2489.200	           5235	     53.000	   2495.953	   2499.300	   2496.237	           	           	     -0.360	     -0.087	      0.023	      0.000	
 09/16-10:09	2489.600	2491.200	2489.000	2490.200	           1819	     54.000	   2495.626	   2499.217	   2496.247	           	           	     -0.327	     -0.083	      0.013	      0.000	
 09/16-10:10	2490.000	2491.200	2489.200	2489.200	           2269	     55.000	   2495.214	   2499.130	   2496.217	           	           	     -0.412	     -0.086	     -0.020	      0.000	
 09/16-10:11	2489.400	2490.000	2487.400	2489.000	           3081	     56.000	   2494.860	   2499.043	   2496.187	           	           	     -0.353	     -0.087	     -0.060	      0.000	
 09/16-10:12	2489.000	2489.200	2488.000	2489.000	           1369	     57.000	   2494.594	   2498.947	   2496.153	           	           	     -0.267	     -0.096	     -0.063	      0.000	
 09/16-10:13	2489.000	2490.400	2488.800	2489.800	           2097	     58.000	   2494.420	   2498.830	   2496.136	           	           	     -0.174	     -0.117	     -0.050	      0.000	
 09/16-10:14	2490.000	2491.000	2489.600	2489.800	           1305	     59.000	   2494.180	   2498.714	   2496.120	           	           	     -0.240	     -0.116	     -0.033	      0.000	
 09/16-10:15	2490.200	2490.400	2488.800	2490.000	           2123	     60.000	   2493.920	   2498.593	   2496.118	           	           	     -0.260	     -0.120	     -0.018	      0.000	
 09/16-10:16	2489.800	2490.400	2486.800	2487.200	           2529	     61.000	   2493.546	   2498.327	   2496.097	           	           	     -0.374	     -0.267	     -0.023	      0.000	
 09/16-10:17	2487.200	2488.400	2487.000	2487.000	           1720	     62.000	   2493.206	   2498.056	   2496.055	           	           	     -0.340	     -0.271	     -0.063	      0.000	
 09/16-10:18	2487.000	2487.600	2486.000	2487.400	           2525	     63.000	   2492.874	   2497.774	   2496.010	           	           	     -0.332	     -0.282	     -0.086	      0.000	
 09/16-10:19	2487.400	2488.000	2485.600	2486.800	           2003	     64.000	   2492.546	   2497.470	   2495.945	           	           	     -0.328	     -0.304	     -0.110	      0.000	
 09/16-10:20	2486.400	2486.600	2484.600	2485.000	           2935	     65.000	   2492.193	   2497.159	   2495.888	           	           	     -0.353	     -0.310	     -0.122	      0.000	
 09/16-10:21	2484.800	2486.600	2483.400	2486.400	           3020	     66.000	   2491.827	   2496.864	   2495.848	           	           	     -0.365	     -0.296	     -0.096	      0.000	
 09/16-10:22	2486.400	2487.600	2486.000	2486.600	           2572	     67.000	   2491.499	   2496.556	   2495.800	           	           	     -0.328	     -0.307	     -0.088	      0.000	
 09/16-10:23	2487.000	2487.600	2486.400	2486.600	           1198	     68.000	   2491.180	   2496.233	   2495.752	           	           	     -0.319	     -0.323	     -0.097	      0.000	
 09/16-10:24	2486.600	2486.600	2483.000	2483.800	           2736	     69.000	   2490.800	   2495.867	   2495.670	           	           	     -0.380	     -0.367	     -0.130	      0.000	
 09/16-10:25	2484.400	2485.000	2473.200	2476.800	          10228	     70.000	   2490.241	   2495.330	   2495.522	           	           	     -0.559	     -0.536	     -0.230	      0.000	
 09/16-10:26	2476.800	2478.800	2475.200	2478.000	           4795	     71.000	   2489.707	   2494.841	   2495.377	           	           	     -0.533	     -0.490	     -0.293	      0.000	
 09/16-10:27	2477.800	2479.400	2477.400	2479.200	           2393	     72.000	   2489.241	   2494.350	   2495.250	           	           	     -0.467	     -0.490	     -0.272	      0.000	
 09/16-10:28	2479.600	2479.600	2477.400	2477.600	           1976	     73.000	   2488.693	   2493.859	   2495.110	           	           	     -0.548	     -0.491	     -0.267	      0.000	
 09/16-10:29	2477.800	2479.800	2477.800	2478.200	           2236	     74.000	   2488.087	   2493.374	   2494.979	           	           	     -0.605	     -0.485	     -0.272	      0.000	
 09/16-10:30	2478.600	2479.800	2477.200	2479.600	           2627	     75.000	   2487.512	   2492.923	   2494.855	           	           	     -0.575	     -0.451	     -0.255	      0.000	
 09/16-10:31	2479.600	2483.000	2478.800	2482.600	           4237	     76.000	   2487.047	   2492.517	   2494.732	           	           	     -0.466	     -0.406	     -0.247	      0.000	
 09/16-10:32	2482.400	2483.800	2481.800	2482.000	           3111	     77.000	   2486.547	   2492.154	   2494.598	           	           	     -0.500	     -0.363	     -0.257	      0.000	
 09/16-10:33	2482.000	2482.800	2481.400	2481.400	           1387	     78.000	   2486.026	   2491.756	   2494.460	           	           	     -0.521	     -0.397	     -0.272	      0.000	
 09/16-10:34	2481.800	2482.600	2479.200	2479.200	           1707	     79.000	   2485.473	   2491.346	   2494.305	           	           	     -0.553	     -0.410	     -0.294	      0.000	
 09/16-10:35	2479.200	2481.000	2478.600	2479.800	           2072	     80.000	   2485.033	   2490.956	   2494.163	           	           	     -0.439	     -0.390	     -0.297	      0.000	
 09/16-10:36	2480.000	2480.600	2478.600	2478.600	           1107	     81.000	   2484.580	   2490.583	   2494.019	           	           	     -0.453	     -0.373	     -0.286	      0.000	
 09/16-10:37	2478.600	2481.400	2478.600	2479.000	           1794	     82.000	   2484.167	   2490.240	   2493.888	           	           	     -0.414	     -0.343	     -0.275	      0.000	
 09/16-10:38	2479.000	2481.000	2479.000	2480.600	           1253	     83.000	   2483.879	   2489.916	   2493.775	           	           	     -0.288	     -0.324	     -0.244	      0.000	
 09/16-10:39	2480.400	2481.000	2479.200	2480.800	           1044	     84.000	   2483.567	   2489.596	   2493.668	           	           	     -0.313	     -0.320	     -0.220	      0.000	
 09/16-10:40	2481.000	2481.200	2478.600	2480.200	           1697	     85.000	   2483.266	   2489.240	   2493.555	           	           	     -0.301	     -0.357	     -0.220	      0.000	
 09/16-10:41	2480.000	2481.400	2477.600	2479.200	           1925	     86.000	   2482.941	   2488.901	   2493.437	           	           	     -0.325	     -0.339	     -0.231	      0.000	
 09/16-10:42	2479.200	2480.000	2477.200	2478.000	           2169	     87.000	   2482.574	   2488.584	   2493.315	           	           	     -0.367	     -0.317	     -0.240	      0.000	
 09/16-10:43	2478.000	2478.600	2475.200	2476.800	           3087	     88.000	   2482.140	   2488.280	   2493.171	           	           	     -0.434	     -0.304	     -0.266	      0.000	
 09/16-10:44	2476.600	2477.800	2475.400	2476.000	           2068	     89.000	   2481.679	   2487.930	   2493.031	           	           	     -0.460	     -0.350	     -0.284	      0.000	
 09/16-10:45	2476.400	2476.600	2475.000	2476.600	           2375	     90.000	   2481.233	   2487.577	   2492.887	           	           	     -0.446	     -0.353	     -0.285	      0.000	
 09/16-10:46	2476.400	2480.600	2476.400	2480.000	           4141	     91.000	   2480.994	   2487.270	   2492.787	           	           	     -0.240	     -0.307	     -0.245	      0.000	
 09/16-10:47	2480.000	2480.600	2478.800	2479.800	           1895	     92.000	   2480.754	   2486.980	   2492.694	           	           	     -0.240	     -0.290	     -0.193	      0.000	
 09/16-10:48	2479.800	2480.400	2479.200	2479.400	           1142	     93.000	   2480.485	   2486.680	   2492.583	           	           	     -0.269	     -0.301	     -0.203	      0.000	
 09/16-10:49	2479.400	2480.000	2477.000	2477.400	           1737	     94.000	   2480.175	   2486.360	   2492.462	           	           	     -0.310	     -0.319	     -0.232	      0.000	
 09/16-10:50	2477.200	2483.200	2477.200	2483.200	           4130	     95.000	   2480.115	   2486.154	   2492.394	           	           	     -0.061	     -0.207	     -0.190	      0.000	
 09/16-10:51	2483.000	2485.000	2482.400	2483.400	           4817	     96.000	   2480.012	   2485.920	   2492.315	           	           	     -0.102	     -0.234	     -0.147	      0.000	
 09/16-10:52	2483.400	2484.000	2483.000	2483.600	           1622	     97.000	   2479.915	   2485.707	   2492.245	           	           	     -0.098	     -0.213	     -0.148	      0.000	
 09/16-10:53	2483.800	2484.200	2483.000	2483.200	           1684	     98.000	   2479.800	   2485.490	   2492.175	           	           	     -0.115	     -0.217	     -0.140	      0.000	
 09/16-10:54	2483.200	2483.400	2481.800	2482.400	           2080	     99.000	   2479.752	   2485.276	   2492.095	           	           	     -0.048	     -0.214	     -0.150	      0.000	
 09/16-10:55	2482.400	2484.000	2482.000	2482.000	           1614	    100.000	   2479.925	   2485.083	   2492.015	   2491.325	           	      0.173	     -0.193	     -0.160	      0.000	
 09/16-10:56	2482.000	2482.200	2481.000	2481.200	           1345	    101.000	   2480.033	   2484.870	   2491.938	   2491.262	           	      0.108	     -0.212	     -0.156	      0.000	
 09/16-10:57	2481.000	2481.800	2480.600	2481.200	           1072	    102.000	   2480.100	   2484.670	   2491.852	   2491.204	           	      0.067	     -0.200	     -0.163	      0.000	
 09/16-10:58	2481.400	2481.600	2478.800	2479.400	           2031	    103.000	   2480.160	   2484.427	   2491.750	   2491.140	           	      0.060	     -0.244	     -0.188	      0.000	
 09/16-10:59	2479.200	2479.800	2478.600	2479.200	           2109	    104.000	   2480.192	   2484.140	   2491.652	   2491.081	           	      0.031	     -0.287	     -0.200	      0.000	
 09/16-11:00	2479.200	2479.800	2478.400	2479.200	           1599	    105.000	   2480.181	   2483.847	   2491.543	   2491.027	           	     -0.010	     -0.293	     -0.207	      0.000	
 09/16-11:01	2479.400	2479.600	2477.800	2479.000	           2130	    106.000	   2480.060	   2483.554	   2491.427	   2490.972	           	     -0.121	     -0.293	     -0.225	      0.000	
 09/16-11:02	2479.000	2481.600	2478.600	2481.200	           2364	    107.000	   2480.033	   2483.290	   2491.328	   2490.929	           	     -0.027	     -0.264	     -0.215	      0.000	
 09/16-11:03	2481.200	2482.600	2479.400	2479.600	           2017	    108.000	   2479.973	   2483.000	   2491.210	   2490.891	           	     -0.061	     -0.291	     -0.217	      0.000	
 09/16-11:04	2479.600	2479.800	2477.800	2478.200	           2073	    109.000	   2479.942	   2482.707	   2491.090	   2490.856	           	     -0.031	     -0.292	     -0.238	      0.000	
 09/16-11:05	2478.000	2478.600	2476.000	2476.600	           2583	    110.000	   2479.833	   2482.433	   2490.948	   2490.819	           	     -0.108	     -0.274	     -0.262	      0.000	
 09/16-11:06	2476.600	2477.000	2471.600	2477.000	           7112	    111.000	   2479.779	   2482.180	   2490.810	   2490.785	           	     -0.054	     -0.254	     -0.280	      0.000	
 09/16-11:07	2476.600	2479.000	2476.600	2477.600	           3037	    112.000	   2479.733	   2481.950	   2490.668	   2490.759	           	     -0.046	     -0.230	     -0.280	      0.000	
 09/16-11:08	2477.800	2478.800	2477.400	2477.600	           1445	    113.000	   2479.633	   2481.756	   2490.528	   2490.715	           	     -0.100	     -0.194	     -0.282	      0.000	
 09/16-11:09	2477.600	2478.600	2477.000	2477.800	           1199	    114.000	   2479.533	   2481.550	   2490.383	   2490.665	           	     -0.100	     -0.206	     -0.285	      0.000	
 09/16-11:10	2478.000	2478.000	2475.600	2476.800	           1622	    115.000	   2479.421	   2481.343	   2490.237	   2490.612	           	     -0.113	     -0.207	     -0.291	      0.000	
 09/16-11:11	2476.800	2479.800	2476.800	2477.600	           2497	    116.000	   2479.367	   2481.154	   2490.098	   2490.563	           	     -0.054	     -0.190	     -0.285	      0.000	
 09/16-11:12	2478.000	2478.800	2476.200	2476.800	           1058	    117.000	   2479.325	   2480.949	   2489.948	   2490.518	           	     -0.042	     -0.204	     -0.289	      0.000	
 09/16-11:13	2477.000	2477.400	2475.000	2475.200	           1923	    118.000	   2479.275	   2480.707	   2489.769	   2490.467	           	     -0.050	     -0.242	     -0.330	      0.000	
 09/16-11:14	2475.000	2475.800	2472.600	2475.000	           3669	    119.000	   2479.242	   2480.460	   2489.587	   2490.412	           	     -0.033	     -0.247	     -0.361	      0.000	
 09/16-11:15	2475.200	2475.800	2473.800	2474.800	           1883	    120.000	   2479.179	   2480.206	   2489.400	   2490.357	           	     -0.063	     -0.254	     -0.369	      0.000	
 09/16-11:16	2474.600	2475.000	2472.800	2472.800	           2320	    121.000	   2478.940	   2479.967	   2489.147	   2490.299	           	     -0.240	     -0.240	     -0.440	      0.000	
 09/16-11:17	2472.800	2477.000	2471.000	2476.400	           4936	    122.000	   2478.827	   2479.791	   2488.923	   2490.252	           	     -0.113	     -0.176	     -0.476	      0.000	
 09/16-11:18	2476.800	2478.000	2476.600	2478.000	           2207	    123.000	   2478.781	   2479.633	   2488.704	   2490.207	           	     -0.046	     -0.157	     -0.443	      0.000	
 09/16-11:19	2477.800	2478.000	2476.000	2477.800	           1912	    124.000	   2478.792	   2479.483	   2488.477	   2490.159	           	      0.010	     -0.150	     -0.447	      0.000	
 09/16-11:20	2478.000	2478.200	2477.000	2477.800	           1224	    125.000	   2478.613	   2479.364	   2488.261	   2490.122	           	     -0.179	     -0.120	     -0.442	      0.000	
 09/16-11:21	2478.000	2478.400	2476.200	2478.400	           1515	    126.000	   2478.448	   2479.230	   2488.047	   2490.083	           	     -0.165	     -0.133	     -0.430	      0.000	
 09/16-11:22	2478.400	2481.000	2478.200	2481.000	           3325	    127.000	   2478.360	   2479.137	   2487.847	   2490.049	           	     -0.088	     -0.093	     -0.415	      0.000	
 09/16-11:23	2481.400	2482.000	2480.200	2480.600	           2788	    128.000	   2478.273	   2479.036	   2487.635	   2490.020	           	     -0.087	     -0.101	     -0.412	      0.000	
 09/16-11:24	2480.600	2481.600	2480.000	2480.400	           1822	    129.000	   2478.208	   2478.980	   2487.423	   2489.990	           	     -0.065	     -0.056	     -0.424	      0.000	
 09/16-11:25	2480.200	2481.600	2480.000	2480.800	           1446	    130.000	   2478.167	   2479.046	   2487.188	   2489.970	           	     -0.042	      0.066	     -0.447	      0.000	
 09/16-11:26	2480.600	2481.200	2479.600	2481.000	           1400	    131.000	   2478.158	   2479.096	   2486.968	   2489.957	           	     -0.008	      0.050	     -0.455	      0.000	
 09/16-11:27	2481.000	2481.400	2479.600	2480.000	           1155	    132.000	   2478.119	   2479.109	   2486.730	   2489.930	           	     -0.040	      0.013	     -0.458	      0.000	
 09/16-11:28	2480.000	2480.400	2478.000	2478.800	           1731	    133.000	   2478.100	   2479.130	   2486.495	   2489.903	           	     -0.019	      0.021	     -0.473	      0.000	
 09/16-11:29	2478.800	2480.400	2478.600	2480.000	            971	    134.000	   2478.127	   2479.159	   2486.267	   2489.879	           	      0.027	      0.029	     -0.463	      0.000	
 09/16-11:30	2479.600	2481.800	2479.600	2481.800	           1257	    135.000	   2478.212	   2479.197	   2486.060	   2489.856	           	      0.085	      0.037	     -0.435	      0.000	
 09/16-13:01	2481.400	2481.600	2480.000	2480.200	           1265	    136.000	   2478.252	   2479.156	   2485.836	   2489.832	           	      0.040	     -0.041	     -0.430	      0.000	
 09/16-13:02	2480.200	2483.200	2480.000	2482.200	           2105	    137.000	   2478.285	   2479.159	   2485.656	   2489.811	           	      0.033	      0.003	     -0.403	      0.000	
 09/16-13:03	2482.200	2484.000	2481.800	2483.800	           2705	    138.000	   2478.427	   2479.200	   2485.478	   2489.784	           	      0.142	      0.041	     -0.358	      0.000	
 09/16-13:04	2483.800	2484.600	2483.400	2483.800	           2010	    139.000	   2478.613	   2479.277	   2485.312	   2489.755	           	      0.186	      0.077	     -0.345	      0.000	
 09/16-13:05	2484.000	2484.200	2483.400	2483.800	           1706	    140.000	   2478.854	   2479.344	   2485.150	   2489.718	           	      0.242	      0.067	     -0.328	      0.000	
 09/16-13:06	2483.800	2484.000	2482.600	2482.600	           1177	    141.000	   2479.040	   2479.409	   2484.996	   2489.677	           	      0.185	      0.066	     -0.315	      0.000	
 09/16-13:07	2482.400	2483.200	2482.200	2483.200	           1036	    142.000	   2479.227	   2479.480	   2484.860	   2489.641	           	      0.188	      0.071	     -0.290	      0.000	
 09/16-13:08	2483.200	2487.000	2482.800	2486.600	           5174	    143.000	   2479.527	   2479.580	   2484.748	   2489.619	           	      0.300	      0.100	     -0.248	      0.000	
 09/16-13:09	2486.600	2488.000	2486.000	2487.200	           3679	    144.000	   2479.840	   2479.687	   2484.641	   2489.602	           	      0.313	      0.106	     -0.219	      0.000	
 09/16-13:10	2487.000	2488.000	2486.400	2488.000	           2420	    145.000	   2480.212	   2479.817	   2484.528	   2489.594	           	      0.373	      0.130	     -0.220	      0.000	
 09/16-13:11	2488.200	2488.800	2487.400	2487.400	           3148	    146.000	   2480.540	   2479.953	   2484.427	   2489.583	           	      0.327	      0.136	     -0.215	      0.000	
 09/16-13:12	2487.600	2487.800	2486.800	2486.800	           1628	    147.000	   2480.875	   2480.100	   2484.342	   2489.566	           	      0.335	      0.147	     -0.186	      0.000	
 09/16-13:13	2487.000	2487.400	2486.400	2487.000	           1709	    148.000	   2481.267	   2480.271	   2484.275	   2489.552	           	      0.392	      0.171	     -0.152	      0.000	
 09/16-13:14	2486.600	2487.600	2486.400	2487.000	           1482	    149.000	   2481.667	   2480.454	   2484.192	   2489.542	           	      0.400	      0.183	     -0.150	      0.000	
 09/16-13:15	2487.000	2487.200	2485.600	2486.200	           2117	    150.000	   2482.048	   2480.614	   2484.095	   2489.524	           	      0.381	      0.159	     -0.180	      0.000	
 09/16-13:16	2486.200	2486.600	2485.000	2485.200	           1893	    151.000	   2482.460	   2480.700	   2483.985	   2489.511	           	      0.413	      0.086	     -0.207	      0.000	
 09/16-13:17	2485.000	2486.400	2485.000	2486.400	           1265	    152.000	   2482.792	   2480.809	   2483.895	   2489.499	           	      0.331	      0.109	     -0.200	      0.000	
 09/16-13:18	2486.200	2487.400	2485.600	2485.600	           1406	    153.000	   2483.046	   2480.914	   2483.797	   2489.482	           	      0.254	      0.104	     -0.188	      0.000	
 09/16-13:19	2485.600	2487.800	2485.000	2487.800	           1759	    154.000	   2483.381	   2481.086	   2483.723	   2489.467	           	      0.335	      0.173	     -0.171	      0.000	
 09/16-13:20	2487.800	2488.400	2486.800	2487.400	           2514	    155.000	   2483.700	   2481.156	   2483.655	   2489.449	           	      0.319	      0.070	     -0.142	      0.000	
 09/16-13:21	2487.400	2488.600	2487.200	2488.000	           1296	    156.000	   2484.019	   2481.233	   2483.577	   2489.430	           	      0.319	      0.077	     -0.147	      0.000	
 09/16-13:22	2488.000	2490.000	2487.800	2489.200	           3316	    157.000	   2484.292	   2481.326	   2483.516	   2489.414	           	      0.273	      0.093	     -0.139	      0.000	
 09/16-13:23	2489.400	2490.600	2488.800	2489.400	           2083	    158.000	   2484.587	   2481.430	   2483.460	   2489.410	           	      0.296	      0.104	     -0.116	      0.000	
 09/16-13:24	2489.600	2489.600	2488.600	2488.800	           1540	    159.000	   2484.867	   2481.538	   2483.407	   2489.405	           	      0.279	      0.107	     -0.110	      0.000	
 09/16-13:25	2489.000	2492.400	2488.800	2492.200	           3351	    160.000	   2485.248	   2481.707	   2483.395	   2489.414	           	      0.381	      0.170	     -0.065	      0.000	
 09/16-13:26	2492.200	2494.000	2492.000	2493.000	           4774	    161.000	   2485.648	   2481.903	   2483.387	   2489.425	           	      0.400	      0.196	     -0.020	      0.000	
 09/16-13:27	2493.600	2495.600	2493.000	2495.600	           3827	    162.000	   2486.167	   2482.143	   2483.406	   2489.448	           	      0.519	      0.240	      0.011	      0.000	
 09/16-13:28	2495.600	2495.600	2493.200	2493.400	           2690	    163.000	   2486.654	   2482.377	   2483.402	   2489.461	           	      0.487	      0.234	      0.015	      0.000	
 09/16-13:29	2493.800	2496.000	2492.800	2496.000	           3059	    164.000	   2487.188	   2482.657	   2483.398	   2489.490	           	      0.533	      0.280	     -0.008	      0.000	
 09/16-13:30	2495.800	2496.800	2494.200	2494.400	           3919	    165.000	   2487.606	   2482.909	   2483.378	   2489.514	           	      0.419	      0.252	     -0.024	      0.000	
 09/16-13:31	2494.400	2494.400	2492.600	2492.600	           2685	    166.000	   2488.021	   2483.136	   2483.345	   2489.534	           	      0.415	      0.227	     -0.053	      0.000	
 09/16-13:32	2493.000	2493.000	2491.400	2492.600	           2682	    167.000	   2488.367	   2483.326	   2483.308	   2489.553	           	      0.346	      0.189	     -0.070	      0.000	
 09/16-13:33	2492.200	2496.000	2492.200	2495.400	           2924	    168.000	   2488.754	   2483.591	   2483.295	   2489.577	           	      0.387	      0.265	     -0.050	      0.000	
 09/16-13:34	2495.400	2495.800	2494.400	2495.000	           2076	    169.000	   2489.127	   2483.870	   2483.289	   2489.603	           	      0.373	      0.279	     -0.020	      0.000	
 09/16-13:35	2494.800	2495.200	2492.200	2492.600	           2303	    170.000	   2489.419	   2484.136	   2483.285	   2489.622	           	      0.292	      0.267	     -0.010	      0.000	
 09/16-13:36	2492.400	2494.400	2491.600	2494.400	           2502	    171.000	   2489.815	   2484.427	   2483.303	   2489.642	           	      0.396	      0.291	      0.015	      0.000	
 09/16-13:37	2494.400	2497.600	2494.400	2496.600	           4917	    172.000	   2490.258	   2484.743	   2483.346	   2489.671	           	      0.444	      0.316	      0.062	      0.000	
 09/16-13:38	2496.400	2497.800	2495.600	2495.600	           2737	    173.000	   2490.560	   2485.044	   2483.400	   2489.702	           	      0.302	      0.301	      0.096	      0.000	
 09/16-13:39	2495.400	2495.400	2493.000	2493.800	           3490	    174.000	   2490.781	   2485.310	   2483.430	   2489.730	           	      0.221	      0.267	      0.084	      0.000	
 09/16-13:40	2493.800	2495.200	2492.600	2492.600	           2731	    175.000	   2490.933	   2485.573	   2483.458	   2489.755	           	      0.152	      0.263	      0.058	      0.000	
 09/16-13:41	2492.600	2494.000	2492.000	2493.200	           2332	    176.000	   2491.127	   2485.833	   2483.493	   2489.789	           	      0.194	      0.260	      0.063	      0.000	
 09/16-13:42	2493.000	2495.600	2493.000	2494.600	           1840	    177.000	   2491.385	   2486.130	   2483.540	   2489.826	           	      0.258	      0.297	      0.082	      0.000	
 09/16-13:43	2494.600	2494.800	2492.000	2493.400	           1794	    178.000	   2491.600	   2486.433	   2483.570	   2489.854	           	      0.215	      0.303	      0.077	      0.000	
 09/16-13:44	2493.400	2496.400	2493.200	2494.200	           2672	    179.000	   2491.840	   2486.753	   2483.607	   2489.890	           	      0.240	      0.320	      0.067	      0.000	
 09/16-13:45	2494.000	2494.600	2492.400	2492.800	           1597	    180.000	   2492.060	   2487.054	   2483.630	   2489.910	           	      0.221	      0.301	      0.060	      0.000	
 09/16-13:46	2492.600	2493.000	2490.200	2490.800	           3710	    181.000	   2492.246	   2487.353	   2483.660	   2489.918	           	      0.186	      0.299	      0.053	      0.000	
 09/16-13:47	2490.800	2491.600	2490.000	2490.800	           2490	    182.000	   2492.394	   2487.593	   2483.692	   2489.926	           	      0.148	      0.240	      0.062	      0.000	
 09/16-13:48	2490.800	2491.400	2489.800	2489.800	           2018	    183.000	   2492.533	   2487.790	   2483.711	   2489.930	           	      0.140	      0.197	      0.052	      0.000	
 09/16-13:49	2489.600	2490.200	2488.400	2489.800	           3224	    184.000	   2492.600	   2487.991	   2483.737	   2489.933	           	      0.067	      0.201	      0.045	      0.000	
 09/16-13:50	2490.000	2491.600	2489.200	2491.000	           2272	    185.000	   2492.721	   2488.210	   2483.787	   2489.926	           	      0.121	      0.220	      0.075	      0.000	
 09/16-13:51	2491.200	2492.200	2490.800	2491.200	           1767	    186.000	   2492.827	   2488.423	   2483.827	   2489.920	           	      0.106	      0.212	      0.090	      0.000	
 09/16-13:52	2491.200	2491.600	2490.200	2490.400	           1355	    187.000	   2492.867	   2488.579	   2483.858	   2489.909	           	      0.040	      0.156	      0.072	      0.000	
 09/16-13:53	2490.200	2494.600	2490.200	2494.400	           3176	    188.000	   2493.033	   2488.810	   2483.923	   2489.920	           	      0.167	      0.231	      0.097	      0.000	
 09/16-13:54	2494.400	2494.600	2493.200	2494.600	           1726	    189.000	   2493.225	   2489.046	   2484.013	   2489.931	           	      0.192	      0.236	      0.155	      0.000	
 09/16-13:55	2494.800	2495.000	2493.200	2494.000	           1882	    190.000	   2493.285	   2489.267	   2484.156	   2489.946	           	      0.060	      0.221	      0.233	      0.000	
 09/16-13:56	2494.200	2495.400	2493.000	2494.000	           1591	    191.000	   2493.319	   2489.483	   2484.290	   2489.963	           	      0.033	      0.217	      0.277	      0.000	
 09/16-13:57	2494.000	2495.000	2493.200	2494.000	           1160	    192.000	   2493.267	   2489.717	   2484.413	   2489.971	           	     -0.052	      0.233	      0.257	      0.000	
 09/16-13:58	2494.000	2494.400	2493.000	2493.000	           1439	    193.000	   2493.252	   2489.953	   2484.542	   2489.972	           	     -0.014	      0.237	      0.252	      0.000	
 09/16-13:59	2493.000	2494.000	2492.000	2493.800	           1885	    194.000	   2493.179	   2490.183	   2484.671	   2489.969	           	     -0.073	      0.230	      0.258	      0.000	
 09/16-14:00	2493.400	2494.000	2490.000	2490.000	           2444	    195.000	   2493.033	   2490.320	   2484.758	   2489.962	           	     -0.146	      0.136	      0.217	      0.000	
 09/16-14:01	2489.800	2490.400	2489.000	2489.600	           2741	    196.000	   2492.933	   2490.477	   2484.817	   2489.955	           	     -0.100	      0.157	      0.145	      0.000	
 09/16-14:02	2489.600	2489.800	2488.800	2489.600	           1541	    197.000	   2492.833	   2490.600	   2484.880	   2489.944	           	     -0.100	      0.123	      0.121	      0.000	
 09/16-14:03	2489.600	2489.800	2486.000	2486.600	           4059	    198.000	   2492.540	   2490.647	   2484.923	   2489.921	           	     -0.294	      0.047	      0.107	      0.000	
 09/16-14:04	2487.000	2487.200	2484.600	2485.400	           3740	    199.000	   2492.219	   2490.673	   2484.975	   2489.888	           	     -0.321	      0.026	      0.095	      0.000	
 09/16-14:05	2486.000	2486.800	2485.800	2486.800	           2377	    200.000	   2492.027	   2490.723	   2485.033	   2489.857	           	     -0.192	      0.050	      0.110	      0.000	
 09/16-14:06	2486.600	2486.600	2484.800	2485.800	           2197	    201.000	   2491.740	   2490.777	   2485.093	   2489.818	           	     -0.288	      0.054	      0.118	      0.000	
 09/16-14:07	2485.600	2486.000	2483.000	2484.600	           3222	    202.000	   2491.342	   2490.800	   2485.140	   2489.779	           	     -0.398	      0.023	      0.107	      0.000	
 09/16-14:08	2484.400	2486.200	2484.400	2485.200	           1715	    203.000	   2490.994	   2490.777	   2485.179	   2489.742	           	     -0.348	     -0.023	      0.085	      0.000	
 09/16-14:09	2485.800	2485.800	2484.200	2485.400	           1531	    204.000	   2490.712	   2490.747	   2485.217	   2489.708	           	     -0.281	     -0.030	      0.076	      0.000	
 09/16-14:10	2485.200	2485.800	2483.800	2484.400	           2023	    205.000	   2490.442	   2490.688	   2485.252	   2489.668	           	     -0.271	     -0.059	      0.073	      0.000	
 09/16-14:11	2484.000	2485.200	2482.400	2485.000	           3036	    206.000	   2490.167	   2490.647	   2485.300	   2489.618	           	     -0.275	     -0.041	      0.083	      0.000	
 09/16-14:12	2485.000	2485.200	2483.200	2484.400	           1800	    207.000	   2489.827	   2490.606	   2485.353	   2489.564	           	     -0.340	     -0.041	      0.101	      0.000	
 09/16-14:13	2484.400	2484.600	2481.800	2483.000	           1728	    208.000	   2489.479	   2490.540	   2485.405	   2489.504	           	     -0.348	     -0.067	      0.105	      0.000	
 09/16-14:14	2483.000	2483.400	2480.200	2480.600	           3226	    209.000	   2489.027	   2490.433	   2485.444	   2489.435	           	     -0.452	     -0.106	      0.091	      0.000	
 09/16-14:15	2480.600	2482.000	2480.000	2481.800	           3172	    210.000	   2488.658	   2490.359	   2485.487	   2489.375	           	     -0.369	     -0.074	      0.081	      0.000	
 09/16-14:16	2481.800	2481.800	2479.000	2480.400	           3217	    211.000	   2488.315	   2490.280	   2485.490	   2489.313	           	     -0.344	     -0.079	      0.046	      0.000	
 09/16-14:17	2480.400	2481.000	2478.600	2480.400	           2456	    212.000	   2487.967	   2490.180	   2485.495	   2489.256	           	     -0.348	     -0.100	      0.008	      0.000	
 09/16-14:18	2480.400	2481.400	2480.200	2480.800	           1454	    213.000	   2487.667	   2490.100	   2485.507	   2489.202	           	     -0.300	     -0.080	      0.017	      0.000	
 09/16-14:19	2480.800	2481.000	2478.600	2480.200	           1972	    214.000	   2487.346	   2489.973	   2485.530	   2489.149	           	     -0.321	     -0.127	      0.035	      0.000	
 09/16-14:20	2480.200	2481.600	2480.000	2481.400	           1547	    215.000	   2487.027	   2489.874	   2485.515	   2489.099	           	     -0.319	     -0.099	      0.008	      0.000	
 09/16-14:21	2481.400	2481.600	2480.400	2480.600	           1486	    216.000	   2486.673	   2489.750	   2485.492	   2489.048	           	     -0.354	     -0.124	     -0.038	      0.000	
 09/16-14:22	2480.600	2481.800	2479.400	2480.800	           1881	    217.000	   2486.354	   2489.610	   2485.468	   2489.001	           	     -0.319	     -0.140	     -0.047	      0.000	
 09/16-14:23	2481.000	2482.000	2480.600	2480.600	           1515	    218.000	   2485.894	   2489.464	   2485.447	   2488.947	           	     -0.460	     -0.147	     -0.045	      0.000	
 09/16-14:24	2480.600	2481.000	2477.000	2480.000	           3166	    219.000	   2485.408	   2489.317	   2485.427	   2488.896	           	     -0.485	     -0.147	     -0.041	      0.000	
 09/16-14:25	2479.800	2481.800	2479.000	2481.800	           2127	    220.000	   2485.000	   2489.143	   2485.425	   2488.847	           	     -0.408	     -0.174	     -0.022	      0.000	
 09/16-14:26	2481.600	2483.000	2481.000	2482.200	           2484	    221.000	   2484.608	   2488.964	   2485.433	   2488.808	           	     -0.392	     -0.179	      0.006	      0.000	
 09/16-14:27	2482.200	2482.200	2480.800	2481.200	           1099	    222.000	   2484.181	   2488.724	   2485.433	   2488.769	           	     -0.427	     -0.240	      0.008	      0.000	
 09/16-14:28	2481.000	2481.000	2478.000	2478.200	           2903	    223.000	   2483.688	   2488.470	   2485.423	   2488.711	           	     -0.494	     -0.254	     -0.010	      0.000	
 09/16-14:29	2478.400	2479.200	2477.200	2479.200	           2656	    224.000	   2483.200	   2488.190	   2485.423	   2488.660	           	     -0.488	     -0.280	     -0.010	      0.000	
 09/16-14:30	2479.200	2480.600	2477.800	2478.600	           2547	    225.000	   2482.821	   2487.927	   2485.418	   2488.609	           	     -0.379	     -0.263	     -0.005	      0.000	
 09/16-14:31	2478.600	2479.200	2477.200	2478.200	           1758	    226.000	   2482.440	   2487.687	   2485.411	   2488.550	           	     -0.381	     -0.240	     -0.012	      0.000	
 09/16-14:32	2478.200	2478.200	2476.200	2477.000	           2173	    227.000	   2482.021	   2487.427	   2485.376	   2488.490	           	     -0.419	     -0.260	     -0.042	      0.000	
 09/16-14:33	2476.800	2478.200	2476.800	2476.800	           1489	    228.000	   2481.694	   2487.117	   2485.354	   2488.431	           	     -0.327	     -0.310	     -0.058	      0.000	
 09/16-14:34	2476.800	2477.000	2475.400	2476.200	           2184	    229.000	   2481.387	   2486.803	   2485.336	   2488.368	           	     -0.306	     -0.313	     -0.040	      0.000	
 09/16-14:35	2476.200	2476.800	2475.000	2475.600	           1859	    230.000	   2481.015	   2486.521	   2485.329	   2488.304	           	     -0.373	     -0.282	     -0.025	      0.000	
 09/16-14:36	2475.200	2476.400	2473.200	2476.200	           3592	    231.000	   2480.694	   2486.217	   2485.322	   2488.247	           	     -0.321	     -0.304	     -0.015	      0.000	
 09/16-14:37	2476.000	2478.600	2475.800	2477.800	           2737	    232.000	   2480.467	   2485.904	   2485.323	   2488.192	           	     -0.227	     -0.313	     -0.005	      0.000	
 09/16-14:38	2478.000	2479.000	2477.800	2478.400	           1488	    233.000	   2480.240	   2485.617	   2485.330	   2488.139	           	     -0.227	     -0.287	      0.009	      0.000	
 09/16-14:39	2478.400	2479.400	2478.000	2479.200	           1542	    234.000	   2480.033	   2485.373	   2485.342	   2488.092	           	     -0.206	     -0.244	      0.018	      0.000	
 09/16-14:40	2479.000	2481.000	2479.000	2480.400	           2960	    235.000	   2479.900	   2485.171	   2485.372	   2488.045	           	     -0.134	     -0.202	      0.042	      0.000	
 09/16-14:41	2480.200	2482.200	2480.200	2481.800	           2611	    236.000	   2479.792	   2484.979	   2485.406	   2488.000	           	     -0.108	     -0.192	      0.065	      0.000	
 09/16-14:42	2481.800	2482.800	2481.400	2482.400	           2213	    237.000	   2479.727	   2484.777	   2485.454	   2487.958	           	     -0.065	     -0.202	      0.082	      0.000	
 09/16-14:43	2482.800	2483.800	2482.600	2483.000	           3065	    238.000	   2479.727	   2484.603	   2485.518	   2487.915	           	      0.000	     -0.174	      0.112	      0.000	
 09/16-14:44	2482.600	2483.800	2482.600	2483.400	           1829	    239.000	   2479.819	   2484.423	   2485.588	   2487.877	           	      0.092	     -0.180	      0.135	      0.000	
 09/16-14:45	2483.200	2483.400	2481.800	2482.400	           2156	    240.000	   2479.842	   2484.250	   2485.652	   2487.833	           	      0.023	     -0.173	      0.134	      0.000	
 09/16-14:46	2482.400	2483.800	2482.000	2483.600	           1440	    241.000	   2479.946	   2484.130	   2485.742	   2487.793	           	      0.104	     -0.120	      0.154	      0.000	
 09/16-14:47	2483.600	2483.800	2482.800	2483.000	           1544	    242.000	   2480.033	   2484.000	   2485.796	   2487.746	           	      0.088	     -0.130	      0.144	      0.000	
 09/16-14:48	2483.000	2483.000	2481.200	2481.400	           1627	    243.000	   2480.054	   2483.860	   2485.825	   2487.695	           	      0.021	     -0.140	      0.083	      0.000	
 09/16-14:49	2481.600	2482.800	2481.600	2482.000	           1234	    244.000	   2480.115	   2483.730	   2485.860	   2487.642	           	      0.060	     -0.130	      0.064	      0.000	
 09/16-14:50	2481.800	2483.000	2481.600	2482.600	           1638	    245.000	   2480.152	   2483.590	   2485.900	   2487.594	           	      0.038	     -0.141	      0.075	      0.000	
 09/16-14:51	2482.600	2483.400	2482.000	2482.400	           1137	    246.000	   2480.215	   2483.444	   2485.933	   2487.547	           	      0.063	     -0.146	      0.073	      0.000	
 09/16-14:52	2482.400	2483.200	2482.200	2483.200	           1015	    247.000	   2480.294	   2483.324	   2485.952	   2487.501	           	      0.079	     -0.120	      0.052	      0.000	
 09/16-14:53	2483.200	2483.200	2482.000	2482.200	            905	    248.000	   2480.346	   2483.120	   2485.965	   2487.442	           	      0.052	     -0.204	      0.032	      0.000	
 09/16-14:54	2482.200	2482.600	2481.800	2482.000	           1127	    249.000	   2480.413	   2482.910	   2485.978	   2487.383	           	      0.067	     -0.209	      0.026	      0.000	
 09/16-14:55	2482.200	2482.800	2482.000	2482.200	           1061	    250.000	   2480.427	   2482.714	   2485.990	   2487.323	           	      0.014	     -0.197	      0.025	      0.000	
 09/16-14:56	2482.200	2483.000	2482.000	2482.400	           1069	    251.000	   2480.433	   2482.521	   2486.002	   2487.240	           	      0.006	     -0.193	      0.024	      0.000	
 09/16-14:57	2482.800	2482.800	2482.200	2482.200	            764	    252.000	   2480.467	   2482.324	   2486.020	   2487.156	           	      0.033	     -0.197	      0.030	      0.000	
 09/16-14:58	2482.200	2482.400	2481.000	2482.400	           1800	    253.000	   2480.606	   2482.147	   2486.050	   2487.068	           	      0.140	     -0.177	      0.048	      0.000	
 09/16-14:59	2482.400	2482.800	2482.000	2482.200	           1107	    254.000	   2480.706	   2481.953	   2486.068	   2486.977	           	      0.100	     -0.194	      0.048	      0.000	
 09/16-15:00	2482.200	2482.400	2481.200	2482.200	           1251	    255.000	   2480.827	   2481.824	   2486.072	   2486.891	           	      0.121	     -0.129	      0.022	      0.000	
 09/16-15:01	2482.200	2483.200	2482.200	2483.200	           1058	    256.000	   2480.994	   2481.717	   2486.097	   2486.807	           	      0.167	     -0.107	      0.029	      0.000	
 09/16-15:02	2482.800	2483.200	2482.400	2482.600	            959	    257.000	   2481.179	   2481.600	   2486.100	   2486.718	           	      0.186	     -0.116	      0.028	      0.000	
 09/16-15:03	2482.600	2483.400	2482.400	2483.400	            967	    258.000	   2481.400	   2481.547	   2486.097	   2486.627	           	      0.221	     -0.053	      0.000	      0.000	
 09/16-15:04	2483.600	2484.000	2483.200	2483.600	           1767	    259.000	   2481.646	   2481.517	   2486.095	   2486.538	           	      0.246	     -0.030	     -0.005	      0.000	
 09/16-15:05	2483.200	2484.000	2483.200	2483.200	           1297	    260.000	   2481.900	   2481.457	   2486.090	   2486.435	           	      0.254	     -0.059	     -0.007	      0.000	
 09/16-15:06	2483.600	2483.600	2481.800	2482.400	           1570	    261.000	   2482.106	   2481.400	   2486.089	   2486.335	           	      0.206	     -0.057	     -0.006	      0.000	
 09/16-15:07	2482.400	2483.000	2482.200	2482.400	            725	    262.000	   2482.258	   2481.363	   2486.081	   2486.230	           	      0.152	     -0.037	     -0.009	      0.000	
 09/16-15:08	2482.400	2482.600	2481.800	2482.000	            756	    263.000	   2482.379	   2481.309	   2486.043	   2486.130	           	      0.121	     -0.053	     -0.045	      0.000	
 09/16-15:09	2482.000	2482.800	2481.800	2482.800	            725	    264.000	   2482.500	   2481.267	   2486.007	   2486.032	           	      0.121	     -0.043	     -0.074	      0.000	
 09/16-15:10	2482.800	2483.800	2482.400	2483.200	           1282	    265.000	   2482.592	   2481.246	   2485.967	   2485.938	           	      0.092	     -0.021	     -0.077	      0.000	
 09/16-15:11	2483.200	2483.600	2483.200	2483.400	            638	    266.000	   2482.648	   2481.220	   2485.933	   2485.844	           	      0.056	     -0.026	     -0.073	      0.000	
 09/16-15:12	2483.200	2483.400	2482.400	2482.600	           1253	    267.000	   2482.652	   2481.190	   2485.898	   2485.759	           	      0.004	     -0.030	     -0.069	      0.000	
 09/16-15:13	2482.800	2482.800	2480.400	2481.400	           2428	    268.000	   2482.600	   2481.164	   2485.852	   2485.664	           	     -0.052	     -0.026	     -0.082	      0.000	
 09/16-15:14	2481.000	2481.600	2478.600	2479.400	           3111	    269.000	   2482.467	   2481.143	   2485.788	   2485.566	           	     -0.134	     -0.021	     -0.110	      0.000	
 09/16-15:15	2479.600	2480.400	2478.800	2479.400	           1422	    270.000	   2482.367	   2481.104	   2485.732	   2485.471	           	     -0.100	     -0.039	     -0.120	      0.000	