 03/03-09:16	2165.600	2166.800	2160.600	2161.800	           9535	
 03/03-09:17	2162.000	2162.000	2153.200	2155.600	           6101	
 03/03-09:18	2155.600	2158.400	2155.600	2158.000	           2889	
 03/03-09:19	2158.400	2158.400	2156.200	2156.200	           1622	
 03/03-09:20	2156.200	2157.200	2155.600	2155.800	           1196	
 03/03-09:21	2156.000	2157.600	2154.600	2156.400	           3628	
 03/03-09:22	2156.600	2159.200	2156.600	2159.000	           1946	
 03/03-09:23	2159.000	2159.600	2157.600	2157.800	           1403	
 03/03-09:24	2157.400	2160.600	2157.200	2160.000	           2445	
 03/03-09:25	2160.600	2163.800	2159.800	2161.600	           3828	
 03/03-09:26	2161.600	2162.600	2160.600	2161.200	           1545	
 03/03-09:27	2161.200	2161.200	2158.400	2161.000	           2309	
 03/03-09:28	2161.200	2161.600	2159.800	2161.200	            954	
 03/03-09:29	2161.200	2162.400	2160.200	2160.800	           1443	
 03/03-09:30	2160.200	2162.400	2159.600	2162.400	           1366	
 03/03-09:31	2163.000	2163.200	2157.200	2157.400	           3182	
 03/03-09:32	2157.400	2159.400	2157.400	2158.600	           2217	
 03/03-09:33	2158.800	2163.800	2158.200	2163.200	           3175	
 03/03-09:34	2163.200	2164.800	2161.400	2162.800	           3355	
 03/03-09:35	2162.800	2164.000	2162.600	2162.800	           1609	
 03/03-09:36	2162.600	2163.200	2159.000	2159.600	           3180	
 03/03-09:37	2159.400	2161.200	2159.200	2159.600	            830	
 03/03-09:38	2159.400	2160.200	2158.400	2159.800	           1181	
 03/03-09:39	2159.800	2161.800	2156.000	2156.600	           5173	
 03/03-09:40	2157.000	2158.600	2156.600	2157.800	           1131	
 03/03-09:41	2157.600	2158.000	2156.200	2157.800	            924	
 03/03-09:42	2157.600	2157.800	2157.200	2157.800	            121	
 03/03-09:43	2162.000	2164.000	2161.600	2163.800	           8983	
 03/03-09:44	2164.000	2164.000	2162.600	2164.000	            986	
 03/03-09:45	2164.200	2164.400	2161.000	2161.600	           2898	
 03/03-09:46	2162.000	2164.400	2161.200	2163.400	           3383	
 03/03-09:47	2163.200	2163.200	2160.800	2162.200	           1876	
 03/03-09:48	2162.400	2163.000	2159.400	2159.800	           2944	
 03/03-09:49	2159.600	2163.000	2159.400	2163.000	           1916	
 03/03-09:50	2163.000	2165.800	2162.400	2163.600	           4329	
 03/03-09:51	2164.200	2165.800	2164.200	2165.200	           2732	
 03/03-09:52	2165.400	2167.600	2164.600	2167.000	           4136	
 03/03-09:53	2167.600	2167.600	2166.200	2166.400	           2540	
 03/03-09:54	2166.400	2166.400	2164.400	2165.000	           2755	
 03/03-09:55	2164.800	2168.600	2164.400	2168.200	           2959	
 03/03-09:56	2168.000	2168.600	2166.200	2168.200	           3150	
 03/03-09:57	2168.000	2170.000	2167.400	2168.200	           2661	
 03/03-09:58	2168.200	2168.800	2164.600	2164.800	           4494	
 03/03-09:59	2164.800	2166.000	2164.200	2164.600	           2353	
 03/03-10:00	2164.400	2164.600	2162.800	2163.200	           2977	
 03/03-10:01	2163.200	2163.800	2162.200	2163.800	           1902	
 03/03-10:02	2163.400	2165.000	2162.600	2162.800	           2181	
 03/03-10:03	2162.600	2163.400	2161.600	2161.800	           2475	
 03/03-10:04	2161.800	2165.200	2161.800	2164.400	           2512	
 03/03-10:05	2164.600	2167.000	2164.400	2166.000	           3062	
 03/03-10:06	2166.200	2167.000	2165.400	2166.000	           1682	
 03/03-10:07	2166.000	2166.600	2164.400	2166.600	           1930	
 03/03-10:08	2166.800	2169.800	2166.200	2167.400	           3949	
 03/03-10:09	2167.200	2168.600	2166.800	2167.000	           2424	
 03/03-10:10	2167.000	2168.600	2165.200	2168.400	           3322	
 03/03-10:11	2168.400	2170.000	2167.800	2168.000	           3822	
 03/03-10:12	2168.000	2170.800	2168.000	2169.400	           3384	
 03/03-10:13	2169.400	2171.000	2169.400	2169.800	           2666	
 03/03-10:14	2169.600	2169.600	2166.400	2167.200	           3594	
 03/03-10:15	2167.200	2168.400	2167.200	2167.800	           1975	
 03/03-10:16	2167.800	2167.800	2165.200	2165.600	           2683	
 03/03-10:17	2165.600	2165.600	2164.400	2165.400	           2143	
 03/03-10:18	2165.400	2166.200	2163.800	2164.600	           2651	
 03/03-10:19	2164.400	2166.000	2164.000	2165.800	           1788	
 03/03-10:20	2166.000	2166.800	2164.800	2165.600	           2200	
 03/03-10:21	2165.600	2165.600	2164.400	2165.000	           1265	
 03/03-10:22	2165.000	2165.800	2164.200	2164.400	           1352	
 03/03-10:23	2164.400	2165.800	2163.400	2163.400	           2220	
 03/03-10:24	2163.000	2163.600	2161.000	2161.400	           4580	
 03/03-10:25	2161.600	2162.600	2161.600	2161.600	           2436	
 03/03-10:26	2162.200	2164.400	2162.000	2163.600	           2060	
 03/03-10:27	2163.400	2166.400	2163.400	2165.400	           3182	
 03/03-10:28	2165.400	2166.600	2165.400	2166.000	           2046	
 03/03-10:29	2165.600	2167.200	2165.400	2166.600	           2113	
 03/03-10:30	2166.400	2168.200	2166.000	2167.000	           2816	
 03/03-10:31	2167.200	2169.600	2166.600	2168.800	           3434	
 03/03-10:32	2168.600	2171.800	2168.200	2171.400	           5408	
 03/03-10:33	2171.200	2172.200	2169.200	2170.200	           4002	
 03/03-10:34	2170.400	2172.200	2170.200	2171.600	           2911	
 03/03-10:35	2171.400	2171.400	2170.000	2171.200	           2051	
 03/03-10:36	2170.400	2170.800	2168.600	2169.000	           2870	
 03/03-10:37	2169.200	2170.600	2168.400	2170.000	           2182	
 03/03-10:38	2170.200	2173.000	2170.200	2172.800	           4263	
 03/03-10:39	2172.800	2174.600	2172.400	2173.400	           4556	
 03/03-10:40	2173.400	2174.200	2172.200	2172.200	           2515	
 03/03-10:41	2172.200	2178.400	2172.000	2176.600	           8862	
 03/03-10:42	2176.400	2176.600	2174.600	2175.200	           4334	
 03/03-10:43	2175.200	2175.400	2171.200	2171.200	           5148	
 03/03-10:44	2171.200	2172.600	2171.200	2172.200	           2160	
 03/03-10:45	2172.000	2173.800	2171.800	2172.200	           1619	
 03/03-10:46	2172.200	2173.000	2170.400	2172.200	           3435	
 03/03-10:47	2172.200	2174.800	2171.600	2174.200	           2799	
 03/03-10:48	2174.200	2174.200	2172.400	2172.600	           1586	
 03/03-10:49	2172.600	2175.600	2171.000	2174.600	           3084	
 03/03-10:50	2174.600	2176.200	2173.600	2174.000	           2743	
 03/03-10:51	2174.000	2175.800	2171.400	2172.000	           3567	
 03/03-10:52	2172.400	2175.600	2172.000	2175.000	           2556	
 03/03-10:53	2175.000	2178.800	2174.600	2177.600	           6399	
 03/03-10:54	2177.800	2178.600	2175.600	2177.400	           3441	
 03/03-10:55	2177.400	2179.000	2176.200	2176.600	           3229	
 03/03-10:56	2176.600	2178.000	2175.800	2177.800	           1874	
 03/03-10:57	2177.600	2177.600	2175.600	2176.400	           1841	
 03/03-10:58	2176.400	2177.400	2175.200	2175.200	           2055	
 03/03-10:59	2175.200	2175.200	2172.800	2173.200	           4303	
 03/03-11:00	2173.600	2174.000	2172.400	2173.600	           2630	
 03/03-11:01	2173.800	2177.200	2173.600	2177.200	           2909	
 03/03-11:02	2177.000	2177.000	2174.600	2175.800	           2056	
 03/03-11:03	2175.800	2181.200	2175.600	2180.000	           7573	
 03/03-11:04	2179.600	2181.800	2179.400	2181.200	           3944	
 03/03-11:05	2181.400	2182.400	2179.400	2181.400	           3710	
 03/03-11:06	2181.400	2183.800	2180.200	2182.600	           5212	
 03/03-11:07	2182.400	2185.600	2182.200	2184.000	           5809	
 03/03-11:08	2183.800	2184.000	2182.400	2183.200	           3135	
 03/03-11:09	2183.000	2185.000	2182.200	2183.600	           2185	
 03/03-11:10	2183.400	2184.000	2181.800	2182.200	           2787	
 03/03-11:11	2182.200	2182.800	2180.200	2181.800	           3165	
 03/03-11:12	2181.800	2182.000	2180.000	2180.000	           2007	
 03/03-11:13	2179.600	2180.200	2179.000	2179.800	           3540	
 03/03-11:14	2179.600	2181.800	2179.600	2181.800	           1863	
 03/03-11:15	2181.800	2182.800	2181.000	2182.200	           3104	
 03/03-11:16	2182.000	2182.600	2175.200	2176.200	           6740	
 03/03-11:17	2176.400	2176.400	2173.600	2175.600	           5016	
 03/03-11:18	2175.600	2176.400	2173.800	2173.800	           3184	
 03/03-11:19	2174.000	2175.400	2173.600	2174.800	           1862	
 03/03-11:20	2174.800	2175.400	2172.400	2172.600	           3821	
 03/03-11:21	2172.400	2173.800	2171.800	2172.400	           3425	
 03/03-11:22	2172.200	2173.000	2171.800	2172.600	           2426	
 03/03-11:23	2172.800	2174.800	2172.600	2174.400	           2313	
 03/03-11:24	2174.400	2174.600	2172.400	2172.400	           2098	
 03/03-11:25	2172.600	2175.400	2172.400	2175.400	           2076	
 03/03-11:26	2175.200	2176.000	2174.400	2174.800	           2056	
 03/03-11:27	2174.400	2175.600	2174.200	2174.600	           1219	
 03/03-11:28	2174.400	2175.400	2174.400	2174.800	            940	
 03/03-11:29	2174.800	2175.200	2173.200	2173.200	           1863	
 03/03-11:30	2173.200	2177.000	2172.800	2176.000	           3525	
 03/03-13:01	2176.000	2176.400	2174.800	2175.200	           1605	
 03/03-13:02	2175.000	2178.200	2175.000	2177.200	           1919	
 03/03-13:03	2177.000	2177.800	2176.000	2176.600	           1313	
 03/03-13:04	2176.400	2177.000	2175.800	2176.200	            827	
 03/03-13:05	2176.400	2178.000	2176.200	2177.000	           1429	
 03/03-13:06	2177.400	2177.400	2175.000	2175.200	           1651	
 03/03-13:07	2175.200	2175.400	2174.000	2174.600	           1733	
 03/03-13:08	2174.600	2175.000	2174.000	2174.200	           1059	
 03/03-13:09	2174.200	2175.000	2173.800	2174.200	           1429	
 03/03-13:10	2174.200	2177.200	2174.200	2176.600	           2047	
 03/03-13:11	2176.600	2177.000	2174.800	2174.800	           1244	
 03/03-13:12	2174.800	2175.800	2174.400	2174.800	           1228	
 03/03-13:13	2175.000	2175.000	2173.000	2173.400	           2061	
 03/03-13:14	2173.400	2173.400	2172.000	2172.200	           2891	
 03/03-13:15	2172.400	2173.800	2171.000	2171.200	           2634	
 03/03-13:16	2171.400	2172.200	2170.000	2171.000	           3920	
 03/03-13:17	2171.200	2172.200	2171.000	2171.600	           1534	
 03/03-13:18	2171.600	2173.000	2171.200	2172.000	           1843	
 03/03-13:19	2172.000	2173.800	2172.000	2173.400	           1821	
 03/03-13:20	2173.400	2173.600	2172.000	2173.200	           1794	
 03/03-13:21	2173.200	2174.200	2172.400	2172.400	           2094	
 03/03-13:22	2172.600	2174.400	2171.800	2173.400	           2076	
 03/03-13:23	2173.400	2173.600	2170.400	2172.400	           2338	
 03/03-13:24	2172.400	2175.400	2171.200	2173.800	           3432	
 03/03-13:25	2173.800	2177.400	2173.200	2176.400	           4724	
 03/03-13:26	2176.200	2177.000	2175.400	2176.600	           2473	
 03/03-13:27	2176.600	2176.800	2175.800	2176.400	           1275	
 03/03-13:28	2176.400	2176.800	2175.200	2176.200	           1731	
 03/03-13:29	2176.400	2176.800	2175.400	2176.600	           1322	
 03/03-13:30	2176.600	2177.200	2174.600	2175.000	           2153	
 03/03-13:31	2175.000	2176.200	2173.600	2174.000	           2194	
 03/03-13:32	2173.800	2176.400	2173.800	2175.800	           1683	
 03/03-13:33	2175.800	2176.400	2174.200	2175.400	           1679	
 03/03-13:34	2175.400	2175.400	2172.800	2173.000	           2928	
 03/03-13:35	2173.000	2173.600	2172.400	2172.600	           1947	
 03/03-13:36	2172.800	2173.800	2172.600	2173.800	           1128	
 03/03-13:37	2173.800	2175.600	2173.400	2174.800	           2110	
 03/03-13:38	2175.000	2175.400	2174.200	2175.000	           1142	
 03/03-13:39	2175.000	2175.800	2174.600	2175.400	           1613	
 03/03-13:40	2175.400	2176.800	2175.000	2175.200	           2282	
 03/03-13:41	2175.400	2176.600	2175.000	2176.000	           1436	
 03/03-13:42	2175.800	2176.600	2175.200	2175.600	           1144	
 03/03-13:43	2175.400	2176.600	2175.200	2175.800	            806	
 03/03-13:44	2176.200	2177.000	2175.600	2175.800	           2052	
 03/03-13:45	2175.800	2175.800	2173.800	2174.000	           2467	
 03/03-13:46	2174.200	2176.000	2174.200	2175.600	           1443	
 03/03-13:47	2175.600	2176.600	2175.200	2175.200	           1186	
 03/03-13:48	2175.200	2175.400	2173.800	2174.000	           1887	
 03/03-13:49	2174.200	2175.600	2174.200	2175.000	           1085	
 03/03-13:50	2175.200	2175.800	2174.000	2175.400	           1345	
 03/03-13:51	2175.400	2175.800	2170.600	2171.200	           4872	
 03/03-13:52	2171.200	2171.200	2168.600	2169.400	           6726	
 03/03-13:53	2169.400	2170.200	2167.800	2168.800	           3829	
 03/03-13:54	2169.000	2169.000	2168.000	2168.400	           2173	
 03/03-13:55	2168.400	2169.200	2167.800	2167.800	           2140	
 03/03-13:56	2167.800	2169.000	2167.000	2168.000	           3290	
 03/03-13:57	2168.200	2168.600	2164.600	2164.600	           3874	
 03/03-13:58	2165.000	2165.600	2163.800	2165.200	           4587	
 03/03-13:59	2165.000	2165.400	2164.400	2165.000	           2088	
 03/03-14:00	2164.600	2166.200	2164.000	2164.200	           3287	
 03/03-14:01	2164.400	2166.200	2164.200	2166.200	           2451	
 03/03-14:02	2166.200	2166.400	2165.200	2166.000	           2035	
 03/03-14:03	2165.800	2166.200	2165.000	2165.400	           1530	
 03/03-14:04	2165.400	2165.800	2162.200	2162.800	           5027	
 03/03-14:05	2162.200	2162.400	2161.000	2161.800	           4511	
 03/03-14:06	2162.000	2162.400	2160.000	2161.000	           5177	
 03/03-14:07	2161.000	2161.800	2160.200	2161.600	           2555	
 03/03-14:08	2161.600	2163.200	2161.400	2161.600	           3012	
 03/03-14:09	2161.600	2162.800	2160.800	2161.400	           2164	
 03/03-14:10	2161.600	2163.000	2161.600	2163.000	           2118	
 03/03-14:11	2163.000	2163.600	2162.000	2162.200	           2149	
 03/03-14:12	2162.200	2163.200	2162.000	2162.800	           1353	
 03/03-14:13	2162.800	2163.800	2161.800	2161.800	           2124	
 03/03-14:14	2161.600	2163.400	2161.200	2162.200	           1612	
 03/03-14:15	2162.400	2162.400	2160.000	2160.000	           2507	
 03/03-14:16	2160.000	2163.000	2160.000	2163.000	           3641	
 03/03-14:17	2162.800	2163.600	2158.400	2159.600	           4380	
 03/03-14:18	2159.600	2160.000	2158.000	2159.200	           3556	
 03/03-14:19	2159.400	2160.600	2159.000	2160.200	           1823	
 03/03-14:20	2160.000	2161.200	2160.000	2160.800	           1774	
 03/03-14:21	2160.800	2163.200	2160.600	2162.400	           3498	
 03/03-14:22	2162.600	2163.200	2162.200	2163.000	           1530	
 03/03-14:23	2163.200	2163.200	2162.200	2162.800	           1844	
 03/03-14:24	2163.200	2164.800	2163.200	2164.200	           4216	
 03/03-14:25	2164.200	2164.400	2163.400	2164.200	           2023	
 03/03-14:26	2164.400	2164.600	2163.600	2164.400	           1788	
 03/03-14:27	2164.400	2165.200	2163.800	2165.000	           2321	
 03/03-14:28	2165.000	2165.200	2163.800	2165.000	           1861	
 03/03-14:29	2165.000	2165.000	2164.200	2164.400	           1251	
 03/03-14:30	2164.600	2164.800	2163.600	2164.800	           1847	
 03/03-14:31	2164.800	2166.000	2164.600	2166.000	           2542	
 03/03-14:32	2165.800	2166.200	2165.200	2165.800	           1652	
 03/03-14:33	2166.000	2166.800	2165.600	2166.400	           2080	
 03/03-14:34	2166.800	2167.200	2166.000	2166.400	           2008	
 03/03-14:35	2166.600	2166.600	2164.400	2164.400	           2052	
 03/03-14:36	2164.400	2164.800	2163.600	2164.600	           2578	
 03/03-14:37	2164.600	2165.600	2164.000	2165.600	           1235	
 03/03-14:38	2165.400	2165.800	2164.600	2165.800	            997	
 03/03-14:39	2165.800	2166.200	2162.400	2163.600	           3846	
 03/03-14:40	2163.600	2164.200	2162.800	2164.000	           2109	
 03/03-14:41	2163.800	2164.000	2162.400	2163.000	           1806	
 03/03-14:42	2162.800	2164.400	2162.600	2164.000	           1482	
 03/03-14:43	2164.200	2165.800	2164.200	2165.800	           2367	
 03/03-14:44	2165.800	2168.000	2165.600	2166.800	           3565	
 03/03-14:45	2166.800	2167.000	2166.200	2166.600	           1686	
 03/03-14:46	2166.400	2167.200	2166.200	2166.800	           1444	
 03/03-14:47	2166.800	2167.000	2166.000	2166.000	           1325	
 03/03-14:48	2166.000	2166.600	2165.400	2165.800	           1112	
 03/03-14:49	2165.800	2166.600	2165.400	2166.400	           1346	
 03/03-14:50	2166.600	2167.000	2165.600	2167.000	           1325	
 03/03-14:51	2167.000	2167.000	2165.800	2166.800	           1016	
 03/03-14:52	2166.800	2167.400	2166.600	2167.000	           1480	
 03/03-14:53	2166.800	2167.600	2166.800	2167.400	           1209	
 03/03-14:54	2167.400	2167.400	2166.600	2167.400	           1158	
 03/03-14:55	2167.600	2169.000	2167.600	2168.400	           3446	
 03/03-14:56	2168.400	2168.800	2168.000	2168.200	           1793	
 03/03-14:57	2168.000	2168.000	2166.800	2167.800	           1566	
 03/03-14:58	2167.800	2167.800	2165.800	2166.000	           2805	
 03/03-14:59	2166.000	2167.400	2166.000	2167.200	           1534	
 03/03-15:00	2167.400	2167.400	2166.600	2167.400	           1253	
 03/03-15:01	2167.400	2168.000	2167.200	2167.800	           1368	
 03/03-15:02	2167.800	2168.000	2166.600	2166.800	           1460	
 03/03-15:03	2167.000	2167.200	2165.600	2166.400	           1799	
 03/03-15:04	2166.400	2167.000	2166.200	2166.400	            696	
 03/03-15:05	2166.400	2166.800	2166.000	2166.600	            995	
 03/03-15:06	2166.600	2166.600	2165.600	2166.200	           1228	
 03/03-15:07	2166.200	2167.000	2166.000	2166.600	           1178	
 03/03-15:08	2166.600	2166.800	2165.200	2165.200	           1242	
 03/03-15:09	2165.200	2166.200	2165.200	2166.000	           1078	
 03/03-15:10	2166.000	2166.200	2165.000	2165.400	           1760	
 03/03-15:11	2165.400	2165.800	2165.200	2165.800	            914	
 03/03-15:12	2165.800	2165.800	2164.600	2164.800	           1661	
 03/03-15:13	2165.000	2165.400	2164.400	2164.600	           1777	
 03/03-15:14	2164.600	2165.200	2163.200	2165.200	           3067	
 03/03-15:15	2165.200	2165.400	2163.600	2163.800	           2771	
 03/04-09:16	2160.400	2160.400	2155.800	2158.000	           8465	
 03/04-09:17	2158.200	2162.200	2157.600	2160.200	           4346	
 03/04-09:18	2160.200	2162.800	2160.200	2162.400	           2472	
 03/04-09:19	2162.800	2163.600	2161.800	2162.200	           2081	
 03/04-09:20	2162.000	2163.400	2161.600	2161.600	           1306	
 03/04-09:21	2161.600	2162.600	2161.200	2162.000	           1209	
 03/04-09:22	2162.000	2162.000	2160.800	2160.800	           1409	
 03/04-09:23	2160.800	2161.800	2160.400	2161.000	           1108	
 03/04-09:24	2161.200	2163.200	2160.800	2162.800	           1943	
 03/04-09:25	2162.600	2164.000	2162.000	2162.600	           2019	
 03/04-09:26	2162.600	2163.200	2161.400	2162.000	           1107	
 03/04-09:27	2161.800	2163.200	2161.000	2162.200	           1566	
 03/04-09:28	2162.000	2162.800	2161.400	2162.200	            738	
 03/04-09:29	2162.400	2163.000	2161.600	2162.200	            915	
 03/04-09:30	2161.800	2162.800	2160.800	2162.400	           1367	
 03/04-09:31	2162.800	2163.400	2160.800	2161.800	           2224	
 03/04-09:32	2161.400	2162.200	2159.400	2160.200	           2704	
 03/04-09:33	2160.000	2163.000	2159.600	2163.000	           2631	
 03/04-09:34	2162.800	2163.600	2161.400	2161.400	           2477	
 03/04-09:35	2161.600	2162.400	2159.600	2162.200	           1372	
 03/04-09:36	2162.000	2162.800	2160.200	2162.800	           2657	
 03/04-09:37	2162.800	2164.400	2161.800	2164.200	           4039	
 03/04-09:38	2164.000	2164.000	2162.400	2162.400	           1230	
 03/04-09:39	2162.400	2163.000	2160.600	2161.200	           3248	
 03/04-09:40	2160.800	2162.000	2160.400	2160.600	           1654	
 03/04-09:41	2160.600	2160.600	2158.200	2158.200	           3254	
 03/04-09:42	2158.200	2160.400	2158.000	2158.200	           2499	
 03/04-09:43	2158.400	2160.400	2158.000	2158.000	           1998	
 03/04-09:44	2158.000	2159.000	2153.600	2154.400	           6261	
 03/04-09:45	2154.400	2154.800	2152.600	2152.600	           4527	
 03/04-09:46	2152.400	2154.400	2151.400	2151.800	           5528	
 03/04-09:47	2152.000	2152.800	2149.400	2149.400	           5071	
 03/04-09:48	2149.600	2151.200	2147.000	2147.000	           6529	
 03/04-09:49	2146.600	2150.200	2146.200	2149.800	           4390	
 03/04-09:50	2150.200	2151.000	2149.400	2149.400	           3503	
 03/04-09:51	2149.400	2151.800	2149.200	2151.800	           2391	
 03/04-09:52	2151.800	2153.800	2151.400	2153.000	           3786	
 03/04-09:53	2153.000	2153.400	2152.200	2153.000	           1921	
 03/04-09:54	2153.000	2153.200	2151.400	2151.600	           2173	
 03/04-09:55	2151.400	2153.000	2151.400	2151.800	           1991	
 03/04-09:56	2151.800	2152.600	2151.000	2151.400	           1821	
 03/04-09:57	2151.400	2153.000	2151.000	2152.800	           1694	
 03/04-09:58	2152.800	2153.400	2151.200	2151.200	           1646	
 03/04-09:59	2151.200	2153.400	2151.000	2152.600	           1698	
 03/04-10:00	2152.800	2154.800	2152.400	2154.200	           3099	
 03/04-10:01	2154.000	2154.600	2153.400	2154.600	           1676	
 03/04-10:02	2154.400	2154.600	2153.400	2153.600	           1576	
 03/04-10:03	2153.800	2153.800	2152.400	2153.200	           1869	
 03/04-10:04	2153.200	2153.400	2151.000	2151.400	           2484	
 03/04-10:05	2151.400	2152.200	2150.600	2151.600	           1831	
 03/04-10:06	2151.600	2152.000	2150.400	2151.000	           2065	
 03/04-10:07	2151.000	2153.600	2151.000	2152.600	           1880	
 03/04-10:08	2152.600	2153.800	2152.400	2152.600	           1926	
 03/04-10:09	2152.600	2154.000	2152.400	2153.200	           1691	
 03/04-10:10	2153.200	2153.800	2152.600	2153.400	           1340	
 03/04-10:11	2153.000	2153.400	2150.800	2151.000	           1709	
 03/04-10:12	2150.800	2152.000	2150.400	2150.600	           1946	
 03/04-10:13	2150.600	2151.600	2150.200	2150.200	           1869	
 03/04-10:14	2150.400	2150.400	2146.600	2147.200	           4380	
 03/04-10:15	2147.200	2148.800	2145.000	2146.400	           5145	
 03/04-10:16	2147.000	2149.600	2146.400	2148.200	           3599	
 03/04-10:17	2148.200	2149.200	2148.000	2148.800	           1947	
 03/04-10:18	2148.800	2150.200	2148.400	2148.600	           2245	
 03/04-10:19	2148.400	2149.800	2148.200	2149.600	           1269	
 03/04-10:20	2149.800	2150.800	2149.400	2150.400	           2187	
 03/04-10:21	2150.000	2153.400	2150.000	2152.000	           3733	
 03/04-10:22	2152.000	2153.000	2151.400	2152.600	           1723	
 03/04-10:23	2152.600	2152.600	2151.400	2151.600	           1383	
 03/04-10:24	2151.800	2152.200	2151.200	2152.000	           1278	
 03/04-10:25	2152.000	2152.400	2151.400	2152.200	           1197	
 03/04-10:26	2152.000	2154.400	2151.400	2154.000	           3171	
 03/04-10:27	2153.800	2154.200	2153.000	2153.600	           1773	
 03/04-10:28	2153.800	2155.000	2153.000	2155.000	           1985	
 03/04-10:29	2155.200	2162.000	2155.200	2161.000	          11404	
 03/04-10:30	2161.400	2165.000	2160.000	2162.600	           9164	
 03/04-10:31	2163.000	2163.400	2161.600	2161.600	           3650	
 03/04-10:32	2161.400	2161.400	2159.400	2160.200	           4118	
 03/04-10:33	2160.600	2161.000	2159.400	2161.000	           1873	
 03/04-10:34	2161.000	2161.400	2159.800	2161.000	           2257	
 03/04-10:35	2161.200	2161.200	2159.000	2159.400	           2228	
 03/04-10:36	2159.400	2160.000	2158.600	2160.000	           2315	
 03/04-10:37	2159.800	2160.400	2159.200	2160.200	           1371	
 03/04-10:38	2160.400	2160.400	2159.000	2159.800	           1098	
 03/04-10:39	2159.200	2160.000	2158.800	2159.800	           1634	
 03/04-10:40	2159.400	2161.200	2159.000	2159.600	           2538	
 03/04-10:41	2159.600	2161.200	2159.400	2160.200	           1954	
 03/04-10:42	2160.400	2162.600	2159.200	2159.400	           3204	
 03/04-10:43	2159.800	2159.800	2156.400	2157.400	           5482	
 03/04-10:44	2157.600	2157.600	2156.000	2156.600	           2518	
 03/04-10:45	2156.800	2157.800	2156.600	2156.800	           1658	
 03/04-10:46	2156.600	2156.800	2155.000	2155.600	           3528	
 03/04-10:47	2155.600	2156.200	2152.000	2153.000	           4676	
 03/04-10:48	2152.800	2153.000	2151.000	2151.600	           3591	
 03/04-10:49	2151.600	2152.000	2150.400	2151.600	           4092	
 03/04-10:50	2151.600	2152.000	2150.800	2151.800	           2374	
 03/04-10:51	2151.800	2152.000	2150.800	2151.000	           1799	
 03/04-10:52	2151.000	2151.600	2150.200	2150.600	           1910	
 03/04-10:53	2150.600	2152.000	2150.600	2150.800	           2095	
 03/04-10:54	2150.600	2152.200	2149.200	2151.800	           3388	
 03/04-10:55	2151.800	2153.600	2151.800	2152.600	           3151	
 03/04-10:56	2153.000	2153.400	2152.200	2152.800	           1490	
 03/04-10:57	2152.600	2153.000	2152.000	2152.200	           1222	
 03/04-10:58	2152.200	2154.000	2152.200	2153.000	           2012	
 03/04-10:59	2153.000	2153.200	2151.000	2151.000	           2468	
 03/04-11:00	2151.000	2151.800	2148.400	2149.400	           3833	
 03/04-11:01	2149.400	2150.600	2148.000	2148.200	           2922	
 03/04-11:02	2148.000	2148.600	2147.600	2147.800	           2179	
 03/04-11:03	2148.000	2149.000	2147.600	2148.400	           1724	
 03/04-11:04	2148.000	2149.200	2148.000	2148.600	           1284	
 03/04-11:05	2148.600	2149.400	2147.800	2148.000	           1789	
 03/04-11:06	2148.000	2148.200	2146.000	2147.200	           3662	
 03/04-11:07	2147.200	2149.600	2146.800	2148.600	           2609	
 03/04-11:08	2148.600	2151.200	2148.400	2150.200	           2982	
 03/04-11:09	2150.200	2150.400	2148.000	2149.000	           1592	
 03/04-11:10	2148.800	2150.600	2148.400	2149.400	           1836	
 03/04-11:11	2149.400	2149.400	2146.400	2147.800	           2330	
 03/04-11:12	2147.400	2148.400	2146.400	2147.800	           1405	
 03/04-11:13	2148.000	2148.600	2146.600	2147.400	           1377	
 03/04-11:14	2147.600	2150.000	2145.400	2149.400	           3765	
 03/04-11:15	2149.400	2149.400	2146.800	2147.000	           1951	
 03/04-11:16	2146.600	2148.000	2146.000	2148.000	           1791	
 03/04-11:17	2148.000	2151.000	2147.800	2151.000	           2941	
 03/04-11:18	2150.600	2152.800	2150.200	2152.000	           3742	
 03/04-11:19	2151.600	2152.600	2151.000	2151.400	           2094	
 03/04-11:20	2151.200	2152.000	2150.800	2151.600	           1426	
 03/04-11:21	2151.600	2151.800	2149.600	2150.000	           1641	
 03/04-11:22	2150.000	2150.800	2148.200	2149.000	           1978	
 03/04-11:23	2149.000	2149.200	2147.200	2148.000	           2362	
 03/04-11:24	2148.000	2149.000	2145.200	2146.000	           3861	
 03/04-11:25	2145.800	2146.400	2143.000	2144.600	           6377	
 03/04-11:26	2144.800	2145.000	2143.400	2143.600	           2105	
 03/04-11:27	2143.600	2146.200	2143.600	2146.000	           2536	
 03/04-11:28	2146.000	2147.200	2145.400	2146.400	           2046	
 03/04-11:29	2146.600	2146.600	2144.400	2145.200	           1361	
 03/04-11:30	2145.000	2145.400	2143.200	2144.600	           2879	
 03/04-13:01	2145.200	2148.200	2144.800	2147.600	           2643	
 03/04-13:02	2147.600	2149.200	2147.200	2148.600	           2209	
 03/04-13:03	2148.600	2151.000	2148.400	2149.400	           2961	
 03/04-13:04	2149.600	2150.200	2149.400	2150.000	           1338	
 03/04-13:05	2149.800	2150.000	2149.200	2149.600	           1302	
 03/04-13:06	2149.600	2150.800	2149.000	2150.600	           1865	
 03/04-13:07	2150.600	2151.600	2150.600	2151.000	           2265	
 03/04-13:08	2150.800	2151.200	2150.000	2151.200	           1368	
 03/04-13:09	2151.000	2151.400	2149.000	2150.200	           1734	
 03/04-13:10	2150.200	2152.400	2150.000	2151.400	           2438	
 03/04-13:11	2151.800	2152.200	2150.200	2150.600	           1687	
 03/04-13:12	2150.400	2151.000	2149.800	2150.800	           1550	
 03/04-13:13	2151.000	2151.200	2150.200	2150.400	            899	
 03/04-13:14	2150.400	2150.400	2149.400	2150.200	           1352	
 03/04-13:15	2150.000	2151.800	2149.600	2149.800	           1690	
 03/04-13:16	2149.800	2150.800	2148.400	2150.200	           2272	
 03/04-13:17	2150.400	2150.400	2149.000	2150.000	           1049	
 03/04-13:18	2150.000	2150.000	2148.200	2148.800	           1535	
 03/04-13:19	2149.000	2149.000	2147.600	2147.800	           2108	
 03/04-13:20	2147.600	2148.400	2145.800	2146.200	           2885	
 03/04-13:21	2146.400	2147.200	2144.800	2145.200	           2920	
 03/04-13:22	2145.200	2146.600	2144.400	2145.000	           2496	
 03/04-13:23	2145.000	2145.000	2141.200	2141.600	           6320	
 03/04-13:24	2141.800	2142.400	2140.800	2142.200	           4427	
 03/04-13:25	2142.000	2142.200	2140.400	2141.400	           3086	
 03/04-13:26	2141.200	2142.600	2141.200	2142.200	           2396	
 03/04-13:27	2142.200	2143.600	2142.000	2143.000	           3019	
 03/04-13:28	2143.000	2143.000	2141.200	2142.600	           2247	
 03/04-13:29	2142.400	2143.200	2142.000	2142.800	           1207	
 03/04-13:30	2143.000	2144.000	2142.800	2143.000	           2510	
 03/04-13:31	2143.000	2144.800	2142.400	2144.800	           2618	
 03/04-13:32	2144.600	2144.800	2143.800	2144.400	           1696	
 03/04-13:33	2144.400	2145.400	2144.200	2145.200	           1509	
 03/04-13:34	2145.200	2145.800	2144.200	2145.800	           1682	
 03/04-13:35	2146.000	2146.600	2145.400	2145.600	           2430	
 03/04-13:36	2145.600	2145.600	2144.400	2144.800	           2136	
 03/04-13:37	2144.800	2145.000	2143.800	2144.600	           1945	
 03/04-13:38	2144.600	2144.800	2143.600	2144.400	           1336	
 03/04-13:39	2144.400	2145.600	2143.400	2143.400	           1959	
 03/04-13:40	2143.400	2143.600	2141.200	2141.600	           3293	
 03/04-13:41	2141.800	2143.200	2141.800	2142.800	           1957	
 03/04-13:42	2142.800	2143.800	2141.800	2143.800	           1875	
 03/04-13:43	2143.800	2144.600	2143.600	2144.400	           2084	
 03/04-13:44	2144.400	2144.400	2143.000	2144.000	           1013	
 03/04-13:45	2143.800	2145.800	2143.800	2145.600	           2422	
 03/04-13:46	2145.400	2151.800	2145.000	2150.400	           8234	
 03/04-13:47	2150.800	2151.600	2150.200	2150.400	           4693	
 03/04-13:48	2150.200	2150.400	2149.000	2149.800	           3434	
 03/04-13:49	2149.600	2150.800	2149.200	2150.200	           2144	
 03/04-13:50	2149.800	2150.600	2149.200	2150.600	           2092	
 03/04-13:51	2150.400	2150.400	2149.000	2149.400	           1684	
 03/04-13:52	2149.400	2149.400	2148.200	2148.400	           1894	
 03/04-13:53	2148.200	2148.400	2147.200	2147.800	           2256	
 03/04-13:54	2147.800	2148.000	2146.200	2147.200	           2789	
 03/04-13:55	2147.200	2148.800	2146.400	2148.200	           2276	
 03/04-13:56	2148.000	2148.600	2147.600	2148.200	           1570	
 03/04-13:57	2148.400	2150.000	2148.400	2149.600	           2329	
 03/04-13:58	2149.800	2150.000	2148.600	2149.200	           1953	
 03/04-13:59	2149.200	2149.800	2147.000	2147.000	           1607	
 03/04-14:00	2147.000	2150.600	2146.800	2150.400	           2653	
 03/04-14:01	2150.600	2153.400	2150.200	2153.200	           5073	
 03/04-14:02	2153.200	2154.800	2153.000	2153.800	           6707	
 03/04-14:03	2153.800	2154.600	2153.400	2153.400	           2415	
 03/04-14:04	2153.200	2154.400	2152.800	2154.000	           3094	
 03/04-14:05	2154.400	2156.000	2154.000	2155.800	           4707	
 03/04-14:06	2155.800	2157.600	2155.000	2157.600	           6821	
 03/04-14:07	2158.000	2161.400	2157.800	2159.000	           8406	
 03/04-14:08	2158.800	2159.600	2157.000	2157.000	           4140	
 03/04-14:09	2157.200	2157.200	2156.200	2157.200	           3464	
 03/04-14:10	2157.000	2157.200	2155.800	2157.000	           2567	
 03/04-14:11	2157.200	2157.400	2155.400	2156.400	           2737	
 03/04-14:12	2156.600	2158.000	2155.400	2155.800	           2625	
 03/04-14:13	2155.800	2156.600	2155.600	2156.000	           1576	
 03/04-14:14	2156.000	2156.000	2154.000	2155.000	           3533	
 03/04-14:15	2155.000	2157.400	2155.000	2157.000	           2848	
 03/04-14:16	2156.800	2157.400	2156.200	2156.600	           1842	
 03/04-14:17	2156.400	2157.600	2155.000	2157.200	           2304	
 03/04-14:18	2157.200	2159.800	2156.800	2159.200	           3699	
 03/04-14:19	2159.000	2161.800	2157.600	2161.200	           4853	
 03/04-14:20	2161.400	2161.400	2158.400	2158.400	           3569	
 03/04-14:21	2158.600	2159.800	2158.200	2158.800	           2096	
 03/04-14:22	2158.600	2159.200	2157.800	2158.000	           2070	
 03/04-14:23	2157.800	2160.400	2157.400	2159.800	           2796	
 03/04-14:24	2159.600	2160.000	2158.400	2158.800	           1808	
 03/04-14:25	2158.800	2158.800	2157.000	2157.400	           2187	
 03/04-14:26	2157.400	2159.000	2156.600	2158.200	           2754	
 03/04-14:27	2158.000	2166.000	2158.000	2164.600	          11676	
 03/04-14:28	2164.200	2166.600	2163.200	2165.000	           6638	
 03/04-14:29	2165.000	2167.200	2164.800	2165.200	           3769	
 03/04-14:30	2165.200	2165.800	2164.400	2165.000	           1984	
 03/04-14:31	2165.000	2165.800	2163.200	2163.400	           4092	
 03/04-14:32	2163.400	2164.600	2163.200	2164.600	           2307	
 03/04-14:33	2164.400	2164.600	2162.400	2163.400	           2435	
 03/04-14:34	2163.400	2165.400	2163.400	2164.800	           2222	
 03/04-14:35	2165.000	2167.600	2163.800	2167.400	           3695	
 03/04-14:36	2166.800	2167.200	2165.200	2166.800	           3551	
 03/04-14:37	2166.800	2167.800	2165.000	2165.800	           3902	
 03/04-14:38	2165.600	2166.200	2163.600	2164.000	           3228	
 03/04-14:39	2164.000	2167.200	2164.000	2167.200	           2431	
 03/04-14:40	2167.200	2167.800	2166.000	2166.800	           4179	
 03/04-14:41	2167.000	2168.000	2164.400	2164.800	           3230	
 03/04-14:42	2164.800	2165.400	2163.800	2165.200	           2804	
 03/04-14:43	2165.400	2165.800	2163.400	2164.000	           3048	
 03/04-14:44	2164.000	2164.200	2162.200	2162.200	           4351	
 03/04-14:45	2162.600	2162.600	2161.000	2162.400	           4009	
 03/04-14:46	2162.200	2163.600	2161.800	2162.600	           2680	
 03/04-14:47	2162.200	2163.000	2160.400	2160.800	           2784	
 03/04-14:48	2160.600	2160.600	2159.000	2159.400	           4129	
 03/04-14:49	2159.600	2160.000	2158.800	2159.600	           2561	
 03/04-14:50	2159.600	2161.000	2159.600	2160.000	           2494	
 03/04-14:51	2159.800	2162.200	2159.800	2162.000	           2628	
 03/04-14:52	2162.000	2162.800	2161.400	2162.200	           2167	
 03/04-14:53	2162.400	2162.800	2161.800	2162.200	           1282	
 03/04-14:54	2162.200	2162.400	2161.000	2161.600	           1724	
 03/04-14:55	2161.400	2162.400	2160.400	2160.800	           1454	
 03/04-14:56	2160.800	2161.600	2160.200	2160.200	           1114	
 03/04-14:57	2160.200	2160.400	2159.000	2159.200	           3039	
 03/04-14:58	2159.000	2159.600	2158.400	2159.400	           2104	
 03/04-14:59	2159.200	2160.400	2159.200	2159.800	           1545	
 03/04-15:00	2159.600	2161.200	2159.600	2160.800	           1761	
 03/04-15:01	2160.600	2162.200	2160.400	2162.000	           1971	
 03/04-15:02	2161.800	2163.200	2161.800	2162.800	           2168	
 03/04-15:03	2162.800	2163.800	2162.400	2163.400	           2120	
 03/04-15:04	2163.400	2165.400	2163.200	2165.200	           3589	
 03/04-15:05	2165.000	2169.000	2164.400	2169.000	           5885	
 03/04-15:06	2168.400	2169.800	2168.200	2168.600	           4660	
 03/04-15:07	2168.400	2170.800	2168.400	2169.000	           3366	
 03/04-15:08	2169.200	2171.200	2168.800	2170.200	           2988	
 03/04-15:09	2170.000	2171.400	2169.400	2170.000	           2522	
 03/04-15:10	2170.200	2171.400	2170.000	2170.000	           2188	
 03/04-15:11	2170.200	2171.200	2169.400	2171.000	           1867	
 03/04-15:12	2171.000	2171.800	2170.000	2170.400	           2338	
 03/04-15:13	2170.400	2171.600	2169.600	2171.200	           2189	
 03/04-15:14	2171.200	2172.200	2170.600	2170.600	           4158	
 03/04-15:15	2171.000	2171.000	2169.400	2169.800	           4274	
 03/05-09:16	2177.600	2181.000	2177.600	2179.400	          10643	
 03/05-09:17	2179.400	2182.600	2179.000	2181.400	           4563	
 03/05-09:18	2181.400	2181.400	2178.600	2178.600	           3125	
 03/05-09:19	2178.600	2179.200	2175.600	2176.000	           4206	
 03/05-09:20	2175.800	2178.800	2175.800	2176.800	           2605	
 03/05-09:21	2176.600	2176.800	2173.200	2175.000	           3750	
 03/05-09:22	2175.000	2175.800	2174.000	2175.600	           2339	
 03/05-09:23	2175.600	2175.600	2173.600	2174.000	           1827	
 03/05-09:24	2174.000	2175.000	2172.400	2173.000	           2516	
 03/05-09:25	2173.200	2174.400	2172.600	2172.600	           2334	
 03/05-09:26	2172.400	2174.600	2171.200	2173.600	           3134	
 03/05-09:27	2173.800	2175.200	2173.800	2174.200	           1959	
 03/05-09:28	2174.200	2174.400	2172.200	2172.800	           1594	
 03/05-09:29	2172.600	2174.600	2172.400	2173.800	           1347	
 03/05-09:30	2173.600	2174.000	2167.000	2167.000	           5752	
 03/05-09:31	2166.400	2170.200	2166.200	2169.800	           5036	
 03/05-09:32	2169.800	2170.800	2166.800	2167.200	           3023	
 03/05-09:33	2167.200	2167.800	2166.800	2167.200	            776	
 03/05-09:34	2165.200	2166.800	2165.000	2165.800	           7054	
 03/05-09:35	2165.600	2168.200	2165.000	2167.000	           2805	
 03/05-09:36	2166.400	2167.800	2165.000	2166.400	           2700	
 03/05-09:37	2166.600	2166.600	2165.200	2165.800	           1788	
 03/05-09:38	2166.000	2166.400	2163.600	2166.200	           4224	
 03/05-09:39	2166.400	2168.000	2166.400	2167.400	           2990	
 03/05-09:40	2167.400	2169.000	2166.800	2168.400	           3070	
 03/05-09:41	2168.600	2168.600	2166.400	2166.800	           1727	
 03/05-09:42	2166.200	2167.000	2165.200	2166.200	           2279	
 03/05-09:43	2166.400	2166.400	2162.800	2164.400	           4091	
 03/05-09:44	2164.000	2165.000	2162.000	2163.000	           3355	
 03/05-09:45	2163.200	2163.200	2161.400	2163.200	           2540	
 03/05-09:46	2163.000	2163.600	2161.400	2162.400	           2028	
 03/05-09:47	2162.600	2163.800	2161.600	2162.200	           2263	
 03/05-09:48	2162.200	2162.600	2160.400	2161.200	           3555	
 03/05-09:49	2161.400	2164.200	2161.400	2163.200	           2353	
 03/05-09:50	2163.200	2164.400	2162.600	2162.600	           2178	
 03/05-09:51	2162.800	2163.200	2161.000	2161.200	           2214	
 03/05-09:52	2161.200	2162.000	2160.200	2160.600	           2525	
 03/05-09:53	2160.200	2161.800	2158.800	2159.000	           3927	
 03/05-09:54	2159.200	2160.000	2158.400	2159.200	           2739	
 03/05-09:55	2159.200	2159.600	2156.800	2157.600	           3199	
 03/05-09:56	2157.400	2159.200	2156.800	2159.000	           2972	
 03/05-09:57	2159.400	2161.600	2159.400	2160.400	           3792	
 03/05-09:58	2160.600	2161.200	2160.200	2161.200	           2059	
 03/05-09:59	2161.200	2162.200	2160.600	2161.200	           1927	
 03/05-10:00	2161.400	2161.800	2160.800	2161.000	           1706	
 03/05-10:01	2161.000	2161.800	2160.200	2161.400	           1643	
 03/05-10:02	2161.000	2161.000	2158.600	2159.000	           2731	
 03/05-10:03	2159.000	2159.800	2158.200	2159.600	           2187	
 03/05-10:04	2159.600	2161.200	2159.200	2161.000	           1745	
 03/05-10:05	2161.000	2162.200	2160.400	2161.000	           2245	
 03/05-10:06	2161.000	2161.000	2158.200	2158.200	           1953	
 03/05-10:07	2157.600	2157.800	2152.600	2153.600	           9247	
 03/05-10:08	2153.600	2154.600	2153.000	2154.400	           3535	
 03/05-10:09	2154.400	2155.200	2153.000	2153.600	           2676	
 03/05-10:10	2153.200	2160.000	2153.200	2159.000	           5413	
 03/05-10:11	2159.200	2162.200	2159.200	2160.200	           4915	
 03/05-10:12	2160.400	2160.400	2157.000	2158.400	           2753	
 03/05-10:13	2158.600	2158.600	2155.400	2155.600	           2984	
 03/05-10:14	2155.600	2157.800	2154.000	2157.400	           2990	
 03/05-10:15	2157.400	2157.600	2154.800	2155.200	           2562	
 03/05-10:16	2155.400	2156.400	2153.400	2154.200	           2875	
 03/05-10:17	2154.000	2156.400	2153.400	2156.400	           1891	
 03/05-10:18	2156.200	2156.200	2153.600	2154.000	           1794	
 03/05-10:19	2154.400	2158.000	2153.800	2157.600	           3160	
 03/05-10:20	2157.600	2158.600	2155.600	2156.400	           2612	
 03/05-10:21	2156.000	2160.000	2155.600	2160.000	           2798	
 03/05-10:22	2160.000	2160.600	2158.800	2160.600	           2890	
 03/05-10:23	2160.800	2160.800	2158.600	2159.600	           2116	
 03/05-10:24	2158.800	2159.400	2158.000	2158.200	           1596	
 03/05-10:25	2158.000	2159.800	2157.600	2159.800	           1930	
 03/05-10:26	2159.800	2159.800	2156.200	2156.400	           1752	
 03/05-10:27	2156.600	2157.200	2154.200	2155.000	           3738	
 03/05-10:28	2155.000	2156.200	2155.000	2155.800	           1643	
 03/05-10:29	2156.000	2156.800	2155.200	2156.000	           1247	
 03/05-10:30	2156.000	2156.600	2151.600	2153.000	           5274	
 03/05-10:31	2153.600	2153.800	2151.800	2153.600	           3210	
 03/05-10:32	2153.600	2156.200	2153.400	2155.400	           3059	
 03/05-10:33	2155.800	2157.600	2154.800	2157.400	           3195	
 03/05-10:34	2157.600	2158.800	2156.000	2157.800	           2536	
 03/05-10:35	2157.800	2158.200	2156.400	2158.200	           1865	
 03/05-10:36	2158.200	2158.400	2155.600	2156.800	           2584	
 03/05-10:37	2156.600	2156.800	2155.200	2155.200	           1330	
 03/05-10:38	2155.200	2155.200	2152.200	2154.200	           4093	
 03/05-10:39	2154.400	2154.800	2151.000	2151.800	           4638	
 03/05-10:40	2151.800	2153.000	2151.200	2152.200	           2982	
 03/05-10:41	2152.400	2154.000	2150.600	2150.800	           3078	
 03/05-10:42	2150.800	2153.200	2150.400	2152.600	           3008	
 03/05-10:43	2152.800	2153.600	2152.200	2153.000	           1480	
 03/05-10:44	2152.600	2154.400	2151.400	2153.600	           2123	
 03/05-10:45	2153.800	2153.800	2151.400	2151.800	           1361	
 03/05-10:46	2151.800	2153.200	2150.800	2152.600	           2754	
 03/05-10:47	2152.800	2155.000	2152.600	2155.000	           1882	
 03/05-10:48	2155.000	2155.600	2150.400	2150.800	           4205	
 03/05-10:49	2150.800	2152.600	2149.800	2151.200	           5099	
 03/05-10:50	2151.600	2152.200	2150.200	2150.400	           2395	
 03/05-10:51	2150.000	2150.400	2148.600	2150.000	           3430	
 03/05-10:52	2150.000	2153.200	2150.000	2151.800	           2688	
 03/05-10:53	2151.800	2153.200	2151.000	2152.800	           1937	
 03/05-10:54	2152.800	2154.400	2152.200	2153.400	           2733	
 03/05-10:55	2153.800	2156.800	2153.200	2155.800	           5157	
 03/05-10:56	2156.000	2158.400	2156.000	2157.000	           3744	
 03/05-10:57	2157.200	2157.800	2156.600	2157.400	           2339	
 03/05-10:58	2157.400	2157.600	2156.200	2157.200	           1956	
 03/05-10:59	2157.400	2158.000	2157.000	2157.400	           1838	
 03/05-11:00	2157.400	2157.800	2156.600	2157.600	           1895	
 03/05-11:01	2157.600	2157.600	2156.000	2156.600	           1797	
 03/05-11:02	2156.400	2156.800	2155.600	2156.200	           1784	
 03/05-11:03	2156.400	2156.800	2155.800	2156.800	           1048	
 03/05-11:04	2156.800	2157.600	2155.000	2155.800	           2413	
 03/05-11:05	2155.800	2157.400	2155.600	2157.400	           1974	
 03/05-11:06	2157.600	2160.200	2157.200	2159.600	           5042	
 03/05-11:07	2159.600	2162.000	2159.600	2160.800	           5255	
 03/05-11:08	2160.800	2161.400	2159.200	2161.200	           3141	
 03/05-11:09	2161.000	2163.000	2159.800	2162.000	           4367	
 03/05-11:10	2162.600	2164.000	2162.200	2164.000	           5095	
 03/05-11:11	2164.000	2164.000	2162.600	2163.000	           2371	
 03/05-11:12	2163.000	2163.000	2160.000	2160.800	           3810	
 03/05-11:13	2160.800	2160.800	2159.200	2160.200	           3053	
 03/05-11:14	2160.200	2160.400	2159.200	2159.400	           1518	
 03/05-11:15	2159.400	2161.200	2159.400	2161.200	           1644	
 03/05-11:16	2161.200	2161.600	2157.600	2157.600	           3557	
 03/05-11:17	2158.000	2159.400	2157.400	2157.600	           3352	
 03/05-11:18	2157.600	2157.800	2156.400	2156.800	           2727	
 03/05-11:19	2156.800	2157.600	2156.400	2156.600	           1673	
 03/05-11:20	2156.800	2159.000	2156.400	2156.600	           2239	
 03/05-11:21	2156.400	2157.600	2156.400	2157.200	           1584	
 03/05-11:22	2157.200	2158.200	2156.800	2158.000	           1150	
 03/05-11:23	2158.200	2159.200	2157.400	2159.200	           1401	
 03/05-11:24	2159.200	2159.800	2158.000	2158.400	           2462	
 03/05-11:25	2158.400	2159.600	2156.800	2158.400	           1952	
 03/05-11:26	2158.800	2164.200	2158.800	2163.200	           5427	
 03/05-11:27	2163.400	2165.000	2162.200	2163.000	           4383	
 03/05-11:28	2162.800	2164.400	2162.200	2163.000	           2091	
 03/05-11:29	2163.000	2163.600	2161.800	2163.200	           2144	
 03/05-11:30	2163.800	2164.400	2161.800	2161.800	           2689	
 03/05-13:01	2162.000	2164.400	2162.000	2163.800	           2012	
 03/05-13:02	2163.800	2163.800	2162.200	2162.600	           1200	
 03/05-13:03	2162.400	2162.600	2159.400	2159.400	           3130	
 03/05-13:04	2159.200	2159.800	2157.600	2158.800	           2868	
 03/05-13:05	2159.000	2159.600	2158.200	2158.800	           1821	
 03/05-13:06	2158.800	2159.600	2157.600	2159.200	           2170	
 03/05-13:07	2159.000	2159.200	2157.600	2157.800	           1509	
 03/05-13:08	2158.000	2159.000	2157.200	2158.600	           1658	
 03/05-13:09	2158.600	2158.800	2157.600	2157.600	           1318	
 03/05-13:10	2157.200	2157.800	2156.800	2157.400	           1931	
 03/05-13:11	2157.600	2158.800	2157.400	2158.800	           1227	
 03/05-13:12	2158.800	2159.200	2157.000	2157.200	           2167	
 03/05-13:13	2157.000	2157.400	2153.800	2154.600	           5770	
 03/05-13:14	2155.000	2156.000	2154.400	2154.800	           2447	
 03/05-13:15	2155.000	2155.600	2154.000	2154.600	           2028	
 03/05-13:16	2154.600	2156.400	2154.600	2155.800	           1679	
 03/05-13:17	2155.800	2156.800	2155.800	2156.400	           1765	
 03/05-13:18	2156.400	2157.600	2155.600	2156.400	           1690	
 03/05-13:19	2156.400	2157.400	2156.000	2156.800	           1385	
 03/05-13:20	2157.000	2158.800	2156.800	2158.000	           2632	
 03/05-13:21	2158.000	2158.000	2156.400	2156.400	           1650	
 03/05-13:22	2156.600	2157.400	2156.200	2157.200	           1400	
 03/05-13:23	2157.400	2157.800	2155.200	2155.400	           2335	
 03/05-13:24	2155.400	2155.800	2154.000	2154.800	           2520	
 03/05-13:25	2154.400	2154.800	2153.400	2154.000	           2312	
 03/05-13:26	2154.000	2155.200	2153.800	2154.000	           1968	
 03/05-13:27	2153.800	2155.200	2153.400	2155.000	           1844	
 03/05-13:28	2154.800	2155.400	2154.000	2155.200	           1344	
 03/05-13:29	2155.000	2155.800	2153.600	2154.000	           1802	
 03/05-13:30	2154.400	2155.600	2153.800	2154.800	           1711	
 03/05-13:31	2155.200	2155.200	2153.000	2153.800	           2491	
 03/05-13:32	2153.800	2154.000	2152.800	2153.600	           1476	
 03/05-13:33	2153.600	2155.400	2153.600	2154.800	           1673	
 03/05-13:34	2154.600	2157.200	2154.400	2156.400	           3058	
 03/05-13:35	2156.200	2156.800	2155.400	2156.600	           1732	
 03/05-13:36	2156.600	2157.400	2156.000	2156.600	           1747	
 03/05-13:37	2156.800	2156.800	2155.400	2156.000	           1171	
 03/05-13:38	2156.000	2156.800	2155.400	2156.600	           1092	
 03/05-13:39	2156.600	2159.800	2156.600	2158.600	           4342	
 03/05-13:40	2158.600	2159.600	2158.000	2159.600	           2586	
 03/05-13:41	2159.600	2160.800	2158.600	2160.400	           3383	
 03/05-13:42	2160.800	2162.400	2160.600	2161.200	           2827	
 03/05-13:43	2161.000	2161.800	2161.000	2161.400	           1151	
 03/05-13:44	2161.000	2163.200	2160.800	2162.000	           7052	
 03/05-13:45	2162.000	2162.600	2160.600	2162.000	           3359	
 03/05-13:46	2162.000	2162.000	2160.400	2161.000	           2370	
 03/05-13:47	2160.800	2160.800	2159.800	2160.600	           2235	
 03/05-13:48	2160.400	2161.800	2160.200	2160.600	           2195	
 03/05-13:49	2160.400	2161.200	2159.600	2160.600	           2010	
 03/05-13:50	2161.000	2161.800	2160.200	2161.800	           1534	
 03/05-13:51	2161.800	2161.800	2160.200	2160.400	           1512	
 03/05-13:52	2160.400	2162.000	2160.400	2161.000	           2075	
 03/05-13:53	2161.200	2161.200	2157.200	2157.800	           4245	
 03/05-13:54	2158.000	2158.000	2156.000	2156.800	           4181	
 03/05-13:55	2156.800	2157.000	2155.800	2156.400	           2431	
 03/05-13:56	2156.400	2157.200	2156.400	2156.600	           1349	
 03/05-13:57	2156.600	2157.400	2156.200	2156.200	           1221	
 03/05-13:58	2156.200	2156.800	2155.200	2155.800	           2322	
 03/05-13:59	2156.000	2156.600	2155.600	2156.200	           1174	
 03/05-14:00	2156.000	2157.000	2156.000	2156.400	           1514	
 03/05-14:01	2156.200	2158.200	2156.000	2157.800	           1674	
 03/05-14:02	2157.800	2158.000	2156.600	2156.800	           1626	
 03/05-14:03	2156.800	2157.200	2156.200	2156.600	           1239	
 03/05-14:04	2156.600	2157.400	2156.000	2156.400	           1544	
 03/05-14:05	2156.200	2156.200	2155.000	2155.400	           2810	
 03/05-14:06	2155.200	2155.400	2154.000	2154.200	           2744	
 03/05-14:07	2154.200	2154.800	2153.600	2154.000	           2051	
 03/05-14:08	2154.400	2154.600	2153.200	2154.400	           2228	
 03/05-14:09	2154.400	2154.800	2153.600	2153.800	           1946	
 03/05-14:10	2153.600	2155.000	2153.400	2154.000	           2228	
 03/05-14:11	2154.200	2154.600	2153.000	2154.600	           2183	
 03/05-14:12	2154.800	2155.200	2153.000	2153.600	           1977	
 03/05-14:13	2153.400	2154.600	2153.200	2154.200	           1368	
 03/05-14:14	2154.400	2154.800	2153.000	2154.400	           1781	
 03/05-14:15	2154.600	2155.000	2154.000	2154.200	           1590	
 03/05-14:16	2154.000	2154.800	2153.400	2154.800	           1479	
 03/05-14:17	2154.800	2156.200	2154.600	2155.200	           2685	
 03/05-14:18	2155.400	2155.400	2153.600	2155.000	           1904	
 03/05-14:19	2155.200	2155.400	2153.800	2154.200	           1327	
 03/05-14:20	2154.200	2154.400	2153.000	2153.200	           2162	
 03/05-14:21	2153.400	2153.400	2149.600	2150.800	           7089	
 03/05-14:22	2150.600	2152.000	2150.600	2151.000	           2757	
 03/05-14:23	2151.200	2151.600	2150.800	2151.000	           1523	
 03/05-14:24	2151.200	2152.000	2151.000	2151.200	           1586	
 03/05-14:25	2151.400	2151.600	2150.600	2151.000	           1232	
 03/05-14:26	2150.600	2152.200	2149.200	2149.200	           2686	
 03/05-14:27	2149.000	2150.000	2148.200	2149.600	           3523	
 03/05-14:28	2149.400	2149.800	2145.600	2146.400	           4842	
 03/05-14:29	2146.800	2147.400	2145.800	2147.000	           2851	
 03/05-14:30	2147.000	2148.200	2146.000	2147.600	           2493	
 03/05-14:31	2147.800	2150.600	2146.800	2150.200	           4798	
 03/05-14:32	2150.200	2150.200	2149.400	2150.000	           2096	
 03/05-14:33	2150.000	2151.600	2149.800	2151.400	           3331	
 03/05-14:34	2151.400	2151.400	2150.200	2150.200	           1577	
 03/05-14:35	2150.400	2151.000	2149.600	2150.600	           2106	
 03/05-14:36	2150.400	2150.800	2149.400	2149.800	           1593	
 03/05-14:37	2149.600	2150.400	2147.000	2149.000	           3205	
 03/05-14:38	2148.800	2149.400	2148.200	2148.600	           1668	
 03/05-14:39	2148.600	2149.600	2147.400	2149.600	           1733	
 03/05-14:40	2149.600	2150.400	2147.600	2150.200	           1961	
 03/05-14:41	2149.800	2150.600	2148.600	2149.800	           1967	
 03/05-14:42	2149.600	2149.600	2147.200	2147.800	           1906	
 03/05-14:43	2147.600	2147.800	2146.200	2147.200	           2485	
 03/05-14:44	2147.400	2148.000	2146.200	2146.800	           1953	
 03/05-14:45	2146.600	2147.400	2146.200	2146.800	           2038	
 03/05-14:46	2146.800	2147.400	2146.400	2147.400	           1644	
 03/05-14:47	2147.600	2149.600	2147.600	2149.000	           3769	
 03/05-14:48	2148.800	2149.000	2147.200	2148.200	           1632	
 03/05-14:49	2148.000	2148.800	2147.400	2148.400	           1226	
 03/05-14:50	2148.400	2150.000	2148.400	2149.800	           2171	
 03/05-14:51	2149.800	2151.200	2149.600	2151.000	           3236	
 03/05-14:52	2151.000	2151.600	2150.400	2150.600	           2190	
 03/05-14:53	2150.400	2150.600	2149.400	2150.400	           1942	
 03/05-14:54	2150.200	2151.000	2150.000	2150.200	           1180	
 03/05-14:55	2150.200	2150.600	2149.400	2150.600	           1444	
 03/05-14:56	2150.400	2150.800	2150.000	2150.600	           1062	
 03/05-14:57	2150.400	2151.000	2149.800	2150.000	           1425	
 03/05-14:58	2150.000	2151.000	2149.800	2150.400	           1326	
 03/05-14:59	2150.600	2150.800	2149.400	2150.000	           1691	
 03/05-15:00	2149.800	2150.200	2148.200	2149.400	           2330	
 03/05-15:01	2149.200	2150.200	2149.000	2150.200	           1212	
 03/05-15:02	2150.200	2150.800	2149.800	2149.800	           1114	
 03/05-15:03	2149.800	2150.200	2149.400	2150.000	            936	
 03/05-15:04	2150.000	2150.800	2149.800	2150.000	           1078	
 03/05-15:05	2150.000	2150.400	2149.400	2149.400	           1295	
 03/05-15:06	2149.200	2149.400	2147.600	2148.400	           2291	
 03/05-15:07	2148.000	2149.200	2148.000	2148.600	           1455	
 03/05-15:08	2148.600	2148.800	2147.600	2148.000	           1863	
 03/05-15:09	2148.200	2149.800	2148.000	2149.200	           1718	
 03/05-15:10	2149.400	2150.200	2149.000	2150.200	           1619	
 03/05-15:11	2150.200	2150.200	2149.000	2149.600	            970	
 03/05-15:12	2149.600	2149.600	2148.400	2149.000	           1307	
 03/05-15:13	2148.800	2149.200	2148.400	2148.800	           1352	
 03/05-15:14	2148.800	2149.200	2148.200	2148.600	           2381	
 03/05-15:15	2149.000	2150.000	2148.800	2149.600	           3889	
 03/06-09:16	2143.000	2145.400	2139.400	2140.800	           9817	
 03/06-09:17	2141.200	2144.000	2140.200	2141.800	           3518	
 03/06-09:18	2142.000	2144.000	2141.000	2144.000	           2179	
 03/06-09:19	2144.000	2146.800	2143.600	2145.400	           3288	
 03/06-09:20	2145.200	2145.600	2143.600	2144.000	           2078	
 03/06-09:21	2144.400	2145.800	2144.000	2145.000	           1520	
 03/06-09:22	2144.800	2145.200	2144.200	2144.800	           1075	
 03/06-09:23	2144.600	2145.400	2144.400	2144.600	            904	
 03/06-09:24	2144.600	2145.200	2144.000	2144.600	            841	
 03/06-09:25	2144.600	2146.200	2143.600	2146.200	           1635	
 03/06-09:26	2146.000	2146.800	2143.400	2143.400	           1871	
 03/06-09:27	2143.200	2145.000	2143.200	2144.600	           1379	
 03/06-09:28	2144.800	2145.400	2144.000	2144.800	            917	
 03/06-09:29	2145.000	2145.000	2143.400	2144.000	            910	
 03/06-09:30	2144.400	2146.200	2144.000	2146.200	           1551	
 03/06-09:31	2146.200	2146.800	2144.000	2146.400	           2153	
 03/06-09:32	2146.000	2147.600	2145.000	2146.000	           2624	
 03/06-09:33	2146.000	2147.000	2144.200	2147.000	           1696	
 03/06-09:34	2147.000	2147.600	2145.600	2147.000	           1876	
 03/06-09:35	2147.200	2148.800	2146.800	2148.400	           3265	
 03/06-09:36	2148.600	2149.200	2148.200	2149.000	           2959	
 03/06-09:37	2149.000	2149.000	2148.000	2148.400	           1646	
 03/06-09:38	2148.600	2149.200	2147.000	2147.400	           2618	
 03/06-09:39	2147.400	2147.600	2146.000	2147.400	           2817	
 03/06-09:40	2147.400	2148.000	2146.000	2146.400	           1958	
 03/06-09:41	2146.200	2147.000	2145.200	2145.600	           2639	
 03/06-09:42	2145.600	2146.000	2145.000	2145.400	           1655	
 03/06-09:43	2145.200	2145.200	2142.200	2142.400	           4314	
 03/06-09:44	2142.600	2143.400	2141.400	2142.400	           2878	
 03/06-09:45	2142.600	2143.400	2141.000	2141.000	           2942	
 03/06-09:46	2140.400	2140.800	2135.400	2137.200	           9933	
 03/06-09:47	2137.000	2137.400	2132.600	2133.000	           7008	
 03/06-09:48	2133.000	2135.400	2132.000	2134.000	           5311	
 03/06-09:49	2134.000	2135.400	2133.200	2133.600	           2442	
 03/06-09:50	2133.600	2134.400	2133.000	2133.200	           3264	
 03/06-09:51	2133.400	2135.400	2132.200	2133.200	           3624	
 03/06-09:52	2133.400	2133.400	2130.000	2132.800	           6221	
 03/06-09:53	2133.000	2133.600	2132.200	2132.800	           1648	
 03/06-09:54	2133.000	2133.400	2129.800	2129.800	           4836	
 03/06-09:55	2129.000	2131.200	2128.600	2128.800	           5283	
 03/06-09:56	2128.600	2129.400	2125.200	2126.800	           6052	
 03/06-09:57	2126.600	2127.000	2123.800	2124.800	           6293	
 03/06-09:58	2124.600	2126.400	2122.800	2125.800	           4944	
 03/06-09:59	2126.000	2128.600	2125.800	2128.200	           4517	
 03/06-10:00	2127.800	2128.000	2125.000	2125.200	           3197	
 03/06-10:01	2125.200	2128.800	2125.200	2128.200	           2936	
 03/06-10:02	2128.200	2130.800	2127.600	2129.400	           4215	
 03/06-10:03	2129.600	2130.600	2128.400	2129.000	           2240	
 03/06-10:04	2128.800	2129.800	2128.400	2128.600	           1315	
 03/06-10:05	2128.400	2128.800	2123.600	2124.200	           6361	
 03/06-10:06	2124.200	2125.200	2121.800	2123.400	           6472	
 03/06-10:07	2123.800	2125.200	2122.200	2124.800	           3149	
 03/06-10:08	2124.800	2125.600	2122.600	2125.400	           3393	
 03/06-10:09	2125.200	2126.400	2124.400	2124.600	           1784	
 03/06-10:10	2125.000	2126.400	2124.000	2125.600	           2005	
 03/06-10:11	2125.400	2125.800	2122.200	2123.000	           3082	
 03/06-10:12	2122.800	2123.200	2121.400	2122.800	           3731	
 03/06-10:13	2122.800	2123.200	2121.200	2121.800	           2830	
 03/06-10:14	2122.000	2122.200	2120.600	2121.600	           3312	
 03/06-10:15	2121.400	2123.800	2121.200	2122.400	           2388	
 03/06-10:16	2122.400	2122.800	2117.800	2119.600	           6658	
 03/06-10:17	2119.600	2123.600	2119.600	2122.800	           4694	
 03/06-10:18	2123.000	2123.400	2121.600	2121.800	           2236	
 03/06-10:19	2121.800	2124.200	2121.400	2123.400	           2552	
 03/06-10:20	2123.600	2124.400	2122.600	2124.200	           2410	
 03/06-10:21	2124.000	2124.000	2122.000	2123.400	           1763	
 03/06-10:22	2123.400	2124.000	2122.400	2123.800	           1318	
 03/06-10:23	2124.000	2125.000	2122.600	2125.000	           1777	
 03/06-10:24	2125.200	2125.200	2123.200	2124.000	           2274	
 03/06-10:25	2123.800	2124.400	2122.600	2124.200	           1706	
 03/06-10:26	2124.200	2124.200	2122.800	2124.000	           1347	
 03/06-10:27	2124.000	2124.600	2123.000	2123.800	           1556	
 03/06-10:28	2124.200	2131.400	2124.000	2130.200	          11599	
 03/06-10:29	2131.000	2136.400	2130.400	2133.600	          11498	
 03/06-10:30	2133.400	2133.400	2130.600	2132.200	           4751	
 03/06-10:31	2132.600	2133.200	2129.400	2130.200	           4265	
 03/06-10:32	2130.200	2131.000	2129.200	2129.600	           2556	
 03/06-10:33	2129.800	2130.600	2128.600	2130.000	           2185	
 03/06-10:34	2129.600	2130.200	2127.600	2128.200	           2963	
 03/06-10:35	2128.200	2131.400	2127.600	2131.400	           3267	
 03/06-10:36	2131.200	2132.800	2130.600	2131.200	           3354	
 03/06-10:37	2131.200	2131.400	2129.600	2130.200	           2872	
 03/06-10:38	2130.600	2131.600	2128.800	2129.600	           2442	
 03/06-10:39	2129.800	2131.200	2129.200	2130.000	           1716	
 03/06-10:40	2130.600	2132.000	2130.400	2131.400	           1989	
 03/06-10:41	2131.400	2136.000	2130.600	2134.400	           6733	
 03/06-10:42	2134.400	2135.000	2133.400	2135.000	           3411	
 03/06-10:43	2135.200	2136.200	2132.200	2132.200	           3835	
 03/06-10:44	2132.000	2133.600	2131.400	2132.200	           2825	
 03/06-10:45	2132.400	2133.400	2131.800	2133.000	           1635	
 03/06-10:46	2132.800	2133.200	2129.400	2130.000	           4431	
 03/06-10:47	2130.000	2130.200	2128.600	2129.600	           2458	
 03/06-10:48	2129.400	2129.800	2128.200	2128.800	           2281	
 03/06-10:49	2128.400	2129.000	2127.200	2128.200	           2466	
 03/06-10:50	2128.400	2129.600	2128.000	2128.600	           1930	
 03/06-10:51	2128.800	2131.000	2128.400	2128.600	           2455	
 03/06-10:52	2128.400	2130.200	2128.400	2129.800	           1321	
 03/06-10:53	2129.800	2131.800	2129.800	2131.600	           2703	
 03/06-10:54	2131.400	2131.600	2129.600	2131.200	           1839	
 03/06-10:55	2130.800	2131.000	2128.800	2128.800	           2116	
 03/06-10:56	2128.600	2129.400	2127.800	2128.400	           2264	
 03/06-10:57	2128.200	2130.400	2128.200	2128.600	           1349	
 03/06-10:58	2128.600	2128.800	2125.800	2126.200	           3419	
 03/06-10:59	2126.400	2126.800	2123.200	2123.800	           6209	
 03/06-11:00	2123.800	2124.200	2122.400	2123.400	           3442	
 03/06-11:01	2123.800	2124.200	2122.400	2123.200	           2504	
 03/06-11:02	2123.400	2123.800	2122.400	2122.800	           2402	
 03/06-11:03	2123.000	2123.600	2121.600	2122.000	           2714	
 03/06-11:04	2122.000	2122.600	2120.400	2121.400	           3248	
 03/06-11:05	2121.400	2123.200	2121.400	2123.200	           2002	
 03/06-11:06	2123.200	2124.200	2122.800	2123.400	           2441	
 03/06-11:07	2123.400	2125.000	2123.000	2124.000	           2637	
 03/06-11:08	2123.800	2125.000	2123.000	2124.600	           2100	
 03/06-11:09	2124.600	2125.200	2123.800	2124.200	           1313	
 03/06-11:10	2123.800	2125.800	2123.800	2124.400	           2180	
 03/06-11:11	2124.600	2127.200	2124.600	2127.000	           3353	
 03/06-11:12	2127.200	2131.600	2127.000	2130.800	           6338	
 03/06-11:13	2130.200	2131.000	2129.600	2130.800	           3070	
 03/06-11:14	2130.800	2131.000	2129.600	2130.600	           2033	
 03/06-11:15	2130.800	2133.600	2130.600	2132.200	           5609	
 03/06-11:16	2132.400	2133.400	2131.200	2131.800	           2555	
 03/06-11:17	2131.600	2133.400	2131.000	2132.400	           2585	
 03/06-11:18	2132.600	2135.000	2132.600	2134.400	           4408	
 03/06-11:19	2134.000	2136.200	2134.000	2134.200	           4316	
 03/06-11:20	2134.000	2134.000	2132.400	2133.000	           3118	
 03/06-11:21	2133.400	2133.400	2131.800	2132.000	           2005	
 03/06-11:22	2132.200	2133.000	2130.800	2131.800	           2170	
 03/06-11:23	2132.000	2133.600	2132.000	2133.600	           1632	
 03/06-11:24	2133.400	2133.800	2129.400	2130.200	           3701	
 03/06-11:25	2130.600	2142.000	2130.400	2142.000	          10671	
 03/06-11:26	2142.800	2154.000	2142.800	2150.400	          21894	
 03/06-11:27	2150.400	2150.600	2148.000	2150.200	           7213	
 03/06-11:28	2150.600	2151.800	2147.200	2147.600	           6517	
 03/06-11:29	2147.800	2149.600	2147.000	2148.000	           4028	
 03/06-11:30	2147.600	2152.800	2147.400	2151.000	           6647	
 03/06-13:01	2150.800	2152.400	2149.600	2151.800	           5342	
 03/06-13:02	2151.800	2151.800	2148.400	2148.400	           4135	
 03/06-13:03	2148.600	2149.200	2147.800	2148.600	           3078	
 03/06-13:04	2148.600	2152.800	2148.200	2152.800	           4162	
 03/06-13:05	2153.000	2154.800	2152.000	2154.400	           6724	
 03/06-13:06	2154.400	2155.000	2152.400	2153.400	           4335	
 03/06-13:07	2153.400	2156.000	2153.200	2154.000	           4132	
 03/06-13:08	2154.000	2155.800	2152.200	2152.200	           3894	
 03/06-13:09	2152.200	2155.400	2151.400	2154.800	           4171	
 03/06-13:10	2154.400	2155.000	2153.200	2154.600	           2267	
 03/06-13:11	2154.800	2156.200	2152.800	2156.200	           4060	
 03/06-13:12	2156.600	2161.600	2156.600	2159.200	          10182	
 03/06-13:13	2159.400	2161.200	2159.400	2160.600	           4174	
 03/06-13:14	2160.600	2161.200	2159.800	2161.000	           3611	
 03/06-13:15	2161.000	2162.400	2159.800	2161.200	           4715	
 03/06-13:16	2161.600	2163.600	2161.000	2162.000	           4630	
 03/06-13:17	2161.800	2161.800	2159.000	2160.000	           5548	
 03/06-13:18	2159.800	2160.200	2157.600	2158.400	           4356	
 03/06-13:19	2158.200	2158.400	2155.400	2155.800	           4589	
 03/06-13:20	2156.000	2158.200	2155.600	2157.600	           3133	
 03/06-13:21	2157.600	2158.000	2155.200	2156.400	           3273	
 03/06-13:22	2156.600	2156.600	2153.600	2154.000	           4501	
 03/06-13:23	2154.000	2156.400	2154.000	2155.600	           2244	
 03/06-13:24	2155.800	2157.800	2155.800	2155.800	           2402	
 03/06-13:25	2155.800	2156.200	2154.000	2155.400	           2506	
 03/06-13:26	2155.200	2155.800	2153.400	2153.600	           2646	
 03/06-13:27	2153.600	2153.600	2150.800	2151.800	           5430	
 03/06-13:28	2151.800	2152.600	2151.000	2151.200	           3183	
 03/06-13:29	2151.200	2153.600	2151.200	2152.200	           2697	
 03/06-13:30	2152.200	2153.200	2151.600	2152.600	           1765	
 03/06-13:31	2152.600	2155.600	2152.600	2154.200	           3640	
 03/06-13:32	2154.200	2155.000	2151.800	2152.600	           2481	
 03/06-13:33	2152.600	2153.400	2152.200	2153.000	           1284	
 03/06-13:34	2153.000	2153.000	2150.400	2150.400	           3422	
 03/06-13:35	2150.400	2152.600	2150.000	2152.600	           3527	
 03/06-13:36	2152.600	2153.400	2151.600	2151.600	           2065	
 03/06-13:37	2151.400	2155.400	2151.400	2155.000	           3853	
 03/06-13:38	2155.200	2157.800	2154.800	2156.600	           4492	
 03/06-13:39	2156.600	2157.800	2156.000	2157.600	           2760	
 03/06-13:40	2157.600	2159.600	2157.600	2158.800	           4698	
 03/06-13:41	2158.800	2159.000	2157.200	2157.800	           2548	
 03/06-13:42	2158.000	2158.600	2156.200	2157.600	           3148	
 03/06-13:43	2157.600	2158.800	2156.400	2157.000	           2293	
 03/06-13:44	2156.800	2158.000	2156.800	2157.800	           1311	
 03/06-13:45	2157.800	2159.000	2157.400	2158.800	           2715	
 03/06-13:46	2158.800	2161.200	2158.800	2161.200	           4096	
 03/06-13:47	2161.400	2162.200	2155.600	2155.800	           6685	
 03/06-13:48	2155.800	2156.200	2153.800	2154.400	           4549	
 03/06-13:49	2154.400	2155.200	2152.800	2153.800	           4157	
 03/06-13:50	2153.800	2154.400	2152.200	2153.800	           3263	
 03/06-13:51	2153.800	2155.000	2153.400	2154.400	           1913	
 03/06-13:52	2154.600	2155.200	2153.800	2155.000	           1554	
 03/06-13:53	2155.200	2157.800	2155.000	2157.000	           3650	
 03/06-13:54	2157.000	2164.800	2156.600	2163.400	           8170	
 03/06-13:55	2163.800	2170.000	2162.400	2167.000	          12255	
 03/06-13:56	2167.200	2167.200	2164.400	2164.600	           5565	
 03/06-13:57	2165.000	2167.800	2164.800	2166.600	           3951	
 03/06-13:58	2166.600	2167.000	2164.400	2165.600	           2953	
 03/06-13:59	2165.600	2167.600	2165.600	2167.600	           2716	
 03/06-14:00	2167.600	2169.400	2166.400	2168.800	           4851	
 03/06-14:01	2168.400	2168.400	2165.000	2166.200	           4133	
 03/06-14:02	2166.200	2171.600	2165.800	2168.400	           7068	
 03/06-14:03	2168.200	2168.200	2162.800	2163.800	           5993	
 03/06-14:04	2163.600	2164.400	2162.200	2162.200	           3860	
 03/06-14:05	2162.400	2163.800	2162.400	2162.600	           2121	
 03/06-14:06	2162.600	2163.800	2162.200	2162.200	           2015	
 03/06-14:07	2162.400	2164.600	2162.400	2162.600	           2492	
 03/06-14:08	2162.600	2162.600	2159.600	2160.800	           5245	
 03/06-14:09	2160.600	2162.200	2160.200	2162.200	           2299	
 03/06-14:10	2162.600	2165.000	2161.800	2164.400	           3875	
 03/06-14:11	2164.400	2166.800	2164.400	2165.600	           3891	
 03/06-14:12	2165.400	2166.600	2163.400	2163.400	           2783	
 03/06-14:13	2163.400	2164.600	2163.000	2163.800	           1612	
 03/06-14:14	2163.800	2166.800	2163.800	2166.000	           2557	
 03/06-14:15	2166.200	2167.800	2165.200	2167.200	           3530	
 03/06-14:16	2167.200	2167.200	2163.800	2165.400	           3324	
 03/06-14:17	2165.600	2165.800	2163.600	2164.400	           2342	
 03/06-14:18	2164.400	2167.800	2164.200	2167.800	           2819	
 03/06-14:19	2167.600	2169.800	2167.200	2168.600	           5080	
 03/06-14:20	2168.400	2168.600	2165.000	2166.200	           3956	
 03/06-14:21	2166.000	2169.200	2164.800	2169.200	           3353	
 03/06-14:22	2169.600	2172.200	2169.000	2169.000	           7123	
 03/06-14:23	2168.800	2172.200	2168.400	2169.400	           4856	
 03/06-14:24	2170.000	2171.800	2168.400	2169.600	           3343	
 03/06-14:25	2169.400	2169.800	2167.600	2168.600	           3104	
 03/06-14:26	2168.400	2168.400	2165.800	2167.000	           3814	
 03/06-14:27	2166.800	2172.200	2166.800	2171.600	           4800	
 03/06-14:28	2171.800	2173.000	2170.200	2172.000	           4595	
 03/06-14:29	2172.000	2172.600	2171.000	2171.200	           2290	
 03/06-14:30	2171.200	2173.200	2171.200	2172.000	           3306	
 03/06-14:31	2172.000	2173.600	2170.600	2172.200	           3538	
 03/06-14:32	2172.000	2173.000	2170.800	2172.400	           2577	
 03/06-14:33	2172.600	2173.000	2170.600	2170.600	           2644	
 03/06-14:34	2170.600	2170.600	2167.200	2169.600	           5443	
 03/06-14:35	2169.600	2171.600	2169.200	2169.600	           2525	
 03/06-14:36	2169.800	2169.800	2165.000	2166.400	           6022	
 03/06-14:37	2166.400	2167.000	2165.800	2165.800	           1835	
 03/06-14:38	2166.000	2169.000	2165.400	2167.400	           2802	
 03/06-14:39	2167.200	2167.200	2165.000	2165.800	           2643	
 03/06-14:40	2165.800	2166.400	2164.000	2164.800	           2781	
 03/06-14:41	2165.200	2167.000	2164.800	2165.800	           2608	
 03/06-14:42	2165.800	2166.400	2164.400	2164.800	           2239	
 03/06-14:43	2165.000	2166.800	2164.800	2166.200	           2066	
 03/06-14:44	2166.200	2167.600	2165.000	2165.000	           2554	
 03/06-14:45	2164.800	2166.600	2164.600	2166.200	           2197	
 03/06-14:46	2166.200	2168.400	2166.000	2167.600	           2487	
 03/06-14:47	2167.800	2167.800	2165.200	2165.400	           2138	
 03/06-14:48	2165.200	2166.000	2165.000	2165.200	           1511	
 03/06-14:49	2165.200	2165.800	2163.200	2164.000	           3486	
 03/06-14:50	2163.800	2164.800	2162.800	2163.000	           2894	
 03/06-14:51	2162.800	2164.200	2162.800	2163.600	           1626	
 03/06-14:52	2163.600	2165.400	2163.400	2164.400	           1690	
 03/06-14:53	2164.200	2164.400	2163.600	2163.600	           1139	
 03/06-14:54	2163.600	2164.000	2163.000	2163.200	           1613	
 03/06-14:55	2163.200	2163.600	2161.200	2161.400	           3639	
 03/06-14:56	2161.400	2161.400	2160.000	2160.800	           4168	
 03/06-14:57	2161.000	2162.200	2160.800	2161.800	           2080	
 03/06-14:58	2161.800	2162.600	2161.400	2162.600	           1468	
 03/06-14:59	2162.600	2163.800	2162.000	2163.200	           2510	
 03/06-15:00	2163.200	2163.600	2162.200	2162.400	           1532	
 03/06-15:01	2162.400	2164.200	2162.400	2163.800	           1810	
 03/06-15:02	2163.800	2164.200	2163.400	2163.800	           1216	
 03/06-15:03	2163.800	2164.600	2163.400	2164.000	           1176	
 03/06-15:04	2164.000	2164.200	2163.200	2163.200	            874	
 03/06-15:05	2163.000	2164.200	2163.000	2164.000	            960	
 03/06-15:06	2164.000	2164.800	2163.800	2164.600	           1269	
 03/06-15:07	2164.400	2165.400	2164.000	2165.400	           1443	
 03/06-15:08	2165.400	2166.600	2165.000	2166.200	           2234	
 03/06-15:09	2166.400	2167.600	2165.800	2167.200	           2167	
 03/06-15:10	2167.200	2167.800	2166.600	2166.800	           1710	
 03/06-15:11	2167.000	2167.800	2166.600	2166.800	           1283	
 03/06-15:12	2166.800	2168.000	2166.600	2167.200	           1416	
 03/06-15:13	2167.200	2167.400	2166.600	2167.000	           1387	
 03/06-15:14	2167.200	2168.600	2167.000	2168.400	           2667	
 03/06-15:15	2168.400	2169.200	2167.200	2167.400	           3911	
 03/07-09:16	2165.800	2168.800	2164.800	2167.000	           6756	
 03/07-09:17	2166.600	2168.000	2166.600	2168.000	           2182	
 03/07-09:18	2168.000	2168.600	2167.200	2167.800	           1765	
 03/07-09:19	2167.800	2167.800	2166.600	2167.200	           1466	
 03/07-09:20	2167.600	2170.000	2167.200	2168.800	           2385	
 03/07-09:21	2168.400	2168.600	2166.600	2166.600	           2044	
 03/07-09:22	2166.600	2166.800	2162.800	2163.400	           4455	
 03/07-09:23	2163.600	2164.000	2161.600	2162.600	           2865	
 03/07-09:24	2162.600	2163.600	2161.800	2162.000	           1722	
 03/07-09:25	2161.800	2163.200	2161.400	2161.600	           1742	
 03/07-09:26	2161.600	2162.600	2161.000	2162.600	           1559	
 03/07-09:27	2162.600	2163.800	2162.400	2163.000	           1455	
 03/07-09:28	2162.800	2163.400	2162.000	2162.400	            921	
 03/07-09:29	2162.400	2164.000	2162.400	2164.000	           1109	
 03/07-09:30	2164.000	2164.400	2163.000	2163.400	           1140	
 03/07-09:31	2163.600	2164.800	2163.200	2163.400	           1192	
 03/07-09:32	2163.200	2163.400	2157.400	2158.600	           6688	
 03/07-09:33	2158.800	2160.000	2156.600	2160.000	           4062	
 03/07-09:34	2160.400	2170.600	2160.400	2169.800	           9221	
 03/07-09:35	2169.600	2171.400	2167.600	2171.000	           7168	
 03/07-09:36	2171.400	2172.800	2169.800	2171.000	           5990	
 03/07-09:37	2171.000	2171.200	2167.800	2169.800	           4583	
 03/07-09:38	2170.000	2172.400	2169.400	2170.800	           4213	
 03/07-09:39	2171.000	2171.600	2170.000	2170.400	           2228	
 03/07-09:40	2170.600	2172.400	2170.400	2172.000	           3002	
 03/07-09:41	2172.000	2172.400	2168.200	2168.800	           3674	
 03/07-09:42	2168.800	2169.800	2166.200	2167.000	           4452	
 03/07-09:43	2167.400	2168.600	2166.800	2166.800	           2497	
 03/07-09:44	2166.600	2166.600	2162.400	2163.000	           5777	
 03/07-09:45	2163.000	2164.200	2162.000	2162.400	           4147	
 03/07-09:46	2162.400	2164.400	2161.000	2164.200	           3702	
 03/07-09:47	2164.000	2165.000	2163.600	2164.800	           2064	
 03/07-09:48	2164.600	2169.400	2164.400	2168.200	           3534	
 03/07-09:49	2167.800	2171.000	2167.600	2170.000	           5536	
 03/07-09:50	2170.000	2170.400	2167.600	2169.800	           2894	
 03/07-09:51	2170.400	2171.200	2168.400	2170.600	           3194	
 03/07-09:52	2170.400	2170.800	2168.200	2170.400	           2599	
 03/07-09:53	2170.200	2174.800	2170.000	2173.400	           6760	
 03/07-09:54	2173.000	2174.600	2171.600	2174.000	           4613	
 03/07-09:55	2174.000	2176.400	2173.800	2175.800	           6589	
 03/07-09:56	2175.000	2175.200	2172.200	2173.200	           4717	
 03/07-09:57	2173.200	2174.200	2172.600	2173.800	           2560	
 03/07-09:58	2173.800	2174.000	2171.600	2173.800	           3333	
 03/07-09:59	2174.200	2174.200	2172.000	2173.600	           1997	
 03/07-10:00	2173.800	2175.600	2172.000	2174.800	           4057	
 03/07-10:01	2174.600	2177.000	2173.600	2176.000	           4619	
 03/07-10:02	2175.800	2177.000	2175.600	2176.000	           3046	
 03/07-10:03	2176.000	2176.000	2171.800	2173.400	           5885	
 03/07-10:04	2173.600	2173.600	2171.800	2172.400	           2656	
 03/07-10:05	2172.600	2172.800	2170.400	2170.800	           4068	
 03/07-10:06	2170.600	2172.800	2170.200	2172.600	           2972	
 03/07-10:07	2172.600	2172.600	2171.200	2171.800	           1721	
 03/07-10:08	2171.800	2175.600	2170.600	2170.600	           4473	
 03/07-10:09	2170.400	2170.400	2168.800	2170.000	           5086	
 03/07-10:10	2170.000	2171.400	2169.400	2171.000	           2832	
 03/07-10:11	2171.000	2172.000	2170.600	2171.200	           1944	
 03/07-10:12	2171.200	2173.400	2170.600	2171.200	           2435	
 03/07-10:13	2171.200	2171.400	2169.200	2170.000	           2218	
 03/07-10:14	2170.000	2172.000	2170.000	2171.600	           1953	
 03/07-10:15	2172.000	2173.000	2171.800	2172.800	           2019	
 03/07-10:16	2172.800	2174.000	2172.200	2173.000	           2436	
 03/07-10:17	2173.000	2173.400	2171.600	2173.000	           1923	
 03/07-10:18	2173.200	2174.800	2172.800	2174.600	           2482	
 03/07-10:19	2174.400	2175.600	2172.600	2173.000	           3593	
 03/07-10:20	2173.200	2174.400	2172.400	2173.800	           1568	
 03/07-10:21	2173.600	2174.000	2172.400	2172.400	           1295	
 03/07-10:22	2172.800	2174.000	2171.400	2173.200	           2701	
 03/07-10:23	2173.400	2174.600	2172.800	2174.400	           2051	
 03/07-10:24	2174.200	2176.600	2173.800	2176.200	           3856	
 03/07-10:25	2176.600	2176.600	2175.000	2176.000	           2420	
 03/07-10:26	2175.800	2177.400	2175.400	2176.200	           4014	
 03/07-10:27	2176.600	2176.600	2173.600	2173.600	           3809	
 03/07-10:28	2173.800	2175.000	2173.200	2174.200	           1999	
 03/07-10:29	2174.000	2174.800	2173.200	2173.400	           2009	
 03/07-10:30	2173.200	2175.000	2173.000	2174.400	           1831	
 03/07-10:31	2174.600	2175.000	2170.600	2171.600	           4580	
 03/07-10:32	2171.600	2172.200	2170.800	2170.800	           2031	
 03/07-10:33	2170.800	2172.000	2170.200	2171.600	           2320	
 03/07-10:34	2171.600	2172.000	2170.200	2171.600	           1798	
 03/07-10:35	2172.000	2172.000	2170.600	2171.200	           1277	
 03/07-10:36	2171.200	2172.600	2170.600	2170.600	           1636	
 03/07-10:37	2170.800	2170.800	2165.400	2165.800	           9839	
 03/07-10:38	2165.800	2167.200	2165.200	2165.600	           4834	
 03/07-10:39	2165.600	2166.000	2164.400	2164.600	           3502	
 03/07-10:40	2164.800	2165.800	2164.600	2165.000	           2176	
 03/07-10:41	2164.800	2165.600	2164.400	2165.600	           2270	
 03/07-10:42	2165.600	2166.400	2165.000	2165.600	           2504	
 03/07-10:43	2165.600	2167.200	2165.400	2166.400	           2132	
 03/07-10:44	2166.400	2166.800	2165.200	2165.800	           1568	
 03/07-10:45	2166.000	2166.200	2164.800	2165.600	           2280	
 03/07-10:46	2165.600	2166.600	2163.600	2164.000	           3059	
 03/07-10:47	2164.200	2164.400	2162.600	2164.200	           3265	
 03/07-10:48	2164.000	2164.200	2163.000	2163.600	           2018	
 03/07-10:49	2163.600	2165.200	2163.400	2164.600	           1858	
 03/07-10:50	2164.400	2164.400	2163.400	2163.600	           1199	
 03/07-10:51	2163.600	2165.600	2163.600	2165.200	           1642	
 03/07-10:52	2165.400	2166.600	2165.200	2165.600	           2215	
 03/07-10:53	2165.600	2167.600	2165.600	2166.200	           2577	
 03/07-10:54	2166.200	2166.600	2165.200	2165.600	           1269	
 03/07-10:55	2165.400	2166.600	2165.000	2166.000	           1352	
 03/07-10:56	2165.800	2166.800	2165.600	2166.200	            945	
 03/07-10:57	2166.200	2166.200	2164.000	2164.600	           1954	
 03/07-10:58	2164.600	2165.400	2164.000	2164.800	           1736	
 03/07-10:59	2165.000	2166.600	2165.000	2166.000	           1620	
 03/07-11:00	2166.200	2168.000	2166.000	2166.600	           2660	
 03/07-11:01	2166.600	2167.600	2166.200	2166.400	           1827	
 03/07-11:02	2166.600	2167.400	2164.800	2165.000	           1793	
 03/07-11:03	2165.000	2165.200	2161.400	2162.400	           5533	
 03/07-11:04	2162.000	2162.200	2160.400	2161.000	           5639	
 03/07-11:05	2161.000	2162.200	2160.800	2161.000	           2400	
 03/07-11:06	2161.000	2161.800	2160.600	2161.400	           1742	
 03/07-11:07	2161.000	2161.000	2160.000	2160.800	           2929	
 03/07-11:08	2160.800	2162.200	2160.600	2161.000	           1939	
 03/07-11:09	2161.000	2162.000	2161.000	2161.400	           1399	
 03/07-11:10	2161.200	2162.200	2160.600	2161.000	           1350	
 03/07-11:11	2161.200	2162.800	2161.000	2162.800	           1699	
 03/07-11:12	2162.800	2163.600	2162.000	2162.200	           2396	
 03/07-11:13	2162.400	2162.600	2160.200	2161.200	           2775	
 03/07-11:14	2161.200	2162.600	2161.000	2161.200	           1200	
 03/07-11:15	2161.200	2161.600	2158.000	2158.000	           4553	
 03/07-11:16	2158.000	2158.000	2153.600	2154.000	           9976	
 03/07-11:17	2154.000	2154.000	2152.400	2153.200	           4925	
 03/07-11:18	2153.200	2154.400	2153.000	2153.400	           2752	
 03/07-11:19	2153.600	2154.600	2152.200	2154.200	           3579	
 03/07-11:20	2154.400	2154.400	2152.800	2152.800	           2051	
 03/07-11:21	2152.600	2153.400	2152.200	2152.400	           2157	
 03/07-11:22	2152.400	2153.800	2151.600	2152.800	           3231	
 03/07-11:23	2153.000	2155.000	2152.800	2154.200	           3037	
 03/07-11:24	2154.000	2155.000	2153.400	2153.800	           1838	
 03/07-11:25	2153.800	2154.800	2150.800	2150.800	           3034	
 03/07-11:26	2151.200	2152.400	2150.200	2151.800	           3811	
 03/07-11:27	2151.800	2153.600	2151.800	2153.000	           1700	
 03/07-11:28	2153.000	2154.600	2152.800	2153.600	           2065	
 03/07-11:29	2153.800	2154.800	2153.800	2154.600	           1868	
 03/07-11:30	2154.600	2155.000	2153.200	2153.800	           2424	
 03/07-13:01	2154.200	2154.800	2153.400	2154.600	           1556	
 03/07-13:02	2154.400	2154.400	2153.000	2153.000	           1611	
 03/07-13:03	2153.000	2153.200	2150.800	2150.800	           2341	
 03/07-13:04	2151.200	2152.600	2150.800	2151.800	           2106	
 03/07-13:05	2151.800	2153.000	2151.600	2152.800	           1133	
 03/07-13:06	2153.000	2154.000	2152.600	2153.800	           1553	
 03/07-13:07	2154.000	2154.600	2153.200	2153.400	           1916	
 03/07-13:08	2153.800	2154.800	2153.400	2154.200	           1467	
 03/07-13:09	2154.200	2155.400	2153.600	2155.200	           1858	
 03/07-13:10	2155.000	2156.400	2154.200	2155.600	           2920	
 03/07-13:11	2155.600	2157.800	2155.000	2156.800	           3145	
 03/07-13:12	2156.600	2157.400	2156.200	2157.200	           2073	
 03/07-13:13	2157.000	2157.200	2156.200	2156.800	           1260	
 03/07-13:14	2156.600	2157.600	2156.400	2156.400	           1804	
 03/07-13:15	2156.800	2156.800	2154.400	2154.600	           3460	
 03/07-13:16	2154.600	2155.600	2154.600	2155.400	           1539	
 03/07-13:17	2155.400	2156.800	2155.200	2156.400	           1406	
 03/07-13:18	2156.400	2157.600	2156.000	2157.000	           1935	
 03/07-13:19	2157.200	2157.600	2156.400	2156.800	           1754	
 03/07-13:20	2156.800	2159.000	2156.200	2158.800	           2981	
 03/07-13:21	2158.400	2160.000	2158.200	2159.400	           3940	
 03/07-13:22	2159.600	2160.000	2158.800	2159.400	           1897	
 03/07-13:23	2159.400	2159.800	2158.600	2159.200	           1869	
 03/07-13:24	2159.600	2160.400	2159.200	2160.200	           2147	
 03/07-13:25	2160.000	2160.200	2158.600	2159.200	           2628	
 03/07-13:26	2159.000	2159.800	2158.400	2159.600	           1563	
 03/07-13:27	2159.800	2160.400	2157.800	2158.800	           3078	
 03/07-13:28	2158.800	2159.000	2157.600	2158.800	           1925	
 03/07-13:29	2158.800	2160.000	2158.400	2159.600	           1420	
 03/07-13:30	2159.600	2160.000	2158.200	2159.600	           1748	
 03/07-13:31	2159.400	2161.400	2159.400	2160.800	           3522	
 03/07-13:32	2160.800	2163.000	2160.200	2162.200	           3684	
 03/07-13:33	2162.200	2162.200	2160.800	2161.000	           2145	
 03/07-13:34	2161.000	2161.600	2158.400	2158.400	           3549	
 03/07-13:35	2158.600	2160.600	2158.200	2160.600	           2418	
 03/07-13:36	2160.800	2161.400	2159.600	2160.000	           1547	
 03/07-13:37	2160.000	2160.800	2158.600	2159.400	           2282	
 03/07-13:38	2159.400	2159.400	2157.000	2157.800	           4429	
 03/07-13:39	2158.000	2158.200	2157.200	2157.600	           1828	
 03/07-13:40	2157.800	2158.400	2157.200	2157.600	           1468	
 03/07-13:41	2157.600	2159.400	2157.400	2158.600	           1959	
 03/07-13:42	2159.000	2161.400	2158.800	2160.800	           2898	
 03/07-13:43	2160.600	2160.800	2158.400	2159.800	           1983	
 03/07-13:44	2160.000	2160.000	2158.200	2159.200	           1252	
 03/07-13:45	2159.200	2160.800	2158.000	2159.200	           2392	
 03/07-13:46	2159.200	2162.000	2158.800	2161.400	           3647	
 03/07-13:47	2161.600	2162.200	2160.600	2162.000	           2858	
 03/07-13:48	2162.000	2162.600	2160.800	2161.200	           2119	
 03/07-13:49	2161.600	2161.600	2158.000	2158.800	           3199	
 03/07-13:50	2158.800	2159.800	2158.400	2159.800	           1773	
 03/07-13:51	2160.000	2161.200	2159.800	2160.800	           1601	
 03/07-13:52	2160.600	2161.600	2160.200	2161.400	           1358	
 03/07-13:53	2161.800	2161.800	2158.600	2158.600	           2315	
 03/07-13:54	2158.800	2161.600	2158.200	2161.400	           2060	
 03/07-13:55	2161.400	2163.000	2160.800	2161.600	           3093	
 03/07-13:56	2161.600	2164.800	2161.400	2163.600	           5443	
 03/07-13:57	2163.600	2163.800	2161.600	2162.200	           2315	
 03/07-13:58	2162.200	2163.000	2160.400	2160.800	           3346	
 03/07-13:59	2161.000	2161.000	2159.000	2159.400	           3072	
 03/07-14:00	2159.600	2159.600	2157.000	2157.000	           4975	
 03/07-14:01	2157.000	2157.000	2155.400	2156.400	           4176	
 03/07-14:02	2156.200	2156.800	2155.000	2155.800	           3225	
 03/07-14:03	2155.600	2155.800	2154.200	2154.600	           3096	
 03/07-14:04	2154.800	2155.400	2153.600	2154.200	           3088	
 03/07-14:05	2154.200	2154.800	2152.800	2153.400	           2916	
 03/07-14:06	2153.400	2154.000	2152.600	2153.000	           2109	
 03/07-14:07	2152.800	2154.000	2152.800	2153.200	           2293	
 03/07-14:08	2153.200	2153.600	2152.000	2152.600	           2365	
 03/07-14:09	2152.800	2153.200	2151.400	2151.800	           2713	
 03/07-14:10	2152.000	2153.200	2151.600	2151.800	           2018	
 03/07-14:11	2151.800	2153.400	2151.800	2153.200	           1444	
 03/07-14:12	2153.400	2153.400	2151.600	2152.200	           1811	
 03/07-14:13	2151.600	2152.600	2150.800	2152.600	           2579	
 03/07-14:14	2152.600	2153.400	2152.400	2153.000	           2528	
 03/07-14:15	2152.800	2153.000	2151.400	2151.600	           1808	
 03/07-14:16	2151.600	2152.000	2142.000	2144.600	          15090	
 03/07-14:17	2144.600	2145.400	2143.400	2144.600	           4368	
 03/07-14:18	2144.600	2145.200	2143.400	2144.200	           2779	
 03/07-14:19	2144.600	2144.800	2143.400	2144.400	           2098	
 03/07-14:20	2144.400	2144.600	2143.200	2143.600	           2050	
 03/07-14:21	2143.800	2146.200	2143.400	2145.400	           2895	
 03/07-14:22	2145.400	2147.800	2145.200	2146.600	           4586	
 03/07-14:23	2146.800	2147.200	2146.000	2146.200	           2131	
 03/07-14:24	2146.200	2146.200	2144.800	2144.800	           1773	
 03/07-14:25	2144.800	2145.400	2144.000	2145.200	           1939	
 03/07-14:26	2145.000	2145.600	2144.000	2144.600	           1680	
 03/07-14:27	2144.400	2144.600	2143.000	2144.200	           2407	
 03/07-14:28	2144.400	2145.800	2143.200	2145.000	           1925	
 03/07-14:29	2144.800	2145.000	2143.400	2144.800	           1498	
 03/07-14:30	2145.000	2146.400	2144.200	2146.000	           1724	
 03/07-14:31	2146.000	2148.600	2145.200	2148.000	           3790	
 03/07-14:32	2147.800	2148.600	2147.000	2148.000	           2264	
 03/07-14:33	2147.800	2150.600	2147.600	2149.600	           4194	
 03/07-14:34	2149.800	2151.800	2149.800	2150.800	           4471	
 03/07-14:35	2150.800	2151.800	2150.200	2150.800	           2576	
 03/07-14:36	2150.800	2151.600	2150.400	2151.400	           1746	
 03/07-14:37	2151.400	2151.800	2149.200	2150.000	           3192	
 03/07-14:38	2149.800	2150.600	2149.400	2150.600	           1460	
 03/07-14:39	2150.400	2150.800	2149.200	2150.200	           1497	
 03/07-14:40	2150.200	2151.000	2149.800	2150.600	           1602	
 03/07-14:41	2150.600	2152.800	2150.200	2150.800	           3226	
 03/07-14:42	2151.000	2151.400	2150.200	2151.000	           1171	
 03/07-14:43	2151.200	2151.600	2150.800	2151.200	           1398	
 03/07-14:44	2151.200	2151.800	2150.800	2151.600	           1136	
 03/07-14:45	2151.800	2151.800	2149.400	2149.600	           2942	
 03/07-14:46	2149.600	2151.200	2149.400	2150.600	           1993	
 03/07-14:47	2150.600	2151.000	2149.200	2150.000	           1534	
 03/07-14:48	2149.800	2150.200	2149.000	2149.600	           1512	
 03/07-14:49	2149.400	2151.800	2149.400	2151.000	           1892	
 03/07-14:50	2151.000	2152.000	2150.800	2151.400	           1921	
 03/07-14:51	2151.800	2152.200	2151.400	2151.600	           1727	
 03/07-14:52	2151.600	2152.000	2151.200	2151.400	           1226	
 03/07-14:53	2151.200	2152.000	2150.800	2151.600	           1420	
 03/07-14:54	2151.400	2152.600	2151.400	2152.200	           1889	
 03/07-14:55	2152.200	2152.400	2151.200	2151.600	           1806	
 03/07-14:56	2151.400	2152.200	2151.400	2151.800	           1186	
 03/07-14:57	2151.800	2152.000	2151.000	2151.600	           1219	
 03/07-14:58	2151.400	2151.800	2149.000	2149.000	           2475	
 03/07-14:59	2148.800	2149.000	2147.600	2148.000	           3140	
 03/07-15:00	2148.200	2149.400	2147.800	2148.200	           2275	
 03/07-15:01	2148.200	2149.400	2148.200	2149.200	           1035	
 03/07-15:02	2149.000	2149.400	2148.200	2148.200	           1347	
 03/07-15:03	2148.200	2148.600	2147.800	2147.800	           1642	
 03/07-15:04	2147.600	2148.200	2147.000	2147.400	           1724	
 03/07-15:05	2147.400	2148.000	2145.600	2145.600	           2749	
 03/07-15:06	2145.600	2145.600	2144.400	2145.200	           2499	
 03/07-15:07	2145.400	2145.800	2144.600	2145.000	           1531	
 03/07-15:08	2145.000	2145.200	2144.400	2145.200	           1291	
 03/07-15:09	2145.200	2145.200	2143.400	2143.800	           2180	
 03/07-15:10	2143.800	2144.200	2142.600	2143.200	           1679	
 03/07-15:11	2143.200	2143.600	2142.800	2143.400	           1194	
 03/07-15:12	2143.400	2144.400	2143.000	2143.600	           1719	
 03/07-15:13	2143.400	2143.800	2141.600	2142.600	           2740	
 03/07-15:14	2142.400	2142.400	2141.000	2142.200	           2554	
 03/07-15:15	2142.200	2142.400	2141.000	2141.200	           3309	