 08/20-09:16	2325.000	2329.000	2323.000	2326.000	           5416	      1.000	   2331.433	   2330.979	   2328.063	   2312.682	     -0.475	      0.046	      0.304	      0.000	
 08/20-09:17	2325.600	2325.600	2322.000	2325.000	           3227	      2.000	   2330.867	   2331.017	   2328.181	   2312.771	     -0.567	      0.037	      0.241	      0.000	
 08/20-09:18	2325.200	2329.800	2325.000	2329.000	           2816	      3.000	   2330.425	   2331.150	   2328.327	   2312.872	     -0.442	      0.133	      0.265	      0.000	
 08/20-09:19	2328.600	2329.000	2327.800	2328.600	           1492	      4.000	   2330.050	   2331.229	   2328.485	   2312.967	     -0.375	      0.079	      0.304	      0.000	
 08/20-09:20	2328.600	2329.600	2326.400	2327.600	           1629	      5.000	   2329.700	   2331.254	   2328.629	   2313.076	     -0.350	      0.025	      0.302	      0.000	
 08/20-09:21	2327.800	2330.200	2327.600	2328.600	           1699	      6.000	   2329.375	   2331.308	   2328.759	   2313.190	     -0.325	      0.054	      0.274	      0.000	
 08/20-09:22	2328.600	2330.200	2328.400	2329.000	           1621	      7.000	   2329.183	   2331.308	   2328.885	   2313.313	     -0.192	      0.000	      0.256	      0.000	
 08/20-09:23	2328.800	2329.800	2328.800	2329.200	            838	      8.000	   2328.967	   2331.367	   2328.994	   2313.433	     -0.217	      0.058	      0.234	      0.000	
 08/20-09:24	2329.200	2329.400	2327.800	2328.800	           1094	      9.000	   2328.708	   2331.433	   2329.102	   2313.548	     -0.258	      0.067	      0.217	      0.000	
 08/20-09:25	2328.800	2330.800	2328.600	2330.000	           2027	     10.000	   2328.558	   2331.504	   2329.232	   2313.652	     -0.150	      0.071	      0.239	      0.000	
 08/20-09:26	2330.000	2330.600	2328.600	2328.800	           1153	     11.000	   2328.358	   2331.517	   2329.357	   2313.752	     -0.200	      0.012	      0.255	      0.000	
 08/20-09:27	2329.000	2329.600	2328.600	2328.600	            808	     12.000	   2328.375	   2331.529	   2329.484	   2313.854	      0.017	      0.012	      0.252	      0.000	
 08/20-09:28	2328.600	2330.400	2327.200	2329.600	           1841	     13.000	   2328.433	   2331.558	   2329.618	   2313.963	      0.058	      0.029	      0.260	      0.000	
 08/20-09:29	2329.600	2330.400	2328.200	2329.400	           1026	     14.000	   2328.425	   2331.571	   2329.746	   2314.064	     -0.008	      0.012	      0.261	      0.000	
 08/20-09:30	2329.600	2330.200	2328.600	2328.600	            964	     15.000	   2328.400	   2331.521	   2329.819	   2314.176	     -0.025	     -0.050	      0.201	      0.000	
 08/20-09:31	2329.400	2333.000	2329.000	2332.600	           2698	     16.000	   2328.533	   2331.538	   2329.910	   2314.311	      0.134	      0.017	      0.165	      0.000	
 08/20-09:32	2332.400	2334.400	2331.000	2333.400	           3583	     17.000	   2328.767	   2331.575	   2330.002	   2314.443	      0.233	      0.037	      0.183	      0.000	
 08/20-09:33	2333.400	2335.200	2332.600	2334.600	           2819	     18.000	   2329.017	   2331.675	   2330.106	   2314.573	      0.250	      0.100	      0.196	      0.000	
 08/20-09:34	2334.800	2335.800	2334.400	2334.600	           2685	     19.000	   2329.233	   2331.717	   2330.212	   2314.702	      0.217	      0.042	      0.210	      0.000	
 08/20-09:35	2334.400	2335.400	2332.600	2333.600	           2601	     20.000	   2329.458	   2331.762	   2330.319	   2314.821	      0.225	      0.046	      0.213	      0.000	
 08/20-09:36	2333.600	2335.400	2332.400	2333.000	           2750	     21.000	   2329.592	   2331.867	   2330.429	   2314.935	      0.133	      0.104	      0.217	      0.000	
 08/20-09:37	2333.200	2335.800	2333.200	2335.000	           2289	     22.000	   2329.825	   2331.946	   2330.538	   2315.062	      0.233	      0.079	      0.219	      0.000	
 08/20-09:38	2334.600	2334.800	2331.400	2332.400	           2812	     23.000	   2329.917	   2331.954	   2330.657	   2315.159	      0.092	      0.008	      0.228	      0.000	
 08/20-09:39	2332.800	2333.400	2331.400	2332.800	           1819	     24.000	   2330.083	   2331.967	   2330.754	   2315.269	      0.167	      0.012	      0.217	      0.000	
 08/20-09:40	2332.800	2333.800	2331.000	2332.000	           1929	     25.000	   2330.275	   2331.883	   2330.848	   2315.375	      0.192	     -0.083	      0.191	      0.000	
 08/20-09:41	2331.800	2331.800	2330.400	2330.800	           2447	     26.000	   2330.375	   2331.762	   2330.921	   2315.485	      0.100	     -0.121	      0.167	      0.000	
 08/20-09:42	2330.600	2336.200	2330.000	2336.200	           5171	     27.000	   2330.667	   2331.721	   2331.043	   2315.629	      0.292	     -0.042	      0.195	      0.000	
 08/20-09:43	2336.400	2337.600	2335.200	2335.400	           5423	     28.000	   2330.817	   2331.667	   2331.159	   2315.762	      0.150	     -0.054	      0.239	      1.000	
 08/20-09:44	2335.400	2337.800	2335.200	2337.400	           2695	     29.000	   2331.000	   2331.646	   2331.256	   2315.914	      0.183	     -0.021	      0.214	      0.000	
 08/20-09:45	2337.200	2339.000	2336.400	2338.400	           4615	     30.000	   2331.300	   2331.604	   2331.348	   2316.066	      0.300	     -0.042	      0.188	      0.000	
 08/20-09:46	2338.600	2338.600	2336.600	2337.600	           2662	     31.000	   2331.692	   2331.563	   2331.404	   2316.220	      0.392	     -0.042	      0.148	      0.000	
 08/20-09:47	2337.600	2338.400	2336.800	2337.000	           1739	     32.000	   2332.092	   2331.479	   2331.460	   2316.382	      0.400	     -0.083	      0.113	      0.000	
 08/20-09:48	2337.000	2337.600	2335.400	2337.000	           2298	     33.000	   2332.358	   2331.392	   2331.488	   2316.543	      0.267	     -0.088	      0.083	      0.000	
 08/20-09:49	2337.000	2338.000	2334.800	2335.600	           2833	     34.000	   2332.583	   2331.317	   2331.519	   2316.700	      0.225	     -0.075	      0.058	      0.000	
 08/20-09:50	2335.800	2337.000	2335.200	2336.400	           2353	     35.000	   2332.883	   2331.292	   2331.565	   2316.858	      0.300	     -0.025	      0.077	      0.000	
 08/20-09:51	2336.400	2337.000	2334.200	2335.200	           2600	     36.000	   2333.100	   2331.238	   2331.600	   2317.006	      0.217	     -0.054	      0.081	      0.000	
 08/20-09:52	2335.200	2336.600	2334.400	2336.000	           2104	     37.000	   2333.333	   2331.258	   2331.637	   2317.158	      0.233	      0.021	      0.073	      0.000	
 08/20-09:53	2335.800	2336.400	2334.600	2335.000	           1796	     38.000	   2333.533	   2331.250	   2331.625	   2317.307	      0.200	     -0.008	      0.025	      0.000	
 08/20-09:54	2334.600	2338.000	2334.600	2338.000	           2063	     39.000	   2333.833	   2331.271	   2331.631	   2317.459	      0.300	      0.021	     -0.006	      0.000	
 08/20-09:55	2337.800	2341.200	2336.000	2339.400	           6467	     40.000	   2334.142	   2331.350	   2331.640	   2317.625	      0.308	      0.079	      0.015	      0.000	
 08/20-09:56	2339.200	2340.600	2337.800	2339.600	           3327	     41.000	   2334.508	   2331.433	   2331.692	   2317.791	      0.367	      0.083	      0.060	      0.000	
 08/20-09:57	2339.600	2341.600	2339.000	2341.600	           2248	     42.000	   2334.942	   2331.658	   2331.754	   2317.949	      0.433	      0.225	      0.115	      0.000	
 08/20-09:58	2342.000	2343.000	2341.200	2342.400	           5507	     43.000	   2335.367	   2331.900	   2331.833	   2318.111	      0.425	      0.241	      0.142	      0.000	
 08/20-09:59	2341.800	2342.200	2339.400	2340.400	           3720	     44.000	   2335.733	   2332.079	   2331.894	   2318.266	      0.367	      0.179	      0.140	      0.000	
 08/20-10:00	2340.000	2350.000	2340.000	2346.600	          10625	     45.000	   2336.333	   2332.367	   2331.958	   2318.441	      0.600	      0.288	      0.125	      0.000	
 08/20-10:01	2346.200	2353.200	2345.600	2349.600	           9468	     46.000	   2336.900	   2332.717	   2332.006	   2318.635	      0.567	      0.350	      0.113	      0.000	
 08/20-10:02	2349.800	2351.200	2345.800	2346.800	           5108	     47.000	   2337.342	   2333.054	   2332.054	   2318.828	      0.442	      0.338	      0.096	      0.000	
 08/20-10:03	2346.600	2348.000	2345.200	2348.000	           3774	     48.000	   2337.792	   2333.404	   2332.094	   2319.028	      0.450	      0.350	      0.087	      0.000	
 08/20-10:04	2347.800	2348.400	2344.200	2345.400	           4174	     49.000	   2338.158	   2333.696	   2332.171	   2319.218	      0.367	      0.292	      0.117	      0.000	
 08/20-10:05	2345.800	2346.400	2343.400	2343.800	           2742	     50.000	   2338.492	   2333.975	   2332.256	   2319.405	      0.333	      0.279	      0.163	      0.000	
 08/20-10:06	2344.200	2345.600	2344.200	2344.600	           2185	     51.000	   2338.875	   2334.233	   2332.363	   2319.592	      0.383	      0.258	      0.192	      0.000	
 08/20-10:07	2344.600	2347.600	2344.400	2347.200	           3385	     52.000	   2339.283	   2334.554	   2332.496	   2319.780	      0.408	      0.321	      0.240	      0.000	
 08/20-10:08	2347.400	2348.400	2341.400	2342.800	           4978	     53.000	   2339.633	   2334.775	   2332.600	   2319.957	      0.350	      0.221	      0.238	      0.000	
 08/20-10:09	2343.200	2345.200	2342.400	2344.800	           2986	     54.000	   2340.033	   2335.058	   2332.729	   2320.145	      0.400	      0.283	      0.233	      0.000	
 08/20-10:10	2345.200	2351.400	2345.000	2348.600	           7289	     55.000	   2340.583	   2335.429	   2332.915	   2320.341	      0.550	      0.371	      0.314	      0.000	
 08/20-10:11	2348.800	2349.000	2346.600	2348.200	           3249	     56.000	   2341.167	   2335.771	   2333.127	   2320.542	      0.583	      0.342	      0.398	      0.000	
 08/20-10:12	2348.000	2353.000	2347.400	2353.000	           4966	     57.000	   2341.725	   2336.196	   2333.385	   2320.763	      0.558	      0.425	      0.471	      0.000	
 08/20-10:13	2353.400	2355.000	2349.400	2349.400	           7570	     58.000	   2342.192	   2336.504	   2333.602	   2320.969	      0.467	      0.308	      0.475	      0.000	
 08/20-10:14	2349.000	2349.800	2346.600	2347.200	           4636	     59.000	   2342.517	   2336.758	   2333.798	   2321.171	      0.325	      0.254	      0.412	      0.000	
 08/20-10:15	2347.400	2351.000	2347.200	2351.000	           3039	     60.000	   2342.942	   2337.121	   2334.027	   2321.393	      0.425	      0.363	      0.425	      0.000	
 08/20-10:16	2350.600	2350.600	2345.000	2346.200	           4903	     61.000	   2343.225	   2337.458	   2334.219	   2321.605	      0.283	      0.337	      0.421	      0.000	
 08/20-10:17	2345.800	2346.200	2343.600	2343.800	           4135	     62.000	   2343.450	   2337.771	   2334.394	   2321.803	      0.225	      0.313	      0.367	      0.000	
 08/20-10:18	2344.000	2345.600	2339.400	2339.600	           5334	     63.000	   2343.542	   2337.950	   2334.550	   2321.982	      0.092	      0.179	      0.331	      0.000	
 08/20-10:19	2340.000	2340.400	2336.000	2337.600	           8878	     64.000	   2343.608	   2338.096	   2334.663	   2322.155	      0.067	      0.146	      0.269	      0.000	
 08/20-10:20	2336.800	2337.200	2334.400	2336.000	           6264	     65.000	   2343.592	   2338.238	   2334.746	   2322.320	     -0.017	      0.142	      0.196	      0.000	
 08/20-10:21	2336.000	2337.600	2336.000	2336.000	           3678	     66.000	   2343.617	   2338.358	   2334.833	   2322.476	      0.025	      0.121	      0.171	      0.000	
 08/20-10:22	2336.000	2337.200	2335.000	2335.800	           2903	     67.000	   2343.608	   2338.471	   2334.890	   2322.634	     -0.008	      0.113	      0.144	      0.000	
 08/20-10:23	2335.600	2337.200	2335.600	2336.200	           1958	     68.000	   2343.650	   2338.592	   2334.979	   2322.806	      0.042	      0.121	      0.146	      0.000	
 08/20-10:24	2336.400	2336.800	2335.000	2335.000	           2246	     69.000	   2343.550	   2338.692	   2335.063	   2322.962	     -0.100	      0.100	      0.173	      0.000	
 08/20-10:25	2335.000	2336.000	2330.800	2332.600	           8048	     70.000	   2343.325	   2338.733	   2335.119	   2323.113	     -0.225	      0.042	      0.139	      0.000	
 08/20-10:26	2332.600	2333.600	2331.200	2331.200	           2985	     71.000	   2343.042	   2338.775	   2335.146	   2323.258	     -0.283	      0.042	      0.083	      0.000	
 08/20-10:27	2331.200	2334.000	2331.000	2332.600	           3313	     72.000	   2342.750	   2338.846	   2335.188	   2323.412	     -0.292	      0.071	      0.069	      0.000	
 08/20-10:28	2332.800	2334.400	2332.200	2333.000	           1976	     73.000	   2342.433	   2338.900	   2335.229	   2323.566	     -0.317	      0.054	      0.083	      0.000	
 08/20-10:29	2333.000	2334.000	2332.200	2333.600	           1754	     74.000	   2342.208	   2338.971	   2335.271	   2323.736	     -0.225	      0.071	      0.083	      0.000	
 08/20-10:30	2334.000	2334.800	2331.400	2331.600	           2758	     75.000	   2341.700	   2339.017	   2335.269	   2323.896	     -0.508	      0.046	      0.040	      0.000	
 08/20-10:31	2332.000	2335.400	2331.400	2334.400	           3244	     76.000	   2341.200	   2339.050	   2335.294	   2324.071	     -0.500	      0.033	      0.023	      0.000	
 08/20-10:32	2334.400	2335.200	2333.200	2334.800	           1720	     77.000	   2340.800	   2339.071	   2335.323	   2324.244	     -0.400	      0.021	      0.054	      0.000	
 08/20-10:33	2334.400	2336.200	2334.000	2335.000	           2184	     78.000	   2340.367	   2339.079	   2335.377	   2324.409	     -0.433	      0.008	      0.083	      0.000	
 08/20-10:34	2335.000	2337.000	2334.800	2336.800	           2302	     79.000	   2340.075	   2339.117	   2335.417	   2324.583	     -0.292	      0.038	      0.094	      0.000	
 08/20-10:35	2336.800	2338.600	2335.600	2337.800	           3655	     80.000	   2339.883	   2339.188	   2335.475	   2324.767	     -0.192	      0.071	      0.098	      0.000	
 08/20-10:36	2337.600	2338.000	2336.800	2337.600	           2303	     81.000	   2339.650	   2339.262	   2335.565	   2324.954	     -0.233	      0.075	      0.148	      0.000	
 08/20-10:37	2337.600	2339.200	2336.800	2338.800	           2812	     82.000	   2339.367	   2339.325	   2335.635	   2325.147	     -0.283	      0.063	      0.160	      0.000	
 08/20-10:38	2338.400	2344.000	2338.200	2344.000	           6278	     83.000	   2339.408	   2339.521	   2335.738	   2325.357	      0.042	      0.196	      0.173	      0.000	
 08/20-10:39	2343.400	2343.400	2341.200	2342.600	           4159	     84.000	   2339.333	   2339.683	   2335.825	   2325.565	     -0.075	      0.163	      0.189	      0.000	
 08/20-10:40	2342.200	2342.800	2341.200	2342.400	           2175	     85.000	   2339.125	   2339.854	   2335.869	   2325.754	     -0.208	      0.171	      0.131	      0.000	
 08/20-10:41	2342.200	2342.800	2339.800	2341.800	           2732	     86.000	   2338.908	   2340.038	   2335.900	   2325.933	     -0.217	      0.183	      0.075	      0.000	
 08/20-10:42	2341.600	2343.800	2341.600	2343.400	           2873	     87.000	   2338.592	   2340.158	   2335.940	   2326.123	     -0.317	      0.121	      0.071	      0.000	
 08/20-10:43	2343.400	2343.400	2340.600	2342.400	           2378	     88.000	   2338.367	   2340.279	   2335.973	   2326.314	     -0.225	      0.121	      0.073	      0.000	
 08/20-10:44	2342.600	2348.000	2342.400	2346.200	           6951	     89.000	   2338.325	   2340.421	   2336.033	   2326.518	     -0.042	      0.142	      0.094	      0.000	
 08/20-10:45	2345.800	2348.000	2345.400	2347.200	           3608	     90.000	   2338.200	   2340.571	   2336.087	   2326.729	     -0.125	      0.150	      0.115	      0.000	
 08/20-10:46	2346.400	2347.600	2345.400	2346.400	           2614	     91.000	   2338.208	   2340.717	   2336.140	   2326.936	      0.008	      0.146	      0.106	      0.000	
 08/20-10:47	2346.600	2347.200	2344.800	2344.800	           2160	     92.000	   2338.242	   2340.846	   2336.163	   2327.131	      0.033	      0.129	      0.075	      0.000	
 08/20-10:48	2345.000	2346.800	2343.200	2346.200	           3736	     93.000	   2338.458	   2341.000	   2336.196	   2327.328	      0.217	      0.154	      0.056	      0.000	
 08/20-10:49	2346.000	2348.200	2345.200	2347.000	           3371	     94.000	   2338.775	   2341.192	   2336.254	   2327.532	      0.317	      0.192	      0.092	      0.000	
 08/20-10:50	2346.800	2348.800	2346.200	2346.600	           3673	     95.000	   2339.125	   2341.358	   2336.325	   2327.726	      0.350	      0.167	      0.129	      0.000	
 08/20-10:51	2346.600	2346.600	2344.600	2344.600	           3220	     96.000	   2339.417	   2341.517	   2336.377	   2327.907	      0.292	      0.158	      0.123	      0.000	
 08/20-10:52	2344.400	2344.400	2341.200	2342.800	           4679	     97.000	   2339.650	   2341.629	   2336.444	   2328.093	      0.233	      0.113	      0.119	      0.000	
 08/20-10:53	2342.800	2349.600	2342.800	2348.200	           5985	     98.000	   2340.050	   2341.850	   2336.550	   2328.302	      0.400	      0.221	      0.173	      0.000	
 08/20-10:54	2348.400	2354.200	2348.200	2352.800	           8989	     99.000	   2340.642	   2342.096	   2336.683	   2328.533	      0.592	      0.246	      0.240	      0.000	
 08/20-10:55	2352.600	2357.800	2351.000	2356.200	          10290	    100.000	   2341.433	   2342.379	   2336.865	   2328.779	      0.792	      0.283	      0.314	      0.000	
 08/20-10:56	2356.400	2357.800	2355.400	2356.200	           4883	    101.000	   2342.258	   2342.650	   2337.042	   2329.013	      0.825	      0.271	      0.358	      0.000	
 08/20-10:57	2355.800	2356.400	2352.600	2353.800	           4137	    102.000	   2342.967	   2342.858	   2337.258	   2329.238	      0.708	      0.208	      0.394	      0.000	
 08/20-10:58	2354.000	2356.600	2350.800	2352.400	           5009	    103.000	   2343.608	   2343.021	   2337.460	   2329.460	      0.642	      0.162	      0.419	      0.000	
 08/20-10:59	2352.400	2354.200	2351.000	2353.200	           3017	    104.000	   2344.267	   2343.238	   2337.658	   2329.683	      0.658	      0.217	      0.400	      0.000	
 08/20-11:00	2352.800	2353.400	2351.400	2353.000	           2524	    105.000	   2344.983	   2343.342	   2337.854	   2329.901	      0.717	      0.104	      0.394	      0.000	
 08/20-11:01	2352.600	2352.600	2347.000	2348.200	           6267	    106.000	   2345.442	   2343.321	   2338.019	   2330.098	      0.458	     -0.021	      0.360	      0.000	
 08/20-11:02	2347.800	2350.800	2347.800	2348.800	           3164	    107.000	   2345.908	   2343.354	   2338.204	   2330.305	      0.467	      0.033	      0.350	      0.000	
 08/20-11:03	2348.600	2349.400	2347.000	2347.600	           2648	    108.000	   2346.325	   2343.346	   2338.375	   2330.506	      0.417	     -0.008	      0.356	      0.000	
 08/20-11:04	2348.200	2353.000	2348.200	2351.400	           3997	    109.000	   2346.817	   2343.446	   2338.571	   2330.720	      0.492	      0.100	      0.367	      0.000	
 08/20-11:05	2351.000	2351.600	2345.400	2346.000	           4857	    110.000	   2347.083	   2343.483	   2338.729	   2330.915	      0.267	      0.038	      0.354	      0.000	
 08/20-11:06	2345.600	2345.600	2340.200	2341.200	           8475	    111.000	   2347.208	   2343.429	   2338.831	   2331.076	      0.125	     -0.054	      0.260	      0.000	
 08/20-11:07	2341.200	2343.400	2340.600	2343.000	           4914	    112.000	   2347.350	   2343.358	   2338.956	   2331.249	      0.142	     -0.071	      0.227	      0.000	
 08/20-11:08	2342.600	2345.000	2342.400	2343.800	           3410	    113.000	   2347.342	   2343.375	   2339.075	   2331.425	     -0.009	      0.017	      0.244	      0.000	
 08/20-11:09	2343.800	2344.800	2342.400	2344.200	           2262	    114.000	   2347.392	   2343.363	   2339.210	   2331.595	      0.050	     -0.012	      0.254	      0.000	
 08/20-11:10	2344.200	2347.600	2344.000	2347.400	           4011	    115.000	   2347.558	   2343.342	   2339.385	   2331.787	      0.167	     -0.021	      0.311	      0.000	
 08/20-11:11	2347.600	2349.800	2346.800	2347.000	           3855	    116.000	   2347.733	   2343.321	   2339.546	   2331.979	      0.175	     -0.021	      0.335	      0.000	
 08/20-11:12	2346.800	2348.800	2346.600	2348.800	           2400	    117.000	   2347.917	   2343.254	   2339.725	   2332.177	      0.183	     -0.067	      0.340	      0.000	
 08/20-11:13	2349.400	2351.600	2349.200	2350.600	           4987	    118.000	   2348.183	   2343.275	   2339.890	   2332.389	      0.267	      0.021	      0.344	      0.000	
 08/20-11:14	2350.600	2352.800	2349.000	2351.400	           3927	    119.000	   2348.367	   2343.346	   2340.052	   2332.604	      0.183	      0.071	      0.327	      0.000	
 08/20-11:15	2351.400	2353.800	2350.600	2352.800	           4146	    120.000	   2348.550	   2343.375	   2340.248	   2332.817	      0.183	      0.029	      0.358	      0.000	
 08/20-11:16	2351.800	2352.200	2347.000	2348.800	           5630	    121.000	   2348.625	   2343.417	   2340.438	   2333.021	      0.075	      0.042	      0.385	      0.000	
 08/20-11:17	2349.000	2350.200	2343.000	2344.200	           6101	    122.000	   2348.608	   2343.425	   2340.598	   2333.205	     -0.017	      0.008	      0.350	      0.000	
 08/20-11:18	2344.400	2347.000	2344.400	2345.800	           3465	    123.000	   2348.592	   2343.525	   2340.738	   2333.392	     -0.017	      0.100	      0.300	      0.000	
 08/20-11:19	2346.400	2349.600	2346.200	2347.400	           3250	    124.000	   2348.608	   2343.692	   2340.894	   2333.580	      0.017	      0.167	      0.296	      0.000	
 08/20-11:20	2347.200	2348.400	2345.400	2348.000	           2921	    125.000	   2348.658	   2343.892	   2341.065	   2333.760	      0.050	      0.200	      0.327	      0.000	
 08/20-11:21	2348.200	2348.400	2344.200	2345.000	           2549	    126.000	   2348.667	   2344.042	   2341.200	   2333.924	      0.008	      0.150	      0.306	      0.000	
 08/20-11:22	2344.400	2347.400	2344.200	2347.200	           3143	    127.000	   2348.808	   2344.229	   2341.350	   2334.095	      0.142	      0.188	      0.285	      0.000	
 08/20-11:23	2347.200	2348.800	2341.600	2342.200	           5341	    128.000	   2348.608	   2344.329	   2341.460	   2334.250	     -0.200	      0.100	      0.260	      0.000	
 08/20-11:24	2342.000	2342.000	2337.600	2338.600	           8120	    129.000	   2348.142	   2344.392	   2341.542	   2334.389	     -0.467	      0.063	      0.192	      0.000	
 08/20-11:25	2338.800	2339.200	2337.800	2338.600	           3582	    130.000	   2347.550	   2344.492	   2341.613	   2334.513	     -0.592	      0.100	      0.152	      0.000	
 08/20-11:26	2339.000	2340.600	2338.800	2339.000	           2927	    131.000	   2346.983	   2344.621	   2341.698	   2334.624	     -0.567	      0.129	      0.156	      0.000	
 08/20-11:27	2339.000	2340.400	2338.000	2338.800	           3177	    132.000	   2346.475	   2344.721	   2341.783	   2334.736	     -0.508	      0.100	      0.171	      0.000	
 08/20-11:28	2338.400	2339.200	2337.600	2338.200	           2365	    133.000	   2346.008	   2344.808	   2341.854	   2334.843	     -0.467	      0.087	      0.156	      0.000	
 08/20-11:29	2338.000	2338.000	2333.800	2334.400	           5372	    134.000	   2345.383	   2344.825	   2341.898	   2334.942	     -0.625	      0.017	      0.115	      0.000	
 08/20-11:30	2334.000	2336.200	2331.200	2331.200	           5324	    135.000	   2344.650	   2344.817	   2341.917	   2335.025	     -0.733	     -0.008	      0.063	      0.000	
 08/20-13:01	2331.200	2331.200	2319.600	2321.000	          14735	    136.000	   2343.742	   2344.592	   2341.821	   2335.056	     -0.908	     -0.225	     -0.077	      0.000	
 08/20-13:02	2320.400	2322.200	2318.400	2321.800	           7111	    137.000	   2342.850	   2344.379	   2341.725	   2335.089	     -0.892	     -0.212	     -0.192	      0.000	
 08/20-13:03	2321.600	2322.000	2319.800	2320.400	           3968	    138.000	   2341.942	   2344.133	   2341.606	   2335.106	     -0.908	     -0.246	     -0.215	      0.000	
 08/20-13:04	2320.000	2320.000	2317.200	2319.400	           4893	    139.000	   2340.875	   2343.846	   2341.481	   2335.120	     -1.067	     -0.287	     -0.244	      0.000	
 08/20-13:05	2319.400	2320.600	2318.600	2320.400	           3142	    140.000	   2340.017	   2343.550	   2341.369	   2335.144	     -0.858	     -0.296	     -0.238	      0.000	
 08/20-13:06	2320.600	2321.000	2317.200	2318.200	           4660	    141.000	   2339.250	   2343.229	   2341.246	   2335.162	     -0.767	     -0.321	     -0.235	      0.000	
 08/20-13:07	2318.200	2318.800	2316.200	2316.200	           3277	    142.000	   2338.358	   2342.854	   2341.090	   2335.174	     -0.892	     -0.375	     -0.279	      0.000	
 08/20-13:08	2316.600	2318.800	2316.600	2318.000	           2727	    143.000	   2337.500	   2342.421	   2340.971	   2335.190	     -0.858	     -0.433	     -0.275	      0.000	
 08/20-13:09	2318.200	2319.000	2317.200	2317.400	           2278	    144.000	   2336.608	   2342.000	   2340.842	   2335.205	     -0.892	     -0.421	     -0.248	      0.000	
 08/20-13:10	2317.200	2319.200	2317.200	2318.200	           2536	    145.000	   2335.633	   2341.596	   2340.725	   2335.197	     -0.975	     -0.404	     -0.246	      0.000	
 08/20-13:11	2318.200	2318.800	2313.000	2314.600	           6326	    146.000	   2334.558	   2341.146	   2340.592	   2335.170	     -1.075	     -0.450	     -0.250	      0.000	
 08/20-13:12	2315.000	2315.600	2313.000	2314.200	           3959	    147.000	   2333.400	   2340.658	   2340.408	   2335.137	     -1.158	     -0.487	     -0.317	      0.000	
 08/20-13:13	2314.600	2315.400	2313.000	2314.000	           2436	    148.000	   2332.183	   2340.183	   2340.231	   2335.105	     -1.217	     -0.475	     -0.360	      0.000	
 08/20-13:14	2314.400	2315.200	2312.800	2314.600	           2558	    149.000	   2330.950	   2339.658	   2340.040	   2335.076	     -1.233	     -0.525	     -0.369	      0.000	
 08/20-13:15	2314.800	2316.000	2311.400	2311.400	           4687	    150.000	   2329.575	   2339.063	   2339.817	   2335.038	     -1.375	     -0.596	     -0.415	      0.000	
 08/20-13:16	2311.600	2316.000	2311.200	2316.000	           5535	    151.000	   2328.483	   2338.554	   2339.635	   2335.023	     -1.092	     -0.508	     -0.404	      0.000	
 08/20-13:17	2316.200	2316.200	2314.400	2315.200	           2483	    152.000	   2327.508	   2338.058	   2339.452	   2334.995	     -0.975	     -0.496	     -0.365	      0.000	
 08/20-13:18	2315.200	2317.200	2315.000	2316.400	           3001	    153.000	   2326.533	   2337.563	   2339.281	   2334.990	     -0.975	     -0.496	     -0.354	      0.000	
 08/20-13:19	2316.200	2317.400	2315.400	2317.200	           2143	    154.000	   2325.525	   2337.067	   2339.129	   2334.973	     -1.009	     -0.496	     -0.323	      0.000	
 08/20-13:20	2317.400	2319.000	2316.400	2319.000	           2682	    155.000	   2324.558	   2336.608	   2338.983	   2334.966	     -0.967	     -0.458	     -0.298	      0.000	
 08/20-13:21	2319.000	2319.400	2317.200	2317.600	           3132	    156.000	   2323.642	   2336.154	   2338.835	   2334.948	     -0.917	     -0.454	     -0.294	      0.000	
 08/20-13:22	2317.400	2318.800	2317.400	2318.200	           2153	    157.000	   2322.683	   2335.746	   2338.688	   2334.935	     -0.958	     -0.408	     -0.296	      0.000	
 08/20-13:23	2318.400	2318.400	2316.400	2317.600	           2090	    158.000	   2321.858	   2335.233	   2338.542	   2334.919	     -0.825	     -0.512	     -0.294	      0.000	
 08/20-13:24	2317.800	2317.800	2315.800	2316.600	           2222	    159.000	   2321.125	   2334.633	   2338.365	   2334.883	     -0.733	     -0.600	     -0.323	      0.000	
 08/20-13:25	2316.400	2318.400	2316.400	2317.800	           1821	    160.000	   2320.433	   2333.992	   2338.185	   2334.845	     -0.692	     -0.642	     -0.356	      0.000	
 08/20-13:26	2317.800	2317.800	2315.600	2317.200	           2319	    161.000	   2319.708	   2333.346	   2337.998	   2334.790	     -0.725	     -0.646	     -0.367	      0.000	
 08/20-13:27	2317.200	2320.600	2317.000	2319.200	           3943	    162.000	   2319.058	   2332.767	   2337.813	   2334.746	     -0.650	     -0.579	     -0.373	      0.000	
 08/20-13:28	2319.400	2320.000	2317.200	2317.200	           2997	    163.000	   2318.350	   2332.179	   2337.600	   2334.679	     -0.708	     -0.587	     -0.398	      0.000	
 08/20-13:29	2317.000	2318.800	2316.400	2318.200	           1881	    164.000	   2317.808	   2331.596	   2337.417	   2334.625	     -0.542	     -0.583	     -0.396	      0.000	
 08/20-13:30	2318.000	2319.000	2316.200	2316.200	           2522	    165.000	   2317.317	   2330.983	   2337.163	   2334.566	     -0.492	     -0.613	     -0.438	      0.000	
 08/20-13:31	2316.000	2316.600	2315.000	2315.000	           2850	    166.000	   2317.117	   2330.429	   2336.875	   2334.502	     -0.200	     -0.554	     -0.542	      0.000	
 08/20-13:32	2315.200	2315.800	2313.000	2315.200	           3339	    167.000	   2316.892	   2329.871	   2336.613	   2334.437	     -0.225	     -0.558	     -0.550	      0.000	
 08/20-13:33	2315.000	2316.400	2314.600	2315.400	           1479	    168.000	   2316.725	   2329.333	   2336.340	   2334.352	     -0.167	     -0.538	     -0.535	      0.000	
 08/20-13:34	2315.600	2318.000	2315.200	2317.000	           2216	    169.000	   2316.642	   2328.758	   2336.102	   2334.271	     -0.083	     -0.575	     -0.510	      0.000	
 08/20-13:35	2317.200	2318.000	2316.200	2316.400	           1497	    170.000	   2316.517	   2328.267	   2335.875	   2334.184	     -0.125	     -0.492	     -0.465	      0.000	
 08/20-13:36	2316.200	2316.600	2314.600	2316.000	           2059	    171.000	   2316.442	   2327.846	   2335.637	   2334.114	     -0.075	     -0.421	     -0.465	      0.000	
 08/20-13:37	2316.200	2316.600	2314.400	2316.200	           1656	    172.000	   2316.442	   2327.400	   2335.379	   2334.043	      0.000	     -0.446	     -0.496	      0.000	
 08/20-13:38	2316.200	2318.400	2316.000	2317.200	           4428	    173.000	   2316.417	   2326.958	   2335.167	   2333.980	     -0.025	     -0.442	     -0.471	      0.000	
 08/20-13:39	2317.400	2318.000	2316.000	2317.400	           1452	    174.000	   2316.408	   2326.508	   2334.935	   2333.917	     -0.008	     -0.450	     -0.444	      0.000	
 08/20-13:40	2317.400	2318.600	2317.000	2317.200	           1297	    175.000	   2316.383	   2326.008	   2334.675	   2333.830	     -0.025	     -0.500	     -0.492	      0.000	
 08/20-13:41	2317.200	2317.800	2316.200	2317.000	           1241	    176.000	   2316.458	   2325.508	   2334.415	   2333.723	      0.075	     -0.500	     -0.521	      0.000	
 08/20-13:42	2317.000	2317.600	2315.800	2315.800	           1041	    177.000	   2316.508	   2324.954	   2334.104	   2333.622	      0.050	     -0.554	     -0.571	      0.000	
 08/20-13:43	2316.000	2317.400	2315.200	2316.200	           1293	    178.000	   2316.583	   2324.383	   2333.829	   2333.514	      0.075	     -0.571	     -0.585	      0.000	
 08/20-13:44	2316.000	2316.200	2313.400	2313.800	           5912	    179.000	   2316.558	   2323.754	   2333.550	   2333.424	     -0.025	     -0.629	     -0.554	      0.000	
 08/20-13:45	2313.800	2314.800	2308.800	2309.600	           7545	    180.000	   2316.500	   2323.038	   2333.206	   2333.329	     -0.058	     -0.717	     -0.623	      0.000	
 08/20-13:46	2309.400	2309.600	2307.000	2309.600	           4983	    181.000	   2316.283	   2322.383	   2332.900	   2333.240	     -0.217	     -0.654	     -0.650	      0.000	
 08/20-13:47	2309.400	2310.400	2308.600	2308.600	           1766	    182.000	   2316.067	   2321.788	   2332.606	   2333.149	     -0.217	     -0.596	     -0.600	      0.000	
 08/20-13:48	2308.600	2309.400	2306.600	2307.200	          10477	    183.000	   2315.758	   2321.146	   2332.335	   2333.057	     -0.308	     -0.642	     -0.564	      0.000	
 08/20-13:49	2307.000	2307.800	2306.200	2306.800	           1496	    184.000	   2315.408	   2320.467	   2332.079	   2332.966	     -0.350	     -0.679	     -0.527	      0.000	
 08/20-13:50	2307.000	2308.600	2306.400	2308.600	           1251	    185.000	   2315.067	   2319.813	   2331.852	   2332.896	     -0.342	     -0.654	     -0.483	      0.000	
 08/20-13:51	2308.800	2311.200	2308.800	2310.000	           2983	    186.000	   2314.817	   2319.229	   2331.635	   2332.845	     -0.250	     -0.583	     -0.444	      0.000	
 08/20-13:52	2310.600	2312.200	2310.600	2312.000	           5027	    187.000	   2314.608	   2318.646	   2331.438	   2332.805	     -0.208	     -0.583	     -0.415	      0.000	
 08/20-13:53	2311.600	2314.600	2311.600	2313.800	           3775	    188.000	   2314.483	   2318.171	   2331.250	   2332.767	     -0.125	     -0.475	     -0.385	      0.000	
 08/20-13:54	2313.800	2314.000	2313.000	2313.200	           1215	    189.000	   2314.367	   2317.746	   2331.069	   2332.725	     -0.117	     -0.425	     -0.369	      0.000	
 08/20-13:55	2313.400	2313.600	2310.200	2312.000	           4232	    190.000	   2314.175	   2317.304	   2330.898	   2332.679	     -0.192	     -0.442	     -0.352	      0.000	
 08/20-13:56	2311.800	2313.000	2311.000	2312.000	           1299	    191.000	   2314.000	   2316.854	   2330.738	   2332.634	     -0.175	     -0.450	     -0.331	      0.000	
 08/20-13:57	2312.400	2312.600	2310.400	2312.200	           1070	    192.000	   2313.767	   2316.413	   2330.567	   2332.592	     -0.233	     -0.442	     -0.331	      0.000	
 08/20-13:58	2312.400	2314.000	2311.800	2312.600	           1869	    193.000	   2313.617	   2315.983	   2330.396	   2332.558	     -0.150	     -0.429	     -0.342	      0.000	
 08/20-13:59	2312.600	2315.000	2312.400	2315.000	           1766	    194.000	   2313.508	   2315.658	   2330.242	   2332.522	     -0.108	     -0.325	     -0.325	      0.000	
 08/20-14:00	2315.000	2315.000	2313.800	2314.600	           1854	    195.000	   2313.450	   2315.383	   2330.100	   2332.476	     -0.058	     -0.275	     -0.296	      0.000	
 08/20-14:01	2314.200	2314.800	2313.400	2313.600	           3966	    196.000	   2313.408	   2315.262	   2329.927	   2332.429	     -0.042	     -0.121	     -0.315	      0.000	
 08/20-14:02	2313.800	2315.000	2313.000	2315.000	           1348	    197.000	   2313.400	   2315.146	   2329.762	   2332.373	     -0.009	     -0.117	     -0.338	      0.000	
 08/20-14:03	2315.000	2318.000	2314.800	2317.000	           4122	    198.000	   2313.458	   2315.092	   2329.613	   2332.339	      0.058	     -0.054	     -0.314	      0.000	
 08/20-14:04	2317.200	2317.400	2315.800	2316.000	           1621	    199.000	   2313.425	   2315.033	   2329.440	   2332.303	     -0.033	     -0.058	     -0.323	      0.000	
 08/20-14:05	2316.000	2316.200	2313.400	2314.600	           3911	    200.000	   2313.358	   2314.938	   2329.244	   2332.258	     -0.067	     -0.096	     -0.369	      0.000	
 08/20-14:06	2314.200	2314.800	2313.200	2313.400	           1078	    201.000	   2313.275	   2314.858	   2329.044	   2332.200	     -0.083	     -0.079	     -0.396	      0.000	
 08/20-14:07	2313.600	2313.600	2310.200	2312.400	           4315	    202.000	   2313.142	   2314.792	   2328.823	   2332.138	     -0.133	     -0.067	     -0.421	      0.000	
 08/20-14:08	2312.200	2314.800	2311.400	2313.400	           2297	    203.000	   2313.017	   2314.717	   2328.569	   2332.080	     -0.125	     -0.075	     -0.475	      0.000	
 08/20-14:09	2312.800	2313.600	2311.600	2312.200	           1803	    204.000	   2312.850	   2314.629	   2328.315	   2332.015	     -0.167	     -0.087	     -0.508	      0.000	
 08/20-14:10	2312.600	2313.000	2309.800	2310.800	           2925	    205.000	   2312.633	   2314.508	   2328.052	   2331.931	     -0.217	     -0.121	     -0.517	      0.000	
 08/20-14:11	2311.000	2314.000	2310.600	2312.600	           2523	    206.000	   2312.483	   2314.471	   2327.808	   2331.855	     -0.150	     -0.037	     -0.506	      0.000	
 08/20-14:12	2312.800	2317.400	2312.800	2317.000	           3471	    207.000	   2312.525	   2314.517	   2327.587	   2331.798	      0.042	      0.046	     -0.465	      0.000	
 08/20-14:13	2317.600	2319.600	2317.000	2318.000	           5982	    208.000	   2312.583	   2314.583	   2327.383	   2331.756	      0.058	      0.067	     -0.425	      0.000	
 08/20-14:14	2318.200	2318.400	2316.600	2318.200	           2128	    209.000	   2312.733	   2314.646	   2327.152	   2331.701	      0.150	      0.063	     -0.435	      0.000	
 08/20-14:15	2318.600	2320.000	2318.000	2318.000	           3907	    210.000	   2313.008	   2314.754	   2326.908	   2331.649	      0.275	      0.108	     -0.475	      0.000	
 08/20-14:16	2318.000	2318.600	2317.000	2317.000	           2036	    211.000	   2313.258	   2314.771	   2326.663	   2331.610	      0.250	      0.017	     -0.490	      0.000	
 08/20-14:17	2317.000	2318.600	2316.800	2317.400	           1714	    212.000	   2313.558	   2314.813	   2326.435	   2331.559	      0.300	      0.042	     -0.473	      0.000	
 08/20-14:18	2317.400	2318.000	2316.600	2317.800	           1632	    213.000	   2313.908	   2314.833	   2326.198	   2331.503	      0.350	      0.021	     -0.465	      0.000	
 08/20-14:19	2317.600	2319.000	2317.000	2317.000	           1842	    214.000	   2314.250	   2314.829	   2325.948	   2331.442	      0.342	     -0.004	     -0.487	      0.000	
 08/20-14:20	2317.000	2317.800	2316.200	2317.400	           1848	    215.000	   2314.542	   2314.804	   2325.706	   2331.364	      0.292	     -0.025	     -0.492	      0.000	
 08/20-14:21	2317.400	2318.600	2316.600	2316.800	           1648	    216.000	   2314.767	   2314.792	   2325.473	   2331.279	      0.225	     -0.012	     -0.475	      0.000	
 08/20-14:22	2316.800	2317.400	2311.000	2311.000	           4940	    217.000	   2314.733	   2314.671	   2325.208	   2331.168	     -0.033	     -0.121	     -0.498	      0.000	
 08/20-14:23	2311.000	2311.600	2309.800	2310.600	           5014	    218.000	   2314.625	   2314.554	   2324.894	   2331.056	     -0.108	     -0.117	     -0.579	      0.000	
 08/20-14:24	2310.600	2311.800	2310.000	2310.000	           2726	    219.000	   2314.517	   2314.442	   2324.538	   2330.941	     -0.108	     -0.113	     -0.671	      0.000	
 08/20-14:25	2310.000	2311.200	2308.800	2309.800	           2683	    220.000	   2314.442	   2314.308	   2324.150	   2330.817	     -0.075	     -0.133	     -0.744	      0.000	
 08/20-14:26	2309.800	2310.800	2309.000	2310.800	           2533	    221.000	   2314.408	   2314.204	   2323.775	   2330.700	     -0.033	     -0.104	     -0.763	      0.000	
 08/20-14:27	2310.800	2311.400	2309.200	2310.800	           2029	    222.000	   2314.358	   2314.063	   2323.415	   2330.575	     -0.050	     -0.142	     -0.735	      0.000	
 08/20-14:28	2311.200	2312.000	2310.200	2310.600	           1814	    223.000	   2314.292	   2313.954	   2323.067	   2330.448	     -0.067	     -0.108	     -0.708	      0.000	
 08/20-14:29	2310.400	2311.800	2307.600	2307.600	           2679	    224.000	   2314.050	   2313.779	   2322.688	   2330.319	     -0.242	     -0.175	     -0.727	      0.000	
 08/20-14:30	2307.800	2313.400	2306.400	2312.000	           5202	    225.000	   2313.967	   2313.708	   2322.346	   2330.215	     -0.083	     -0.071	     -0.721	      0.000	
 08/20-14:31	2312.000	2312.000	2309.200	2310.000	           2449	    226.000	   2313.842	   2313.625	   2322.027	   2330.101	     -0.125	     -0.083	     -0.660	      0.000	
 08/20-14:32	2310.000	2310.200	2305.200	2305.400	           3932	    227.000	   2313.517	   2313.458	   2321.665	   2329.983	     -0.325	     -0.167	     -0.681	      0.000	
 08/20-14:33	2306.000	2307.400	2303.600	2307.200	           7570	    228.000	   2313.192	   2313.325	   2321.329	   2329.870	     -0.325	     -0.133	     -0.698	      0.000	
 08/20-14:34	2307.400	2309.400	2306.600	2308.400	           2126	    229.000	   2312.942	   2313.183	   2320.971	   2329.757	     -0.250	     -0.142	     -0.694	      0.000	
 08/20-14:35	2308.200	2309.800	2307.800	2308.200	           1638	    230.000	   2312.725	   2313.042	   2320.654	   2329.651	     -0.217	     -0.142	     -0.675	      0.000	
 08/20-14:36	2308.000	2309.600	2307.600	2307.800	           1244	    231.000	   2312.542	   2312.908	   2320.377	   2329.544	     -0.183	     -0.133	     -0.594	      0.000	
 08/20-14:37	2307.600	2309.400	2307.600	2309.000	           1496	    232.000	   2312.433	   2312.788	   2320.094	   2329.468	     -0.108	     -0.121	     -0.560	      0.000	
 08/20-14:38	2309.000	2311.800	2309.000	2311.400	           1941	    233.000	   2312.358	   2312.688	   2319.823	   2329.401	     -0.075	     -0.100	     -0.554	      0.000	
 08/20-14:39	2311.200	2311.600	2306.200	2306.200	           5842	    234.000	   2312.158	   2312.504	   2319.506	   2329.308	     -0.200	     -0.183	     -0.587	      0.000	
 08/20-14:40	2306.400	2307.800	2302.200	2304.200	           6063	    235.000	   2311.942	   2312.288	   2319.148	   2329.207	     -0.217	     -0.217	     -0.675	      0.000	
 08/20-14:41	2304.400	2304.600	2301.400	2301.600	           5312	    236.000	   2311.575	   2312.029	   2318.769	   2329.099	     -0.367	     -0.259	     -0.738	      0.000	
 08/20-14:42	2301.800	2303.000	2300.800	2303.000	           3766	    237.000	   2311.108	   2311.817	   2318.385	   2329.005	     -0.467	     -0.212	     -0.762	      0.000	
 08/20-14:43	2302.800	2303.000	2301.800	2302.600	           2090	    238.000	   2310.600	   2311.592	   2317.988	   2328.908	     -0.508	     -0.225	     -0.781	      0.000	
 08/20-14:44	2302.800	2303.400	2300.000	2300.200	           3188	    239.000	   2309.992	   2311.363	   2317.558	   2328.796	     -0.608	     -0.229	     -0.827	      0.000	
 08/20-14:45	2300.200	2301.200	2299.000	2300.000	           5384	    240.000	   2309.392	   2311.200	   2317.119	   2328.688	     -0.600	     -0.163	     -0.869	      0.000	
 08/20-14:46	2300.200	2301.600	2299.800	2301.400	           2524	    241.000	   2308.875	   2311.067	   2316.725	   2328.578	     -0.517	     -0.133	     -0.833	      0.000	
 08/20-14:47	2301.400	2303.800	2301.400	2303.400	           2650	    242.000	   2308.408	   2310.983	   2316.385	   2328.480	     -0.467	     -0.083	     -0.733	      0.000	
 08/20-14:48	2303.400	2304.400	2302.400	2303.600	           2037	    243.000	   2307.933	   2310.921	   2316.033	   2328.376	     -0.475	     -0.063	     -0.692	      0.000	
 08/20-14:49	2303.600	2304.000	2301.200	2304.000	           1918	    244.000	   2307.500	   2310.875	   2315.671	   2328.280	     -0.433	     -0.046	     -0.715	      0.000	
 08/20-14:50	2304.000	2305.600	2303.200	2305.600	           5557	    245.000	   2307.100	   2310.821	   2315.317	   2328.197	     -0.400	     -0.054	     -0.717	      0.000	
 08/20-14:51	2305.600	2307.000	2304.200	2306.600	           2556	    246.000	   2306.767	   2310.767	   2314.998	   2328.113	     -0.333	     -0.054	     -0.673	      0.000	
 08/20-14:52	2306.600	2308.000	2305.800	2307.200	           2336	    247.000	   2306.642	   2310.688	   2314.667	   2328.032	     -0.125	     -0.079	     -0.650	      0.000	
 08/20-14:53	2307.400	2308.400	2307.400	2308.200	           2934	    248.000	   2306.558	   2310.592	   2314.381	   2327.941	     -0.083	     -0.096	     -0.616	      0.000	
 08/20-14:54	2308.400	2310.600	2308.000	2310.000	           3960	    249.000	   2306.558	   2310.538	   2314.142	   2327.853	      0.000	     -0.054	     -0.525	      0.000	
 08/20-14:55	2309.600	2310.200	2308.600	2310.000	           2170	    250.000	   2306.567	   2310.504	   2313.904	   2327.776	      0.008	     -0.033	     -0.477	      0.000	
 08/20-14:56	2309.800	2310.200	2308.800	2309.600	           1697	    251.000	   2306.525	   2310.467	   2313.660	   2327.711	     -0.042	     -0.038	     -0.481	      0.000	
 08/20-14:57	2309.000	2309.200	2307.800	2308.600	           4296	    252.000	   2306.450	   2310.404	   2313.408	   2327.645	     -0.075	     -0.063	     -0.496	      0.000	
 08/20-14:58	2308.800	2309.400	2308.600	2308.600	            886	    253.000	   2306.392	   2310.342	   2313.163	   2327.564	     -0.058	     -0.063	     -0.498	      0.000	
 08/20-14:59	2308.800	2309.600	2308.600	2308.800	            962	    254.000	   2306.425	   2310.238	   2312.948	   2327.484	      0.033	     -0.104	     -0.460	      0.000	
 08/20-15:00	2308.800	2309.400	2308.400	2309.200	            940	    255.000	   2306.333	   2310.150	   2312.767	   2327.411	     -0.092	     -0.088	     -0.396	      0.000	
 08/20-15:01	2309.400	2310.000	2307.000	2308.600	           4696	    256.000	   2306.283	   2310.063	   2312.663	   2327.330	     -0.050	     -0.087	     -0.285	      0.000	
 08/20-15:02	2308.600	2308.600	2307.600	2308.200	           1099	    257.000	   2306.383	   2309.950	   2312.548	   2327.247	      0.100	     -0.113	     -0.219	      0.000	
 08/20-15:03	2308.400	2308.800	2308.000	2308.000	            952	    258.000	   2306.408	   2309.800	   2312.446	   2327.163	      0.025	     -0.150	     -0.217	      0.000	
 08/20-15:04	2308.000	2308.200	2306.200	2307.000	           1584	    259.000	   2306.358	   2309.650	   2312.342	   2327.075	     -0.050	     -0.150	     -0.206	      0.000	
 08/20-15:05	2306.800	2307.800	2305.200	2306.600	           2226	    260.000	   2306.308	   2309.517	   2312.227	   2326.981	     -0.050	     -0.133	     -0.219	      0.000	
 08/20-15:06	2306.600	2306.800	2305.000	2305.800	           2141	    261.000	   2306.233	   2309.387	   2312.123	   2326.889	     -0.075	     -0.129	     -0.219	      0.000	
 08/20-15:07	2305.800	2306.600	2304.600	2306.000	           1770	    262.000	   2306.133	   2309.283	   2312.038	   2326.799	     -0.100	     -0.104	     -0.189	      0.000	
 08/20-15:08	2306.000	2306.600	2305.600	2306.600	            811	    263.000	   2305.983	   2309.171	   2311.944	   2326.707	     -0.150	     -0.113	     -0.179	      0.000	
 08/20-15:09	2306.200	2309.400	2306.200	2309.200	           2928	    264.000	   2306.083	   2309.121	   2311.875	   2326.627	      0.100	     -0.050	     -0.163	      0.000	
 08/20-15:10	2309.400	2310.000	2308.400	2309.800	           2369	    265.000	   2306.267	   2309.104	   2311.806	   2326.551	      0.183	     -0.017	     -0.138	      0.000	
 08/20-15:11	2309.800	2310.200	2307.600	2308.000	           1785	    266.000	   2306.483	   2309.029	   2311.750	   2326.453	      0.217	     -0.075	     -0.125	      0.000	
 08/20-15:12	2308.000	2308.400	2305.600	2307.000	           2176	    267.000	   2306.617	   2308.863	   2311.690	   2326.347	      0.133	     -0.167	     -0.116	      0.000	
 08/20-15:13	2306.800	2307.400	2305.600	2306.000	           1566	    268.000	   2306.725	   2308.663	   2311.623	   2326.233	      0.108	     -0.200	     -0.127	      0.000	
 08/20-15:14	2306.000	2307.000	2304.800	2307.000	           2435	    269.000	   2306.958	   2308.475	   2311.560	   2326.123	      0.233	     -0.188	     -0.129	      0.000	
 08/20-15:15	2306.400	2309.800	2306.400	2308.600	           3661	    270.000	   2307.242	   2308.317	   2311.535	   2326.022	      0.283	     -0.158	     -0.087	      0.000	