 05/23-09:16	2589.600	2589.600	2585.200	2588.000	           8498	   2599.300	   2601.583	   2599.792	   2600.913	   2602.752	     -1.000	     -2.000	     -1.000	    -14.752	      0.000	      0.000	      0.000	   8498.000	   3334.200	   2246.400	   2601.583	   2599.792	   2600.913	   2602.752	
 05/23-09:17	2587.800	2589.800	2587.600	2589.000	           3229	   2596.700	   2601.200	   2599.692	   2600.775	   2602.725	     -1.000	     -2.000	     -1.000	    -13.725	      1.000	      0.000	      0.000	   3229.000	   3751.800	   2388.700	   2601.200	   2599.692	   2600.775	   2602.725	
 05/23-09:18	2588.800	2590.200	2588.200	2590.000	           2216	   2594.300	   2600.767	   2599.617	   2600.637	   2602.696	     -1.000	     -2.000	     -1.000	    -12.696	      1.000	      0.000	      0.000	   2216.000	   3918.200	   2523.300	   2600.767	   2599.617	   2600.637	   2602.696	
 05/23-09:19	2589.800	2592.800	2589.600	2591.800	           3688	   2592.200	   2600.417	   2599.533	   2600.512	   2602.672	     -2.000	     -2.000	     -1.000	    -10.872	      1.000	      0.000	      0.000	   3688.000	   4106.200	   2830.100	   2600.417	   2599.533	   2600.512	   2602.672	
 05/23-09:20	2591.800	2592.400	2588.400	2588.400	           2589	   2589.500	   2599.917	   2599.433	   2600.350	   2602.622	     -2.000	     -2.000	     -1.000	    -14.222	      1.000	      0.000	      0.000	   2589.000	   4044.000	   2940.300	   2599.917	   2599.433	   2600.350	   2602.622	
 05/23-09:21	2588.400	2589.000	2580.800	2584.400	           9321	   2588.700	   2599.300	   2599.258	   2600.146	   2602.546	     -2.000	     -2.000	     -1.000	    -18.146	      1.000	      0.000	      0.000	   9321.000	   4208.600	   3771.400	   2599.300	   2599.258	   2600.146	   2602.546	
 05/23-09:22	2584.400	2584.600	2582.600	2584.600	           2612	   2587.900	   2598.700	   2599.125	   2599.954	   2602.465	     -3.000	     -2.000	     -1.000	    -17.865	      1.000	      0.000	      1.000	   2612.000	   4085.200	   3918.500	   2598.700	   2599.125	   2599.954	   2602.465	
 05/23-09:23	2584.800	2587.000	2584.200	2584.200	           2301	   2586.700	   2598.050	   2598.975	   2599.754	   2602.375	     -3.000	     -2.000	     -1.000	    -18.175	      0.000	      0.000	      1.000	   2301.000	   4102.200	   4010.200	   2598.050	   2598.975	   2599.754	   2602.375	
 05/23-09:24	2584.200	2585.800	2583.000	2585.400	           2479	   2585.400	   2597.467	   2598.858	   2599.563	   2602.295	     -3.000	     -2.000	     -1.000	    -16.895	      0.000	      0.000	      1.000	   2479.000	   3860.400	   3983.300	   2597.467	   2598.858	   2599.563	   2602.295	
 05/23-09:25	2585.400	2585.600	2583.400	2583.600	           1272	   2584.400	   2596.800	   2598.667	   2599.350	   2602.201	     -3.000	     -2.000	     -1.000	    -18.601	      0.000	      0.000	      1.000	   1272.000	   3597.000	   3820.500	   2596.800	   2598.667	   2599.350	   2602.201	
 05/23-09:26	2583.800	2586.600	2583.800	2585.400	           1751	   2584.700	   2596.200	   2598.483	   2599.175	   2602.092	     -3.000	     -2.000	     -1.000	    -16.692	      0.000	      0.000	      1.000	   1751.000	   2083.000	   3145.800	   2596.200	   2598.483	   2599.175	   2602.092	
 05/23-09:27	2585.400	2585.800	2585.000	2585.200	            926	   2584.700	   2595.617	   2598.283	   2598.992	   2601.976	     -3.000	     -2.000	     -1.000	    -16.776	      0.000	      0.000	      1.000	    926.000	   1745.800	   2915.500	   2595.617	   2598.283	   2598.992	   2601.976	
 05/23-09:28	2585.200	2587.400	2583.800	2587.000	           2393	   2585.300	   2595.100	   2598.117	   2598.837	   2601.874	     -3.000	     -2.000	     -1.000	    -14.874	      0.000	      0.000	      1.000	   2393.000	   1764.200	   2933.200	   2595.100	   2598.117	   2598.837	   2601.874	
 05/23-09:29	2586.800	2587.000	2585.200	2586.400	           1156	   2585.500	   2594.583	   2597.925	   2598.679	   2601.782	     -3.000	     -2.000	     -1.000	    -15.382	      0.000	      0.000	      1.000	   1156.000	   1499.600	   2680.000	   2594.583	   2597.925	   2598.679	   2601.782	
 05/23-09:30	2586.400	2587.000	2585.000	2586.200	           1530	   2586.000	   2594.033	   2597.708	   2598.533	   2601.694	     -3.000	     -2.000	     -1.000	    -15.494	      0.000	      0.000	      1.000	   1530.000	   1551.200	   2574.100	   2594.033	   2597.708	   2598.533	   2601.694	
 05/23-09:31	2587.200	2588.800	2586.400	2588.600	           2702	   2586.700	   2593.650	   2597.542	   2598.425	   2601.626	     -3.000	     -2.000	     -1.000	    -13.026	      0.000	      0.000	      1.000	   2702.000	   1741.400	   1912.200	   2593.650	   2597.542	   2598.425	   2601.626	
 05/23-09:32	2588.800	2590.800	2588.600	2589.800	           3384	   2587.600	   2593.267	   2597.367	   2598.329	   2601.561	     -3.000	     -2.000	     -1.000	    -11.761	      0.000	      0.000	      1.000	   3384.000	   2233.000	   1989.400	   2593.267	   2597.367	   2598.329	   2601.561	
 05/23-09:33	2590.000	2594.600	2589.600	2592.600	           6611	   2588.700	   2592.967	   2597.225	   2598.283	   2601.507	     -3.000	     -2.000	     -1.000	     -8.907	      0.000	      0.000	      1.000	   6611.000	   3076.600	   2420.400	   2592.967	   2597.225	   2598.283	   2601.507	
 05/23-09:34	2592.200	2594.000	2591.800	2593.000	           2980	   2590.000	   2592.700	   2597.092	   2598.250	   2601.467	     -3.000	     -2.000	     -1.000	     -8.467	      0.000	      0.000	      1.000	   2980.000	   3441.400	   2470.500	   2592.700	   2597.092	   2598.250	   2601.467	
 05/23-09:35	2592.800	2594.600	2592.600	2594.400	           3124	   2591.700	   2592.483	   2596.992	   2598.221	   2601.433	     -3.000	     -2.000	     -1.000	     -7.033	      0.000	      0.000	      1.000	   3124.000	   3760.200	   2655.700	   2592.483	   2596.992	   2598.221	   2601.433	
 05/23-09:36	2594.400	2594.800	2593.200	2593.800	           4042	   2592.700	   2592.250	   2596.900	   2598.192	   2601.399	     -3.000	     -2.000	     -1.000	     -7.599	      0.000	      0.000	      1.000	   4042.000	   4028.200	   2884.800	   2592.250	   2596.900	   2598.192	   2601.399	
 05/23-09:37	2594.000	2595.000	2593.600	2593.800	           2415	   2593.500	   2591.967	   2596.800	   2598.158	   2601.370	     -3.000	     -2.000	     -1.000	     -7.570	      0.000	      0.000	      1.000	   2415.000	   3834.400	   3033.700	   2591.967	   2596.800	   2598.158	   2601.370	
 05/23-09:38	2593.800	2594.000	2591.400	2591.600	           3553	   2593.400	   2591.667	   2596.667	   2598.100	   2601.329	     -3.000	     -2.000	     -1.000	     -9.729	      0.000	      0.000	      1.000	   3553.000	   3222.800	   3149.700	   2591.667	   2596.667	   2598.100	   2601.329	
 05/23-09:39	2591.400	2597.800	2591.200	2597.200	           5562	   2594.200	   2591.517	   2596.600	   2598.087	   2601.309	     -3.000	     -2.000	     -1.000	     -4.109	      0.000	      0.000	      1.000	   5562.000	   3739.200	   3590.300	   2591.517	   2596.600	   2598.087	   2601.309	
 05/23-09:40	2596.600	2597.800	2595.000	2597.800	           2784	   2594.900	   2591.400	   2596.533	   2598.067	   2601.301	     -3.000	     -2.000	     -1.000	     -3.501	      0.000	      0.000	      1.000	   2784.000	   3671.200	   3715.700	   2591.400	   2596.533	   2598.067	   2601.301	
 05/23-09:41	2597.600	2598.000	2595.800	2596.400	           2427	   2595.300	   2591.233	   2596.442	   2598.017	   2601.309	     -3.000	     -2.000	     -1.000	     -4.909	      0.000	      0.000	      1.000	   2427.000	   3348.200	   3688.200	   2591.233	   2596.442	   2598.017	   2601.309	
 05/23-09:42	2596.400	2596.600	2595.200	2596.200	           2043	   2595.900	   2591.050	   2596.367	   2597.971	   2601.320	     -3.000	     -2.000	     -1.000	     -5.120	      0.000	      0.000	      1.000	   2043.000	   3273.800	   3554.100	   2591.050	   2596.367	   2597.971	   2601.320	
 05/23-09:43	2596.200	2597.200	2593.400	2593.600	           3460	   2596.200	   2590.767	   2596.275	   2597.892	   2601.325	     -3.000	     -2.000	     -1.000	     -7.725	      0.000	      0.000	      1.000	   3460.000	   3255.200	   3239.000	   2590.767	   2596.275	   2597.892	   2601.325	
 05/23-09:44	2593.400	2596.000	2592.600	2595.800	           2544	   2596.000	   2590.550	   2596.217	   2597.837	   2601.328	     -3.000	     -2.000	     -1.000	     -5.528	      0.000	      0.000	      1.000	   2544.000	   2651.600	   3195.400	   2590.550	   2596.217	   2597.837	   2601.328	
 05/23-09:45	2595.600	2597.400	2595.200	2596.600	           2129	   2595.700	   2590.367	   2596.158	   2597.800	   2601.336	     -3.000	     -2.000	     -1.000	     -4.736	      0.000	      0.000	      1.000	   2129.000	   2520.600	   3095.900	   2590.367	   2596.158	   2597.800	   2601.336	
 05/23-09:46	2596.800	2596.800	2590.600	2590.600	           5172	   2594.600	   2590.450	   2596.017	   2597.704	   2601.318	     -3.000	     -2.000	     -1.000	    -10.718	      0.000	      0.000	      0.000	   5172.000	   3069.600	   3208.900	   2590.450	   2596.017	   2597.704	   2601.318	
 05/23-09:47	2590.400	2592.200	2586.200	2588.000	           7203	   2592.900	   2590.417	   2595.808	   2597.575	   2601.284	     -3.000	     -2.000	     -1.000	    -13.284	      0.000	      0.000	      1.000	   7203.000	   4101.600	   3687.700	   2590.417	   2595.808	   2597.575	   2601.284	
 05/23-09:48	2588.600	2592.000	2588.400	2591.000	           4214	   2592.400	   2590.450	   2595.608	   2597.475	   2601.266	     -3.000	     -2.000	     -1.000	    -10.266	      0.000	      0.000	      0.000	   4214.000	   4252.400	   3753.800	   2590.450	   2595.608	   2597.475	   2601.266	
 05/23-09:49	2591.200	2592.200	2587.400	2587.400	           4207	   2590.700	   2590.300	   2595.358	   2597.367	   2601.228	     -3.000	     -2.000	     -1.000	    -13.828	      0.000	      0.000	      1.000	   4207.000	   4585.000	   3618.300	   2590.300	   2595.358	   2597.367	   2601.228	
 05/23-09:50	2588.000	2589.000	2586.400	2587.000	           4543	   2588.800	   2590.250	   2595.083	   2597.254	   2601.196	     -3.000	     -2.000	     -1.000	    -14.196	      0.000	      0.000	      1.000	   4543.000	   5067.800	   3794.200	   2590.250	   2595.083	   2597.254	   2601.196	
 05/23-09:51	2587.200	2589.600	2587.000	2588.400	           2644	   2588.400	   2590.400	   2594.850	   2597.167	   2601.165	     -3.000	     -2.000	     -1.000	    -12.765	      0.000	      0.000	      0.000	   2644.000	   4562.200	   3815.900	   2590.400	   2594.850	   2597.167	   2601.165	
 05/23-09:52	2588.000	2588.000	2585.200	2586.200	           4021	   2588.000	   2590.433	   2594.567	   2597.058	   2601.117	     -3.000	     -2.000	     -1.000	    -14.917	      0.000	      0.000	      0.000	   4021.000	   3925.800	   4013.700	   2590.433	   2594.567	   2597.058	   2601.117	
 05/23-09:53	2586.400	2588.800	2586.000	2586.000	           2615	   2587.000	   2590.500	   2594.275	   2596.938	   2601.065	     -3.000	     -2.000	     -1.000	    -15.065	      0.000	      0.000	      0.000	   2615.000	   3606.000	   3929.200	   2590.500	   2594.275	   2596.938	   2601.065	
 05/23-09:54	2586.200	2587.400	2585.400	2586.400	           2664	   2586.800	   2590.533	   2594.000	   2596.792	   2601.016	     -3.000	     -2.000	     -1.000	    -14.616	      0.000	      0.000	      0.000	   2664.000	   3297.400	   3941.200	   2590.533	   2594.000	   2596.792	   2601.016	
 05/23-09:55	2586.000	2592.000	2586.000	2591.000	           5002	   2587.600	   2590.783	   2593.792	   2596.692	   2601.000	     -3.000	     -2.000	     -1.000	    -10.000	      0.000	      0.000	      0.000	   5002.000	   3389.200	   4228.500	   2590.783	   2593.792	   2596.692	   2601.000	
 05/23-09:56	2591.000	2591.000	2589.600	2590.200	           1731	   2587.900	   2590.933	   2593.567	   2596.571	   2600.972	     -3.000	     -2.000	     -1.000	    -10.772	      0.000	      0.000	      0.000	   1731.000	   3206.600	   3884.400	   2590.933	   2593.567	   2596.571	   2600.972	
 05/23-09:57	2590.400	2591.000	2589.000	2590.600	           2155	   2588.800	   2591.117	   2593.367	   2596.467	   2600.930	     -3.000	     -2.000	     -1.000	    -10.330	      0.000	      0.000	      0.000	   2155.000	   2833.400	   3379.600	   2591.117	   2593.367	   2596.467	   2600.930	
 05/23-09:58	2590.400	2592.600	2589.000	2591.000	           3008	   2589.800	   2591.250	   2593.175	   2596.371	   2600.896	     -3.000	     -2.000	     -1.000	     -9.896	      0.000	      0.000	      0.000	   3008.000	   2912.000	   3259.000	   2591.250	   2593.175	   2596.371	   2600.896	
 05/23-09:59	2591.400	2591.600	2590.200	2591.200	           1541	   2590.800	   2591.417	   2593.000	   2596.275	   2600.865	     -3.000	     -2.000	     -1.000	     -9.665	      0.000	      0.000	      0.000	   1541.000	   2687.400	   2992.400	   2591.417	   2593.000	   2596.275	   2600.865	
 05/23-10:00	2591.000	2592.600	2590.200	2592.200	           2462	   2591.000	   2591.617	   2592.825	   2596.175	   2600.828	     -3.000	     -2.000	     -1.000	     -8.628	      0.000	      0.000	      0.000	   2462.000	   2179.400	   2784.300	   2591.617	   2592.825	   2596.175	   2600.828	
 05/23-10:01	2592.400	2592.400	2590.200	2591.200	           1944	   2591.300	   2591.700	   2592.675	   2596.067	   2600.786	     -3.000	     -2.000	     -1.000	     -9.586	      0.000	      0.000	      0.000	   1944.000	   2222.000	   2714.300	   2591.700	   2592.675	   2596.067	   2600.786	
 05/23-10:02	2591.200	2591.200	2589.000	2589.800	           2188	   2591.100	   2591.700	   2592.483	   2595.954	   2600.736	     -3.000	     -2.000	     -1.000	    -10.936	      0.000	      0.000	      1.000	   2188.000	   2228.600	   2531.000	   2591.700	   2592.483	   2595.954	   2600.736	
 05/23-10:03	2590.200	2590.200	2587.800	2589.000	           2175	   2590.700	   2591.583	   2592.275	   2595.829	   2600.677	     -3.000	     -2.000	     -1.000	    -11.677	      0.000	      0.000	      1.000	   2175.000	   2062.000	   2487.000	   2591.583	   2592.275	   2595.829	   2600.677	
 05/23-10:04	2589.000	2590.800	2589.000	2589.800	           1524	   2590.400	   2591.483	   2592.092	   2595.712	   2600.618	     -3.000	     -2.000	     -1.000	    -10.818	      0.000	      0.000	      1.000	   1524.000	   2058.600	   2373.000	   2591.483	   2592.092	   2595.712	   2600.618	
 05/23-10:05	2589.600	2589.800	2587.800	2589.200	           1827	   2589.800	   2591.300	   2591.892	   2595.633	   2600.553	     -3.000	     -2.000	     -1.000	    -11.353	      0.000	      0.000	      1.000	   1827.000	   1931.600	   2055.500	   2591.300	   2591.892	   2595.633	   2600.553	
 05/23-10:06	2587.800	2589.000	2587.400	2588.000	           1948	   2589.100	   2591.100	   2591.675	   2595.533	   2600.483	     -3.000	     -2.000	     -1.000	    -12.483	      0.000	      0.000	      1.000	   1948.000	   1932.400	   2077.200	   2591.100	   2591.675	   2595.533	   2600.483	
 05/23-10:07	2588.400	2588.600	2587.000	2587.800	           1902	   2588.800	   2590.917	   2591.442	   2595.442	   2600.417	     -3.000	     -2.000	     -1.000	    -12.617	      0.000	      0.000	      1.000	   1902.000	   1875.200	   2051.900	   2590.917	   2591.442	   2595.442	   2600.417	
 05/23-10:08	2587.600	2588.000	2585.600	2586.400	           2522	   2588.300	   2590.733	   2591.200	   2595.325	   2600.346	     -3.000	     -2.000	     -1.000	    -13.946	      0.000	      0.000	      1.000	   2522.000	   1944.600	   2003.300	   2590.733	   2591.200	   2595.325	   2600.346	
 05/23-10:09	2586.000	2586.600	2583.800	2584.000	           3892	   2587.100	   2590.300	   2590.908	   2595.192	   2600.272	     -3.000	     -2.000	     -1.000	    -16.272	      0.000	      0.000	      1.000	   3892.000	   2418.200	   2238.400	   2590.300	   2590.908	   2595.192	   2600.272	
 05/23-10:10	2584.200	2586.800	2584.000	2586.200	           4063	   2586.500	   2589.900	   2590.650	   2595.096	   2600.209	     -3.000	     -2.000	     -1.000	    -14.009	      0.000	      0.000	      1.000	   4063.000	   2865.400	   2398.500	   2589.900	   2590.650	   2595.096	   2600.209	
 05/23-10:11	2586.200	2587.000	2586.000	2586.200	           1916	   2586.100	   2589.567	   2590.400	   2595.000	   2600.144	     -3.000	     -2.000	     -1.000	    -13.944	      0.000	      0.000	      1.000	   1916.000	   2859.000	   2395.700	   2589.567	   2590.400	   2595.000	   2600.144	
 05/23-10:12	2586.400	2588.600	2585.600	2588.400	           2975	   2586.200	   2589.300	   2590.175	   2594.925	   2600.096	     -3.000	     -2.000	     -1.000	    -11.696	      0.000	      0.000	      1.000	   2975.000	   3073.600	   2474.400	   2589.300	   2590.175	   2594.925	   2600.096	
 05/23-10:13	2588.400	2589.200	2588.200	2588.600	           2249	   2586.600	   2589.133	   2589.950	   2594.858	   2600.041	     -3.000	     -2.000	     -1.000	    -11.441	      0.000	      0.000	      1.000	   2249.000	   3019.000	   2481.800	   2589.133	   2589.950	   2594.858	   2600.041	
 05/23-10:14	2588.400	2589.600	2588.000	2589.200	           1790	   2587.700	   2588.917	   2589.733	   2594.788	   2599.985	     -3.000	     -2.000	     -1.000	    -10.785	      0.000	      0.000	      1.000	   1790.000	   2598.600	   2508.400	   2588.917	   2589.733	   2594.788	   2599.985	
 05/23-10:15	2589.200	2589.200	2586.600	2586.800	           1972	   2587.800	   2588.583	   2589.475	   2594.708	   2599.914	     -3.000	     -2.000	     -1.000	    -13.114	      0.000	      0.000	      1.000	   1972.000	   2180.400	   2522.900	   2588.583	   2589.475	   2594.708	   2599.914	
 05/23-10:16	2587.000	2588.400	2586.600	2587.200	           1376	   2588.100	   2588.483	   2589.467	   2594.629	   2599.847	     -3.000	     -2.000	     -1.000	    -12.647	      0.000	      0.000	      1.000	   1376.000	   2072.400	   2465.700	   2588.483	   2589.467	   2594.629	   2599.847	
 05/23-10:17	2587.400	2587.400	2585.600	2587.200	           2124	   2587.800	   2588.450	   2589.433	   2594.563	   2599.776	     -3.000	     -2.000	     -1.000	    -12.576	      0.000	      0.000	      1.000	   2124.000	   1902.200	   2487.900	   2588.450	   2589.433	   2594.563	   2599.776	
 05/23-10:18	2587.200	2588.600	2586.400	2586.400	           1669	   2587.400	   2588.300	   2589.375	   2594.496	   2599.690	     -3.000	     -2.000	     -1.000	    -13.290	      0.000	      0.000	      1.000	   1669.000	   1786.200	   2402.600	   2588.300	   2589.375	   2594.496	   2599.690	
 05/23-10:19	2586.600	2586.600	2582.400	2583.000	           6294	   2586.100	   2588.150	   2589.225	   2594.379	   2599.598	     -3.000	     -2.000	     -1.000	    -16.598	      0.000	      0.000	      1.000	   6294.000	   2687.000	   2642.800	   2588.150	   2589.225	   2594.379	   2599.598	
 05/23-10:20	2582.800	2585.600	2582.600	2584.000	           3351	   2585.600	   2588.050	   2589.150	   2594.292	   2599.510	     -3.000	     -2.000	     -1.000	    -15.510	      0.000	      0.000	      1.000	   3351.000	   2962.800	   2571.600	   2588.050	   2589.150	   2594.292	   2599.510	
 05/23-10:21	2583.800	2584.800	2582.800	2584.000	           2192	   2584.900	   2587.900	   2589.150	   2594.204	   2599.431	     -3.000	     -2.000	     -1.000	    -15.431	      0.000	      0.000	      1.000	   2192.000	   3126.000	   2599.200	   2587.900	   2589.150	   2594.204	   2599.431	
 05/23-10:22	2583.800	2585.400	2582.000	2583.400	           3084	   2584.200	   2587.817	   2589.125	   2594.125	   2599.350	     -3.000	     -2.000	     -1.000	    -15.950	      0.000	      0.000	      1.000	   3084.000	   3318.000	   2610.100	   2587.817	   2589.125	   2594.125	   2599.350	
 05/23-10:23	2583.200	2585.000	2583.000	2583.800	           1607	   2583.600	   2587.733	   2589.117	   2594.046	   2599.268	     -3.000	     -2.000	     -1.000	    -15.468	      0.000	      0.000	      1.000	   1607.000	   3305.600	   2545.900	   2587.733	   2589.117	   2594.046	   2599.268	
 05/23-10:24	2583.800	2585.600	2583.800	2584.600	           2490	   2584.000	   2587.683	   2589.108	   2593.983	   2599.182	     -3.000	     -2.000	     -1.000	    -14.582	      0.000	      0.000	      1.000	   2490.000	   2544.800	   2615.900	   2587.683	   2589.108	   2593.983	   2599.182	
 05/23-10:25	2584.600	2584.600	2581.000	2582.600	           5233	   2583.700	   2587.400	   2589.092	   2593.879	   2599.090	     -3.000	     -2.000	     -1.000	    -16.490	      0.000	      0.000	      1.000	   5233.000	   2921.200	   2942.000	   2587.400	   2589.092	   2593.879	   2599.090	
 05/23-10:26	2583.000	2584.000	2580.200	2580.200	           3698	   2582.900	   2587.067	   2589.000	   2593.742	   2598.988	     -3.000	     -2.000	     -1.000	    -18.788	      0.000	      0.000	      1.000	   3698.000	   3222.400	   3174.200	   2587.067	   2589.000	   2593.742	   2598.988	
 05/23-10:27	2580.400	2583.600	2580.400	2582.800	           3171	   2582.800	   2586.817	   2588.967	   2593.625	   2598.900	     -3.000	     -2.000	     -1.000	    -16.100	      0.000	      0.000	      1.000	   3171.000	   3239.800	   3278.900	   2586.817	   2588.967	   2593.625	   2598.900	
 05/23-10:28	2583.000	2585.600	2581.400	2585.000	           4017	   2583.100	   2586.617	   2588.933	   2593.525	   2598.822	     -3.000	     -2.000	     -1.000	    -13.822	      0.000	      0.000	      1.000	   4017.000	   3721.800	   3513.700	   2586.617	   2588.933	   2593.525	   2598.822	
 05/23-10:29	2584.800	2585.600	2584.200	2585.600	           2318	   2583.200	   2586.417	   2588.917	   2593.421	   2598.744	     -3.000	     -2.000	     -1.000	    -13.144	      0.000	      0.000	      1.000	   2318.000	   3687.400	   3116.100	   2586.417	   2588.917	   2593.421	   2598.744	
 05/23-10:30	2585.400	2586.400	2585.400	2585.600	           2375	   2583.800	   2586.200	   2588.908	   2593.308	   2598.658	     -3.000	     -2.000	     -1.000	    -13.058	      0.000	      0.000	      1.000	   2375.000	   3115.800	   3018.500	   2586.200	   2588.908	   2593.308	   2598.658	
 05/23-10:31	2585.600	2586.000	2584.600	2585.800	           1749	   2585.000	   2586.017	   2588.858	   2593.200	   2598.578	     -3.000	     -2.000	     -1.000	    -12.778	      0.000	      0.000	      1.000	   1749.000	   2726.000	   2974.200	   2586.017	   2588.858	   2593.200	   2598.578	
 05/23-10:32	2585.400	2587.800	2585.200	2587.200	           3110	   2585.800	   2585.933	   2588.817	   2593.092	   2598.504	     -3.000	     -2.000	     -1.000	    -11.304	      0.000	      0.000	      1.000	   3110.000	   2713.800	   2976.800	   2585.933	   2588.817	   2593.092	   2598.504	
 05/23-10:33	2587.000	2587.600	2587.000	2587.600	           1726	   2586.300	   2585.883	   2588.733	   2592.979	   2598.416	     -3.000	     -2.000	     -1.000	    -10.816	      0.000	      0.000	      1.000	   1726.000	   2255.600	   2988.700	   2585.883	   2588.733	   2592.979	   2598.416	
 05/23-10:34	2587.600	2587.600	2586.400	2586.400	           1489	   2586.500	   2585.767	   2588.625	   2592.858	   2598.332	     -3.000	     -2.000	     -1.000	    -11.932	      0.000	      0.000	      1.000	   1489.000	   2089.800	   2888.600	   2585.767	   2588.625	   2592.858	   2598.332	
 05/23-10:35	2586.400	2588.600	2586.400	2588.400	           2771	   2587.100	   2585.750	   2588.525	   2592.758	   2598.254	     -3.000	     -2.000	     -1.000	     -9.854	      0.000	      0.000	      1.000	   2771.000	   2169.000	   2642.400	   2585.750	   2588.525	   2592.758	   2598.254	
 05/23-10:36	2588.400	2590.000	2588.000	2589.400	           4135	   2587.800	   2585.800	   2588.450	   2592.675	   2598.192	     -3.000	     -2.000	     -1.000	     -8.792	      0.000	      0.000	      0.000	   4135.000	   2646.200	   2686.100	   2585.800	   2588.450	   2592.675	   2598.192	
 05/23-10:37	2589.400	2589.800	2588.400	2589.000	           2496	   2588.200	   2585.833	   2588.375	   2592.587	   2598.128	     -3.000	     -2.000	     -1.000	     -9.128	      0.000	      0.000	      0.000	   2496.000	   2523.400	   2618.600	   2585.833	   2588.375	   2592.587	   2598.128	
 05/23-10:38	2589.000	2589.600	2588.200	2588.400	           1757	   2588.400	   2585.900	   2588.317	   2592.492	   2598.058	     -3.000	     -2.000	     -1.000	     -9.658	      0.000	      0.000	      0.000	   1757.000	   2529.600	   2392.600	   2585.900	   2588.317	   2592.492	   2598.058	
 05/23-10:39	2588.600	2588.800	2588.000	2588.200	           2027	   2588.700	   2586.033	   2588.167	   2592.383	   2597.980	     -3.000	     -2.000	     -1.000	     -9.780	      0.000	      0.000	      0.000	   2027.000	   2637.200	   2363.500	   2586.033	   2588.167	   2592.383	   2597.980	
 05/23-10:40	2588.200	2589.400	2587.000	2587.800	           2638	   2588.600	   2586.100	   2588.000	   2592.267	   2597.882	     -3.000	     -2.000	     -1.000	    -10.082	      0.000	      0.000	      0.000	   2638.000	   2610.600	   2389.800	   2586.100	   2588.000	   2592.267	   2597.882	
 05/23-10:41	2587.600	2588.400	2586.600	2588.400	           1722	   2588.300	   2586.167	   2587.867	   2592.154	   2597.782	     -3.000	     -2.000	     -1.000	     -9.382	      0.000	      0.000	      0.000	   1722.000	   2128.000	   2387.100	   2586.167	   2587.867	   2592.154	   2597.782	
 05/23-10:42	2588.000	2589.000	2587.000	2588.600	           1465	   2588.300	   2586.183	   2587.742	   2592.054	   2597.692	     -3.000	     -2.000	     -1.000	     -9.092	      0.000	      0.000	      0.000	   1465.000	   1921.800	   2222.600	   2586.183	   2587.742	   2592.054	   2597.692	
 05/23-10:43	2588.600	2588.600	2587.000	2587.600	           1137	   2588.100	   2586.150	   2587.642	   2591.958	   2597.584	     -3.000	     -2.000	     -1.000	     -9.984	      0.000	      0.000	      1.000	   1137.000	   1797.800	   2163.700	   2586.150	   2587.642	   2591.958	   2597.584	
 05/23-10:44	2587.400	2588.800	2587.000	2588.400	           1116	   2588.200	   2586.117	   2587.517	   2591.867	   2597.486	     -3.000	     -2.000	     -1.000	     -9.086	      0.000	      0.000	      1.000	   1116.000	   1615.600	   2126.400	   2586.117	   2587.517	   2591.867	   2597.486	
 05/23-10:45	2588.000	2591.600	2588.000	2591.000	           3991	   2588.800	   2586.267	   2587.425	   2591.792	   2597.396	     -3.000	     -2.000	     -1.000	     -6.396	      0.000	      0.000	      0.000	   3991.000	   1886.200	   2248.400	   2586.267	   2587.425	   2591.792	   2597.396	
 05/23-10:46	2591.000	2591.000	2587.800	2587.800	           2851	   2588.700	   2586.267	   2587.375	   2591.696	   2597.290	     -3.000	     -2.000	     -1.000	     -9.490	      0.000	      0.000	      1.000	   2851.000	   2112.000	   2120.000	   2586.267	   2587.375	   2591.696	   2597.290	
 05/23-10:47	2587.800	2591.000	2587.800	2590.800	           2278	   2589.100	   2586.400	   2587.425	   2591.617	   2597.212	     -3.000	     -2.000	     -1.000	     -6.412	      0.000	      0.000	      0.000	   2278.000	   2274.600	   2098.200	   2586.400	   2587.425	   2591.617	   2597.212	
 05/23-10:48	2590.800	2592.000	2590.200	2591.800	           2617	   2589.900	   2586.567	   2587.433	   2591.521	   2597.122	     -3.000	     -2.000	     -1.000	     -5.322	      0.000	      0.000	      0.000	   2617.000	   2570.600	   2184.200	   2586.567	   2587.433	   2591.521	   2597.122	
 05/23-10:49	2591.600	2591.600	2590.200	2590.600	           2032	   2590.400	   2586.833	   2587.492	   2591.425	   2597.046	     -3.000	     -2.000	     -1.000	     -6.446	      0.000	      0.000	      0.000	   2032.000	   2753.800	   2184.700	   2586.833	   2587.492	   2591.425	   2597.046	
 05/23-10:50	2590.600	2591.200	2589.800	2591.000	           1755	   2590.400	   2587.067	   2587.558	   2591.321	   2596.966	     -3.000	     -2.000	     -1.000	     -5.966	      0.000	      0.000	      0.000	   1755.000	   2306.600	   2096.400	   2587.067	   2587.558	   2591.321	   2596.966	
 05/23-10:51	2591.000	2591.200	2589.600	2590.200	           1080	   2590.900	   2587.267	   2587.583	   2591.217	   2596.890	     -3.000	     -2.000	     -1.000	     -6.690	      0.000	      0.000	      0.000	   1080.000	   1952.400	   2032.200	   2587.267	   2587.583	   2591.217	   2596.890	
 05/23-10:52	2590.400	2591.600	2589.600	2590.200	           1630	   2590.700	   2587.483	   2587.650	   2591.108	   2596.812	     -3.000	     -2.000	     -1.000	     -6.612	      0.000	      0.000	      0.000	   1630.000	   1822.800	   2048.700	   2587.483	   2587.650	   2591.108	   2596.812	
 05/23-10:53	2590.000	2590.400	2588.800	2589.000	           1948	   2590.200	   2587.667	   2587.700	   2590.988	   2596.738	     -3.000	     -2.000	     -1.000	     -7.738	      0.000	      0.000	      0.000	   1948.000	   1689.000	   2129.800	   2587.667	   2587.700	   2590.988	   2596.738	
 05/23-10:54	2589.000	2591.200	2588.000	2588.600	           2347	   2589.800	   2587.800	   2587.742	   2590.871	   2596.656	     -2.000	     -2.000	     -1.000	     -8.056	      0.000	      0.000	      0.000	   2347.000	   1752.000	   2252.900	   2587.800	   2587.742	   2590.871	   2596.656	
 05/23-10:55	2588.400	2589.400	2588.000	2588.600	           1401	   2589.300	   2588.000	   2587.700	   2590.746	   2596.572	     -2.000	     -2.000	     -1.000	     -7.972	      0.000	      0.000	      0.000	   1401.000	   1681.200	   1993.900	   2588.000	   2587.700	   2590.746	   2596.572	
 05/23-10:56	2588.400	2590.000	2588.400	2590.000	           1165	   2589.300	   2588.333	   2587.700	   2590.633	   2596.478	     -2.000	     -2.000	     -1.000	     -6.478	      0.000	      0.000	      0.000	   1165.000	   1698.200	   1825.300	   2588.333	   2587.700	   2590.633	   2596.478	
 05/23-10:57	2589.800	2590.800	2588.200	2588.800	           1780	   2589.000	   2588.517	   2587.667	   2590.517	   2596.382	     -2.000	     -2.000	     -1.000	     -7.582	      0.000	      0.000	      0.000	   1780.000	   1728.200	   1775.500	   2588.517	   2587.667	   2590.517	   2596.382	
 05/23-10:58	2588.200	2589.000	2587.400	2588.800	           2088	   2589.000	   2588.650	   2587.633	   2590.404	   2596.290	     -2.000	     -2.000	     -1.000	     -7.490	      0.000	      0.000	      0.000	   2088.000	   1756.200	   1722.600	   2588.650	   2587.633	   2590.404	   2596.290	
 05/23-10:59	2588.800	2589.600	2587.600	2587.600	           1442	   2588.700	   2588.717	   2587.567	   2590.283	   2596.186	     -2.000	     -2.000	     -1.000	     -8.586	      0.000	      0.000	      0.000	   1442.000	   1575.200	   1663.600	   2588.717	   2587.567	   2590.283	   2596.186	
 05/23-11:00	2587.600	2587.800	2586.400	2586.600	           3218	   2588.300	   2588.750	   2587.475	   2590.150	   2596.078	     -2.000	     -2.000	     -1.000	     -9.478	      0.000	      0.000	      0.000	   3218.000	   1938.600	   1809.900	   2588.750	   2587.475	   2590.150	   2596.078	
 05/23-11:01	2586.400	2587.200	2586.200	2586.400	           1907	   2587.600	   2588.767	   2587.392	   2590.033	   2595.978	     -2.000	     -2.000	     -1.000	     -9.578	      0.000	      0.000	      0.000	   1907.000	   2087.000	   1892.600	   2588.767	   2587.392	   2590.033	   2595.978	
 05/23-11:02	2586.600	2588.000	2586.000	2586.400	           2052	   2587.200	   2588.750	   2587.342	   2589.913	   2595.886	     -2.000	     -2.000	     -1.000	     -9.486	      0.000	      0.000	      0.000	   2052.000	   2141.400	   1934.800	   2588.750	   2587.342	   2589.913	   2595.886	
 05/23-11:03	2586.400	2587.400	2586.000	2586.800	           1883	   2586.800	   2588.733	   2587.308	   2589.792	   2595.796	     -2.000	     -2.000	     -1.000	     -8.996	      0.000	      0.000	      0.000	   1883.000	   2100.400	   1928.300	   2588.733	   2587.308	   2589.792	   2595.796	
 05/23-11:04	2586.800	2586.800	2585.800	2586.600	           1561	   2586.600	   2588.733	   2587.250	   2589.671	   2595.716	     -2.000	     -2.000	     -1.000	     -9.116	      0.000	      0.000	      0.000	   1561.000	   2124.200	   1849.700	   2588.733	   2587.250	   2589.671	   2595.716	
 05/23-11:05	2586.600	2587.800	2586.200	2587.000	           1517	   2586.700	   2588.683	   2587.217	   2589.554	   2595.642	     -2.000	     -2.000	     -1.000	     -8.642	      0.000	      0.000	      0.000	   1517.000	   1784.000	   1861.300	   2588.683	   2587.217	   2589.554	   2595.642	
 05/23-11:06	2587.000	2592.800	2587.000	2591.200	           6836	   2587.600	   2588.733	   2587.267	   2589.471	   2595.584	     -2.000	     -2.000	     -1.000	     -4.384	      0.000	      0.000	      0.000	   6836.000	   2769.800	   2428.400	   2588.733	   2587.267	   2589.471	   2595.584	
 05/23-11:07	2591.000	2591.600	2590.600	2591.600	           2496	   2588.600	   2588.817	   2587.325	   2589.383	   2595.528	     -2.000	     -2.000	     -1.000	     -3.928	      0.000	      0.000	      0.000	   2496.000	   2858.600	   2500.000	   2588.817	   2587.325	   2589.383	   2595.528	
 05/23-11:08	2591.600	2592.600	2590.800	2592.200	           2686	   2589.700	   2588.950	   2587.425	   2589.313	   2595.486	     -2.000	     -2.000	     -1.000	     -3.286	      0.000	      0.000	      0.000	   2686.000	   3019.200	   2559.800	   2588.950	   2587.425	   2589.313	   2595.486	
 05/23-11:09	2592.200	2592.400	2591.600	2592.200	           1742	   2590.800	   2589.083	   2587.558	   2589.233	   2595.450	     -2.000	     -2.000	     -1.000	     -3.250	      1.000	      0.000	      0.000	   1742.000	   3055.400	   2589.800	   2589.083	   2587.558	   2589.233	   2595.450	
 05/23-11:10	2592.000	2595.000	2592.000	2594.000	           5634	   2592.200	   2589.283	   2587.692	   2589.171	   2595.426	     -1.000	     -2.000	     -1.000	     -1.426	      1.000	      0.000	      0.000	   5634.000	   3878.800	   2831.400	   2589.283	   2587.692	   2589.171	   2595.426	
 05/23-11:11	2594.000	2595.000	2593.600	2594.800	           2879	   2593.000	   2589.517	   2587.842	   2589.121	   2595.402	     -1.000	     -2.000	     -1.000	     -0.602	      1.000	      0.000	      0.000	   2879.000	   3087.400	   2928.600	   2589.517	   2587.842	   2589.121	   2595.402	
 05/23-11:12	2594.800	2594.800	2593.200	2593.800	           2026	   2593.400	   2589.667	   2587.925	   2589.050	   2595.368	     -1.000	     -2.000	     -1.000	     -1.568	      0.000	      0.000	      0.000	   2026.000	   2993.400	   2926.000	   2589.667	   2587.925	   2589.050	   2595.368	
 05/23-11:13	2594.000	2594.400	2592.400	2592.600	           2585	   2593.500	   2589.850	   2588.000	   2588.975	   2595.332	     -1.000	     -2.000	     -1.000	     -2.732	      0.000	      0.000	      0.000	   2585.000	   2973.200	   2996.200	   2589.850	   2588.000	   2588.975	   2595.332	
 05/23-11:14	2592.600	2594.000	2592.200	2593.600	           2302	   2593.800	   2590.017	   2588.067	   2588.900	   2595.296	     -1.000	     -2.000	     -1.000	     -1.696	      0.000	      0.000	      0.000	   2302.000	   3085.200	   3070.300	   2590.017	   2588.067	   2588.900	   2595.296	
 05/23-11:15	2593.600	2594.000	2592.200	2593.600	           1707	   2593.700	   2590.100	   2588.183	   2588.829	   2595.262	     -1.000	     -2.000	     -1.000	     -1.662	      0.000	      0.000	      0.000	   1707.000	   2299.800	   3089.300	   2590.100	   2588.183	   2588.829	   2595.262	
 05/23-11:16	2593.600	2593.600	2591.400	2592.000	           2141	   2593.100	   2590.250	   2588.258	   2588.863	   2595.216	     -1.000	     -2.000	     -1.000	     -3.216	      0.000	      0.000	      0.000	   2141.000	   2152.200	   2619.800	   2590.250	   2588.258	   2588.863	   2595.216	
 05/23-11:17	2592.200	2594.200	2592.000	2594.200	           1728	   2593.200	   2590.350	   2588.375	   2588.904	   2595.180	     -1.000	     -2.000	     -1.000	     -0.980	      0.000	      0.000	      0.000	   1728.000	   2092.600	   2543.000	   2590.350	   2588.375	   2588.904	   2595.180	
 05/23-11:18	2593.600	2597.000	2593.600	2595.000	           5335	   2593.600	   2590.467	   2588.517	   2588.946	   2595.148	     -1.000	     -2.000	     -1.000	     -0.148	      0.000	      0.000	      0.000	   5335.000	   2642.600	   2807.900	   2590.467	   2588.517	   2588.946	   2595.148	
 05/23-11:19	2595.000	2595.000	2593.200	2594.000	           2009	   2593.700	   2590.567	   2588.700	   2588.962	   2595.114	     -1.000	     -2.000	     -1.000	     -1.114	      0.000	      0.000	      0.000	   2009.000	   2584.000	   2834.600	   2590.567	   2588.700	   2588.962	   2595.114	
 05/23-11:20	2593.800	2595.800	2593.400	2595.600	           2107	   2594.200	   2590.733	   2588.900	   2589.025	   2595.086	     -1.000	     -2.000	     -1.000	      0.514	      0.000	      0.000	      0.000	   2107.000	   2664.000	   2481.900	   2590.733	   2588.900	   2589.025	   2595.086	
 05/23-11:21	2595.600	2599.800	2595.600	2599.000	           8663	   2595.600	   2591.033	   2589.150	   2589.150	   2595.076	     -1.000	      0.000	     -1.000	      3.924	      0.000	      0.000	      0.000	   8663.000	   3968.400	   3060.300	   2591.033	   2589.150	   2589.150	   2595.076	
 05/23-11:22	2598.800	2606.200	2598.800	2604.000	          11511	   2597.600	   2591.500	   2589.492	   2589.308	   2595.078	     -1.000	     -1.000	     -1.000	      8.922	      0.000	      0.000	      0.000	  11511.000	   5925.000	   4008.800	   2591.500	   2589.492	   2589.308	   2595.078	
 05/23-11:23	2603.600	2607.200	2603.600	2604.600	           6582	   2599.500	   2592.017	   2589.842	   2589.479	   2595.082	     -1.000	     -1.000	     -1.000	      9.518	      0.000	      0.000	      0.000	   6582.000	   6174.400	   4408.500	   2592.017	   2589.842	   2589.479	   2595.082	
 05/23-11:24	2604.000	2606.200	2603.600	2605.800	           4562	   2601.800	   2592.567	   2590.183	   2589.646	   2595.092	     -1.000	     -1.000	     -1.000	     10.708	      0.000	      0.000	      0.000	   4562.000	   6685.000	   4634.500	   2592.567	   2590.183	   2589.646	   2595.092	
 05/23-11:25	2605.400	2605.400	2603.400	2603.600	           3878	   2603.400	   2593.083	   2590.542	   2589.817	   2595.094	     -1.000	     -1.000	     -1.000	      8.506	      0.000	      0.000	      0.000	   3878.000	   7039.200	   4851.600	   2593.083	   2590.542	   2589.817	   2595.094	
 05/23-11:26	2603.400	2605.600	2602.600	2605.000	           3507	   2604.600	   2593.583	   2590.958	   2589.979	   2595.096	     -1.000	     -1.000	     -1.000	      9.904	      0.000	      0.000	      0.000	   3507.000	   6008.000	   4988.200	   2593.583	   2590.958	   2589.979	   2595.096	
 05/23-11:27	2605.000	2610.000	2603.600	2610.000	           3451	   2605.800	   2594.300	   2591.408	   2590.188	   2595.114	     -1.000	     -1.000	     -1.000	     14.886	      0.000	      0.000	      0.000	   3451.000	   4396.000	   5160.500	   2594.300	   2591.408	   2590.188	   2595.114	
 05/23-11:28	2610.000	2613.000	2609.200	2609.600	           8703	   2606.800	   2594.983	   2591.817	   2590.375	   2595.126	     -1.000	     -1.000	     -1.000	     14.474	      0.000	      0.000	      0.000	   8703.000	   4820.200	   5497.300	   2594.983	   2591.817	   2590.375	   2595.126	
 05/23-11:29	2609.600	2612.000	2609.000	2611.200	           4390	   2607.900	   2595.767	   2592.242	   2590.579	   2595.142	      0.000	     -1.000	     -1.000	     16.058	      0.000	      0.000	      0.000	   4390.000	   4785.800	   5735.400	   2595.767	   2592.242	   2590.579	   2595.142	
 05/23-11:30	2611.000	2613.600	2609.200	2609.200	           6751	   2609.000	   2596.533	   2592.642	   2590.775	   2595.148	      0.000	     -1.000	     -1.000	     14.052	      0.000	      0.000	      0.000	   6751.000	   5360.400	   6199.800	   2596.533	   2592.642	   2590.775	   2595.148	
 05/23-13:01	2609.600	2611.400	2608.400	2608.800	           7258	   2609.700	   2597.267	   2593.017	   2590.938	   2595.148	      0.000	     -1.000	     -1.000	     13.652	      0.000	      0.000	      0.000	   7258.000	   6110.600	   6059.300	   2597.267	   2593.017	   2590.938	   2595.148	
 05/23-13:02	2608.800	2609.200	2606.800	2608.000	           3419	   2609.300	   2597.983	   2593.367	   2591.092	   2595.148	      0.000	     -1.000	     -1.000	     12.852	      0.000	      0.000	      0.000	   3419.000	   6104.200	   5250.100	   2597.983	   2593.367	   2591.092	   2595.148	
 05/23-13:03	2608.000	2608.800	2607.000	2608.200	           1742	   2609.100	   2598.700	   2593.717	   2591.225	   2595.150	      0.000	     -1.000	     -1.000	     13.050	      0.000	      0.000	      0.000	   1742.000	   4712.000	   4766.100	   2598.700	   2593.717	   2591.225	   2595.150	
 05/23-13:04	2608.400	2608.600	2606.400	2606.800	           2569	   2608.200	   2599.367	   2594.050	   2591.337	   2595.142	      0.000	     -1.000	     -1.000	     11.658	      0.000	      0.000	      0.000	   2569.000	   4347.800	   4566.800	   2599.367	   2594.050	   2591.337	   2595.142	
 05/23-13:05	2607.200	2607.600	2606.200	2606.200	           2063	   2607.600	   2600.017	   2594.350	   2591.438	   2595.132	      0.000	     -1.000	     -1.000	     11.068	      0.000	      0.000	      0.000	   2063.000	   3410.200	   4385.300	   2600.017	   2594.350	   2591.438	   2595.132	
 05/23-13:06	2606.400	2607.600	2606.000	2606.200	           2070	   2607.100	   2600.517	   2594.625	   2591.538	   2595.130	      0.000	     -1.000	     -1.000	     11.070	      0.000	      0.000	      0.000	   2070.000	   2372.600	   4241.600	   2600.517	   2594.625	   2591.538	   2595.130	
 05/23-13:07	2606.000	2607.000	2605.800	2606.000	           1822	   2606.700	   2601.000	   2594.908	   2591.642	   2595.126	      0.000	     -1.000	     -1.000	     10.874	      0.000	      0.000	      0.000	   1822.000	   2053.200	   4078.700	   2601.000	   2594.908	   2591.642	   2595.126	
 05/23-13:08	2606.400	2607.000	2605.400	2605.800	           2462	   2606.200	   2601.450	   2595.200	   2591.758	   2595.128	      0.000	      0.000	     -1.000	     10.672	      0.000	      0.000	      0.000	   2462.000	   2197.200	   3454.600	   2601.450	   2595.200	   2591.758	   2595.128	
 05/23-13:09	2605.600	2605.800	2605.000	2605.000	           3512	   2605.900	   2601.883	   2595.483	   2591.825	   2595.126	      0.000	      0.000	     -1.000	      9.874	      0.000	      0.000	      0.000	   3512.000	   2385.800	   3366.800	   2601.883	   2595.483	   2591.825	   2595.126	
 05/23-13:10	2604.600	2605.800	2604.200	2605.200	           3061	   2605.600	   2602.250	   2595.767	   2591.883	   2595.132	      0.000	      0.000	     -1.000	     10.068	      0.000	      0.000	      0.000	   3061.000	   2585.400	   2997.800	   2602.250	   2595.767	   2591.883	   2595.132	
 05/23-13:11	2605.800	2605.800	2603.200	2603.400	           3238	   2605.100	   2602.533	   2596.025	   2591.946	   2595.138	      0.000	      0.000	     -1.000	      8.262	      0.000	      0.000	      0.000	   3238.000	   2819.000	   2595.800	   2602.533	   2596.025	   2591.946	   2595.138	
 05/23-13:12	2603.400	2604.400	2603.200	2603.800	           1824	   2604.600	   2602.867	   2596.267	   2592.004	   2595.148	      0.000	      0.000	     -1.000	      8.652	      0.000	      0.000	      0.000	   1824.000	   2819.400	   2436.300	   2602.867	   2596.267	   2592.004	   2595.148	
 05/23-13:13	2603.400	2603.400	2601.000	2601.800	           4684	   2603.800	   2603.167	   2596.508	   2592.075	   2595.164	      0.000	      0.000	     -1.000	      6.636	      0.000	      0.000	      0.000	   4684.000	   3263.800	   2730.500	   2603.167	   2596.508	   2592.075	   2595.164	
 05/23-13:14	2601.600	2603.400	2601.400	2603.200	           2646	   2603.400	   2603.483	   2596.750	   2592.133	   2595.188	      0.000	      0.000	     -1.000	      8.012	      0.000	      0.000	      0.000	   2646.000	   3090.600	   2738.200	   2603.483	   2596.750	   2592.133	   2595.188	
 05/23-13:15	2602.800	2605.800	2602.800	2605.800	           4501	   2603.600	   2603.900	   2597.000	   2592.212	   2595.220	      0.000	      0.000	     -1.000	     10.580	      0.000	      0.000	      0.000	   4501.000	   3378.600	   2982.000	   2603.900	   2597.000	   2592.212	   2595.220	
 05/23-13:16	2605.400	2605.600	2604.000	2604.200	           2358	   2603.700	   2604.300	   2597.275	   2592.325	   2595.246	      0.000	      0.000	     -1.000	      8.954	      0.000	      0.000	      0.000	   2358.000	   3202.600	   3010.800	   2604.300	   2597.275	   2592.325	   2595.246	
 05/23-13:17	2603.800	2605.200	2603.800	2605.000	           1264	   2604.000	   2604.667	   2597.508	   2592.467	   2595.276	      0.000	      0.000	     -1.000	      9.724	      0.000	      0.000	      0.000	   1264.000	   3090.600	   2955.000	   2604.667	   2597.508	   2592.467	   2595.276	
 05/23-13:18	2604.800	2605.400	2602.000	2602.000	           2028	   2604.000	   2604.900	   2597.683	   2592.558	   2595.288	      0.000	      0.000	     -1.000	      6.712	      0.000	      0.000	      0.000	   2028.000	   2559.400	   2911.600	   2604.900	   2597.683	   2592.558	   2595.288	
 05/23-13:19	2602.200	2604.000	2601.800	2604.000	           1748	   2604.200	   2605.233	   2597.900	   2592.696	   2595.310	      0.000	      0.000	     -1.000	      8.690	      0.000	      0.000	      0.000	   1748.000	   2379.800	   2735.200	   2605.233	   2597.900	   2592.696	   2595.310	
 05/23-13:20	2604.000	2605.200	2602.600	2605.200	           1956	   2604.100	   2605.550	   2598.142	   2592.850	   2595.330	      0.000	      0.000	     -1.000	      9.870	      0.000	      0.000	      0.000	   1956.000	   1870.800	   2624.700	   2605.550	   2598.142	   2592.850	   2595.330	
 05/23-13:21	2605.600	2605.600	2604.400	2604.800	           1369	   2604.200	   2605.733	   2598.383	   2592.983	   2595.340	      0.000	      0.000	     -1.000	      9.460	      0.000	      0.000	      0.000	   1369.000	   1673.000	   2437.800	   2605.733	   2598.383	   2592.983	   2595.340	
 05/23-13:22	2604.800	2605.400	2603.800	2604.400	           1496	   2604.100	   2605.750	   2598.625	   2593.137	   2595.350	      0.000	      0.000	     -1.000	      9.050	      0.000	      0.000	      0.000	   1496.000	   1719.400	   2405.000	   2605.750	   2598.625	   2593.137	   2595.350	
 05/23-13:23	2604.400	2606.800	2604.400	2606.800	           2884	   2605.100	   2605.833	   2598.925	   2593.313	   2595.366	      0.000	      0.000	     -1.000	     11.434	      0.000	      0.000	      0.000	   2884.000	   1890.600	   2225.000	   2605.833	   2598.925	   2593.313	   2595.366	
 05/23-13:24	2606.600	2610.200	2606.200	2609.600	           6711	   2606.200	   2605.967	   2599.267	   2593.504	   2595.394	      0.000	      0.000	     -1.000	     14.206	      0.000	      0.000	      0.000	   6711.000	   2883.200	   2631.500	   2605.967	   2599.267	   2593.504	   2595.394	
 05/23-13:25	2609.200	2610.000	2608.600	2608.800	           2874	   2606.900	   2606.133	   2599.608	   2593.654	   2595.426	      0.000	      0.000	     -1.000	     13.374	      0.000	      0.000	      0.000	   2874.000	   3066.800	   2468.800	   2606.133	   2599.608	   2593.654	   2595.426	
 05/23-13:26	2609.000	2609.800	2608.400	2608.400	           2319	   2607.600	   2606.233	   2599.908	   2593.804	   2595.450	      0.000	      0.000	     -1.000	     12.950	      0.000	      0.000	      0.000	   2319.000	   3256.800	   2464.900	   2606.233	   2599.908	   2593.804	   2595.450	
 05/23-13:27	2608.200	2609.200	2608.000	2608.000	           1694	   2608.300	   2606.167	   2600.233	   2593.950	   2595.468	      0.000	      0.000	     -1.000	     12.532	      0.000	      0.000	      0.000	   1694.000	   3296.400	   2507.900	   2606.167	   2600.233	   2593.950	   2595.468	
 05/23-13:28	2608.000	2608.600	2605.000	2605.800	           4622	   2608.100	   2606.050	   2600.517	   2594.075	   2595.480	      0.000	      0.000	     -1.000	     10.320	      0.000	      0.000	      0.000	   4622.000	   3644.000	   2767.300	   2606.050	   2600.517	   2594.075	   2595.480	
 05/23-13:29	2605.600	2606.200	2604.200	2604.400	           3018	   2607.100	   2605.833	   2600.800	   2594.183	   2595.496	      0.000	      0.000	     -1.000	      8.904	      0.000	      0.000	      0.000	   3018.000	   2905.400	   2894.300	   2605.833	   2600.800	   2594.183	   2595.496	
 05/23-13:30	2604.000	2604.600	2603.400	2604.400	           2189	   2606.200	   2605.667	   2601.100	   2594.288	   2595.512	      0.000	      0.000	     -1.000	      8.888	      0.000	      0.000	      0.000	   2189.000	   2768.400	   2917.600	   2605.667	   2601.100	   2594.288	   2595.512	
 05/23-13:31	2604.200	2605.400	2603.200	2603.200	           2617	   2605.200	   2605.483	   2601.375	   2594.383	   2595.528	      0.000	      0.000	     -1.000	      7.672	      0.000	      0.000	      0.000	   2617.000	   2828.000	   3042.400	   2605.483	   2601.375	   2594.383	   2595.528	
 05/23-13:32	2603.200	2605.600	2603.000	2605.000	           1607	   2604.600	   2605.383	   2601.683	   2594.512	   2595.552	      0.000	      0.000	     -1.000	      9.448	      0.000	      0.000	      0.000	   1607.000	   2810.600	   3053.500	   2605.383	   2601.683	   2594.512	   2595.552	
 05/23-13:33	2605.000	2605.600	2604.000	2604.200	           1520	   2604.200	   2605.233	   2601.967	   2594.637	   2595.566	      0.000	      0.000	     -1.000	      8.634	      0.000	      0.000	      0.000	   1520.000	   2190.200	   2917.100	   2605.233	   2601.967	   2594.637	   2595.566	
 05/23-13:34	2604.800	2605.400	2603.600	2604.000	           1693	   2604.100	   2605.150	   2602.258	   2594.754	   2595.566	      0.000	      0.000	     -1.000	      8.434	      0.000	      0.000	      0.000	   1693.000	   1925.200	   2415.300	   2605.150	   2602.258	   2594.754	   2595.566	
 05/23-13:35	2604.200	2604.800	2603.400	2603.600	           1475	   2604.000	   2605.067	   2602.542	   2594.879	   2595.570	      0.000	      0.000	     -1.000	      8.030	      0.000	      0.000	      0.000	   1475.000	   1782.400	   2275.400	   2605.067	   2602.542	   2594.879	   2595.570	
 05/23-13:36	2603.800	2604.000	2602.600	2603.800	           2266	   2604.100	   2604.983	   2602.750	   2595.008	   2595.566	      0.000	      0.000	     -1.000	      8.234	      0.000	      0.000	      0.000	   2266.000	   1712.200	   2270.100	   2604.983	   2602.750	   2595.008	   2595.566	
 05/23-13:37	2603.600	2605.800	2603.000	2604.600	           2251	   2604.000	   2604.933	   2602.967	   2595.146	   2595.572	      0.000	      0.000	     -1.000	      9.028	      0.000	      0.000	      0.000	   2251.000	   1841.000	   2325.800	   2604.933	   2602.967	   2595.146	   2595.572	
 05/23-13:38	2604.600	2604.800	2601.800	2602.400	           3095	   2603.700	   2604.817	   2603.133	   2595.279	   2595.572	      0.000	      0.000	     -1.000	      6.828	      0.000	      0.000	      0.000	   3095.000	   2156.000	   2173.100	   2604.817	   2603.133	   2595.279	   2595.572	
 05/23-13:39	2602.800	2603.400	2599.000	2599.800	           4702	   2602.900	   2604.650	   2603.267	   2595.413	   2595.560	      0.000	      0.000	     -1.000	      4.240	      0.000	      0.000	      0.000	   4702.000	   2757.800	   2341.500	   2604.650	   2603.267	   2595.413	   2595.560	
 05/23-13:40	2599.800	2601.200	2599.600	2600.000	           3427	   2602.100	   2604.483	   2603.367	   2595.529	   2595.544	      0.000	      0.000	     -1.000	      4.456	      0.000	      0.000	      0.000	   3427.000	   3148.200	   2465.300	   2604.483	   2603.367	   2595.529	   2595.544	
 05/23-13:41	2600.000	2602.400	2600.000	2600.800	           2372	   2601.500	   2604.383	   2603.458	   2595.650	   2595.528	      0.000	      0.000	      0.000	      5.272	      0.000	      0.000	      0.000	   2372.000	   3169.400	   2440.800	   2604.383	   2603.458	   2595.650	   2595.528	
 05/23-13:42	2600.800	2602.800	2600.800	2601.000	           2255	   2600.800	   2604.300	   2603.583	   2595.754	   2595.520	      0.000	      0.000	      0.000	      5.480	      0.000	      0.000	      0.000	   2255.000	   3170.200	   2505.600	   2604.300	   2603.583	   2595.754	   2595.520	
 05/23-13:43	2600.800	2601.600	2599.200	2600.200	           2893	   2600.400	   2604.250	   2603.708	   2595.854	   2595.506	      0.000	      0.000	      0.000	      4.694	      0.000	      0.000	      0.000	   2893.000	   3129.800	   2642.900	   2604.250	   2603.708	   2595.854	   2595.506	
 05/23-13:44	2600.200	2602.400	2600.000	2601.600	           2315	   2600.700	   2604.200	   2603.842	   2595.954	   2595.496	      0.000	      0.000	      0.000	      6.104	      0.000	      0.000	      0.000	   2315.000	   2652.400	   2705.100	   2604.200	   2603.842	   2595.954	   2595.496	
 05/23-13:45	2601.400	2602.600	2600.000	2600.000	           2159	   2600.700	   2604.000	   2603.950	   2596.067	   2595.502	      0.000	      0.000	      0.000	      4.498	      0.000	      0.000	      0.000	   2159.000	   2398.800	   2773.500	   2604.000	   2603.950	   2596.067	   2595.502	
 05/23-13:46	2600.400	2601.000	2598.000	2601.000	           3656	   2600.800	   2603.900	   2604.100	   2596.179	   2595.506	     -1.000	      0.000	      0.000	      5.494	      0.000	      0.000	      0.000	   3656.000	   2655.600	   2912.500	   2603.900	   2604.100	   2596.179	   2595.506	
 05/23-13:47	2601.000	2602.600	2600.600	2602.400	           2694	   2601.100	   2603.817	   2604.242	   2596.308	   2595.520	     -1.000	      0.000	      0.000	      6.880	      0.000	      0.000	      0.000	   2694.000	   2743.400	   2956.800	   2603.817	   2604.242	   2596.308	   2595.520	
 05/23-13:48	2602.600	2603.800	2602.200	2603.000	           2952	   2601.600	   2603.850	   2604.375	   2596.446	   2595.530	     -1.000	      0.000	      0.000	      7.470	      0.000	      0.000	      0.000	   2952.000	   2755.200	   2942.500	   2603.850	   2604.375	   2596.446	   2595.530	
 05/23-13:49	2603.000	2603.400	2602.400	2602.600	           1480	   2601.800	   2603.800	   2604.517	   2596.608	   2595.540	     -1.000	      0.000	      0.000	      7.060	      0.000	      0.000	      0.000	   1480.000	   2588.200	   2620.300	   2603.800	   2604.517	   2596.608	   2595.540	
 05/23-13:50	2602.200	2602.400	2601.200	2601.600	           1492	   2602.100	   2603.667	   2604.608	   2596.754	   2595.556	     -1.000	      0.000	      0.000	      6.044	      0.000	      0.000	      0.000	   1492.000	   2454.800	   2426.800	   2603.667	   2604.608	   2596.754	   2595.556	
 05/23-13:51	2601.600	2602.000	2599.200	2600.000	           3688	   2601.900	   2603.517	   2604.625	   2596.887	   2595.566	     -1.000	      0.000	      0.000	      4.434	      0.000	      0.000	      0.000	   3688.000	   2461.200	   2558.400	   2603.517	   2604.625	   2596.887	   2595.566	
 05/23-13:52	2600.600	2600.600	2599.000	2599.600	           2210	   2601.300	   2603.350	   2604.550	   2597.021	   2595.574	     -1.000	      0.000	      0.000	      4.026	      0.000	      0.000	      0.000	   2210.000	   2364.400	   2553.900	   2603.350	   2604.550	   2597.021	   2595.574	
 05/23-13:53	2599.400	2600.000	2596.800	2598.400	           5122	   2600.400	   2603.067	   2604.450	   2597.146	   2595.582	     -1.000	      0.000	      0.000	      2.818	      0.000	      0.000	      0.000	   5122.000	   2798.400	   2776.800	   2603.067	   2604.450	   2597.146	   2595.582	
 05/23-13:54	2598.400	2598.400	2596.600	2597.800	           2502	   2599.500	   2602.683	   2604.325	   2597.254	   2595.582	     -1.000	      0.000	      0.000	      2.218	      0.000	      0.000	      0.000	   2502.000	   3002.800	   2795.500	   2602.683	   2604.325	   2597.254	   2595.582	
 05/23-13:55	2597.800	2598.000	2596.400	2597.400	           2336	   2598.700	   2602.300	   2604.217	   2597.379	   2595.588	     -1.000	      0.000	      0.000	      1.812	      0.000	      0.000	      0.000	   2336.000	   3171.600	   2813.200	   2602.300	   2604.217	   2597.379	   2595.588	
 05/23-13:56	2597.200	2598.600	2596.800	2598.400	           2398	   2598.300	   2601.967	   2604.100	   2597.529	   2595.592	     -1.000	      0.000	      0.000	      2.808	      0.000	      0.000	      0.000	   2398.000	   2913.600	   2687.400	   2601.967	   2604.100	   2597.529	   2595.592	
 05/23-13:57	2598.400	2599.400	2592.800	2593.600	           7577	   2597.200	   2601.500	   2603.833	   2597.621	   2595.588	     -1.000	      0.000	      0.000	     -1.988	      0.000	      0.000	      0.000	   7577.000	   3987.000	   3175.700	   2601.500	   2603.833	   2597.621	   2595.588	
 05/23-13:58	2594.200	2595.200	2594.000	2594.600	           2999	   2596.400	   2601.117	   2603.583	   2597.700	   2595.588	     -1.000	      0.000	      0.000	     -0.988	      0.000	      0.000	      0.000	   2999.000	   3562.400	   3180.400	   2601.117	   2603.583	   2597.700	   2595.588	
 05/23-13:59	2594.400	2595.200	2592.800	2593.400	           3258	   2595.500	   2600.750	   2603.292	   2597.767	   2595.574	     -1.000	      0.000	      0.000	     -2.174	      0.000	      0.000	      0.000	   3258.000	   3713.600	   3358.200	   2600.750	   2603.292	   2597.767	   2595.574	
 05/23-14:00	2593.600	2594.000	2590.000	2590.200	           6281	   2594.000	   2600.267	   2602.967	   2597.804	   2595.556	     -1.000	      0.000	      0.000	     -5.356	      0.000	      0.000	      0.000	   6281.000	   4502.600	   3837.100	   2600.267	   2602.967	   2597.804	   2595.556	
 05/23-14:01	2590.600	2591.400	2588.800	2589.600	           4461	   2592.300	   2599.817	   2602.650	   2597.833	   2595.536	     -1.000	      0.000	      0.000	     -5.936	      0.000	      0.000	      0.000	   4461.000	   4915.200	   3914.400	   2599.817	   2602.650	   2597.833	   2595.536	
 05/23-14:02	2589.600	2592.400	2589.000	2592.200	           4900	   2592.000	   2599.400	   2602.392	   2597.879	   2595.534	     -1.000	      0.000	      0.000	     -3.334	      0.000	      0.000	      0.000	   4900.000	   4379.800	   4183.400	   2599.400	   2602.392	   2597.879	   2595.534	
 05/23-14:03	2592.400	2593.800	2591.200	2592.000	           3666	   2591.500	   2599.000	   2602.117	   2597.917	   2595.530	     -1.000	      0.000	      0.000	     -3.530	      0.000	      0.000	      0.000	   3666.000	   4513.200	   4037.800	   2599.000	   2602.117	   2597.917	   2595.530	
 05/23-14:04	2592.000	2593.400	2591.600	2592.800	           2117	   2591.300	   2598.617	   2601.883	   2597.967	   2595.530	     -1.000	      0.000	      0.000	     -2.730	      0.000	      0.000	      0.000	   2117.000	   4285.000	   3999.300	   2598.617	   2601.883	   2597.967	   2595.530	
 05/23-14:05	2592.600	2593.200	2592.000	2592.000	           1672	   2591.700	   2598.217	   2601.642	   2597.996	   2595.518	     -1.000	      0.000	      0.000	     -3.518	      0.000	      0.000	      0.000	   1672.000	   3363.200	   3932.900	   2598.217	   2601.642	   2597.996	   2595.518	
 05/23-14:06	2592.000	2594.200	2591.800	2593.800	           2983	   2592.600	   2597.900	   2601.442	   2598.033	   2595.508	     -2.000	      0.000	      0.000	     -1.708	      0.000	      0.000	      0.000	   2983.000	   3067.600	   3991.400	   2597.900	   2601.442	   2598.033	   2595.508	
 05/23-14:07	2593.600	2593.600	2592.800	2593.000	           1481	   2592.700	   2597.517	   2601.225	   2598.067	   2595.492	     -2.000	      0.000	      0.000	     -2.492	      0.000	      0.000	      0.000	   1481.000	   2383.800	   3381.800	   2597.517	   2601.225	   2598.067	   2595.492	
 05/23-14:08	2593.000	2594.000	2592.200	2592.400	           1918	   2592.800	   2597.183	   2601.000	   2598.100	   2595.474	     -2.000	      0.000	      0.000	     -3.074	      0.000	      0.000	      0.000	   1918.000	   2034.200	   3273.700	   2597.183	   2601.000	   2598.100	   2595.474	
 05/23-14:09	2592.600	2592.600	2589.000	2589.000	           3472	   2592.100	   2596.817	   2600.733	   2598.108	   2595.438	     -2.000	      0.000	      0.000	     -6.438	      0.000	      0.000	      0.000	   3472.000	   2305.200	   3295.100	   2596.817	   2600.733	   2598.108	   2595.438	
 05/23-14:10	2588.400	2591.600	2588.400	2590.800	           3492	   2591.800	   2596.500	   2600.492	   2598.129	   2595.404	     -2.000	      0.000	      0.000	     -4.604	      0.000	      0.000	      0.000	   3492.000	   2669.200	   3016.200	   2596.500	   2600.492	   2598.129	   2595.404	
 05/23-14:11	2590.600	2591.200	2590.000	2590.400	           1818	   2591.100	   2596.167	   2600.275	   2598.150	   2595.370	     -2.000	      0.000	      0.000	     -4.970	      0.000	      0.000	      0.000	   1818.000	   2436.200	   2751.900	   2596.167	   2600.275	   2598.150	   2595.370	
 05/23-14:12	2590.200	2590.200	2586.400	2587.000	           5296	   2589.900	   2595.700	   2600.000	   2598.133	   2595.318	     -2.000	      0.000	      0.000	     -8.318	      0.000	      0.000	      0.000	   5296.000	   3199.200	   2791.500	   2595.700	   2600.000	   2598.133	   2595.318	
 05/23-14:13	2587.200	2588.600	2585.600	2586.600	           3878	   2588.700	   2595.233	   2599.742	   2598.125	   2595.260	     -3.000	      0.000	      0.000	     -8.660	      0.000	      0.000	      0.000	   3878.000	   3591.200	   2812.700	   2595.233	   2599.742	   2598.125	   2595.260	
 05/23-14:14	2586.600	2587.800	2585.600	2587.000	           2626	   2588.300	   2594.750	   2599.475	   2598.113	   2595.204	     -3.000	      0.000	      0.000	     -8.204	      0.000	      0.000	      0.000	   2626.000	   3422.000	   2863.600	   2594.750	   2599.475	   2598.113	   2595.204	
 05/23-14:15	2587.000	2587.400	2582.600	2582.600	           5199	   2586.700	   2594.167	   2599.083	   2598.042	   2595.132	     -3.000	      0.000	      0.000	    -12.532	      0.000	      0.000	      0.000	   5199.000	   3763.400	   3216.300	   2594.167	   2599.083	   2598.042	   2595.132	
 05/23-14:16	2582.800	2583.000	2575.400	2577.200	          12528	   2584.100	   2593.383	   2598.642	   2597.958	   2595.044	     -3.000	      0.000	      0.000	    -17.844	      0.000	      0.000	      0.000	  12528.000	   5905.400	   4170.800	   2593.383	   2598.642	   2597.958	   2595.044	
 05/23-14:17	2577.800	2580.400	2577.600	2580.400	           5036	   2582.800	   2592.650	   2598.233	   2597.871	   2594.968	     -3.000	      0.000	      0.000	    -14.568	      0.000	      0.000	      0.000	   5036.000	   5853.400	   4526.300	   2592.650	   2598.233	   2597.871	   2594.968	
 05/23-14:18	2580.400	2582.600	2580.400	2582.600	           4787	   2582.000	   2591.967	   2597.908	   2597.796	   2594.898	     -3.000	      0.000	      0.000	    -12.298	      0.000	      0.000	      0.000	   4787.000	   6035.200	   4813.200	   2591.967	   2597.908	   2597.796	   2594.898	
 05/23-14:19	2582.600	2583.000	2581.200	2582.400	           2936	   2581.100	   2591.300	   2597.550	   2597.725	   2594.824	     -3.000	     -1.000	      0.000	    -12.424	      0.000	      0.000	      0.000	   2936.000	   6097.200	   4759.600	   2591.300	   2597.550	   2597.725	   2594.824	
 05/23-14:20	2582.200	2584.800	2582.000	2584.200	           3657	   2581.400	   2590.717	   2597.192	   2597.667	   2594.752	     -3.000	     -1.000	      0.000	    -10.552	      0.000	      0.000	      0.000	   3657.000	   5788.800	   4776.100	   2590.717	   2597.192	   2597.667	   2594.752	
 05/23-14:21	2583.800	2585.000	2583.600	2583.600	           2943	   2582.600	   2590.167	   2596.842	   2597.613	   2594.680	     -3.000	     -1.000	      0.000	    -11.080	      0.000	      0.000	      0.000	   2943.000	   3871.800	   4888.600	   2590.167	   2596.842	   2597.613	   2594.680	
 05/23-14:22	2583.800	2584.800	2583.800	2584.200	           2042	   2583.400	   2589.667	   2596.508	   2597.567	   2594.614	     -3.000	     -1.000	      0.000	    -10.414	      0.000	      0.000	      0.000	   2042.000	   3273.000	   4563.200	   2589.667	   2596.508	   2597.567	   2594.614	
 05/23-14:23	2584.200	2584.600	2582.600	2583.600	           2466	   2583.600	   2589.167	   2596.117	   2597.521	   2594.552	     -3.000	     -1.000	      0.000	    -10.952	      0.000	      0.000	      0.000	   2466.000	   2808.800	   4422.000	   2589.167	   2596.117	   2597.521	   2594.552	
 05/23-14:24	2583.800	2584.600	2582.800	2583.800	           1779	   2583.800	   2588.683	   2595.683	   2597.475	   2594.488	     -3.000	     -1.000	      0.000	    -10.688	      0.000	      0.000	      0.000	   1779.000	   2577.400	   4337.300	   2588.683	   2595.683	   2597.475	   2594.488	
 05/23-14:25	2583.600	2584.600	2583.000	2583.800	           1782	   2583.800	   2588.233	   2595.267	   2597.438	   2594.424	     -3.000	     -1.000	      0.000	    -10.624	      0.000	      0.000	      0.000	   1782.000	   2202.400	   3995.600	   2588.233	   2595.267	   2597.438	   2594.424	
 05/23-14:26	2583.600	2583.800	2581.200	2581.600	           2640	   2583.400	   2587.683	   2594.825	   2597.367	   2594.354	     -3.000	     -1.000	      0.000	    -12.754	      0.000	      0.000	      0.000	   2640.000	   2141.800	   3006.800	   2587.683	   2594.825	   2597.367	   2594.354	
 05/23-14:27	2581.400	2583.400	2581.400	2581.400	           2295	   2582.800	   2587.267	   2594.383	   2597.308	   2594.278	     -3.000	     -1.000	      0.000	    -12.878	      0.000	      0.000	      0.000	   2295.000	   2192.400	   2732.700	   2587.267	   2594.383	   2597.308	   2594.278	
 05/23-14:28	2581.600	2584.200	2581.600	2583.200	           3084	   2582.700	   2586.883	   2594.000	   2597.258	   2594.198	     -3.000	     -2.000	      0.000	    -10.998	      0.000	      0.000	      0.000	   3084.000	   2316.000	   2562.400	   2586.883	   2594.000	   2597.258	   2594.198	
 05/23-14:29	2582.800	2583.400	2581.600	2583.000	           1348	   2582.600	   2586.533	   2593.642	   2597.221	   2594.120	     -3.000	     -2.000	      0.000	    -11.120	      0.000	      0.000	      0.000	   1348.000	   2229.800	   2403.600	   2586.533	   2593.642	   2597.221	   2594.120	
 05/23-14:30	2583.000	2583.400	2580.600	2581.000	           2399	   2582.000	   2586.233	   2593.250	   2597.175	   2594.030	     -3.000	     -2.000	      0.000	    -13.030	      0.000	      0.000	      0.000	   2399.000	   2353.200	   2277.800	   2586.233	   2593.250	   2597.175	   2594.030	
 05/23-14:31	2580.400	2580.600	2577.000	2578.400	           5729	   2581.400	   2585.867	   2592.842	   2597.108	   2593.934	     -3.000	     -2.000	      0.000	    -15.534	      0.000	      0.000	      0.000	   5729.000	   2971.000	   2556.400	   2585.867	   2592.842	   2597.108	   2593.934	
 05/23-14:32	2578.200	2580.200	2576.400	2579.800	           4970	   2581.100	   2585.450	   2592.425	   2597.054	   2593.842	     -3.000	     -2.000	      0.000	    -14.042	      0.000	      0.000	      0.000	   4970.000	   3506.000	   2849.200	   2585.450	   2592.425	   2597.054	   2593.842	
 05/23-14:33	2579.800	2580.600	2576.800	2576.800	           2511	   2579.800	   2584.933	   2591.967	   2596.967	   2593.734	     -3.000	     -2.000	      0.000	    -16.934	      0.000	      0.000	      0.000	   2511.000	   3391.400	   2853.700	   2584.933	   2591.967	   2596.967	   2593.734	
 05/23-14:34	2576.800	2577.200	2567.000	2568.200	          14153	   2576.900	   2584.133	   2591.375	   2596.817	   2593.596	     -3.000	     -2.000	      0.000	    -25.396	      0.000	      0.000	      0.000	  14153.000	   5952.400	   4091.100	   2584.133	   2591.375	   2596.817	   2593.596	
 05/23-14:35	2568.400	2569.000	2562.600	2566.600	          10250	   2574.000	   2583.283	   2590.750	   2596.646	   2593.448	     -3.000	     -2.000	      0.000	    -26.848	      0.000	      0.000	      0.000	  10250.000	   7522.600	   4937.900	   2583.283	   2590.750	   2596.646	   2593.448	
 05/23-14:36	2566.600	2568.400	2566.400	2567.600	           4253	   2571.800	   2582.400	   2590.150	   2596.450	   2593.304	     -3.000	     -2.000	      0.000	    -25.704	      0.000	      0.000	      0.000	   4253.000	   7227.400	   5099.200	   2582.400	   2590.150	   2596.450	   2593.304	
 05/23-14:37	2567.800	2569.000	2563.000	2567.400	           5557	   2569.300	   2581.550	   2589.533	   2596.250	   2593.164	     -3.000	     -2.000	      0.000	    -25.764	      0.000	      0.000	      0.000	   5557.000	   7344.800	   5425.400	   2581.550	   2589.533	   2596.250	   2593.164	
 05/23-14:38	2568.000	2568.000	2565.400	2568.000	           2841	   2567.600	   2580.733	   2588.958	   2596.046	   2593.026	     -3.000	     -2.000	      0.000	    -25.026	      0.000	      0.000	      0.000	   2841.000	   7410.800	   5401.100	   2580.733	   2588.958	   2596.046	   2593.026	
 05/23-14:39	2568.000	2570.200	2567.200	2569.800	           4813	   2567.900	   2580.100	   2588.458	   2595.863	   2592.898	     -3.000	     -2.000	      0.000	    -23.098	      0.000	      0.000	      0.000	   4813.000	   5542.800	   5747.600	   2580.100	   2588.458	   2595.863	   2592.898	
 05/23-14:40	2569.400	2569.600	2568.000	2568.200	           2122	   2568.200	   2579.350	   2587.925	   2595.646	   2592.760	     -3.000	     -2.000	      0.000	    -24.560	      0.000	      0.000	      0.000	   2122.000	   3917.200	   5719.900	   2579.350	   2587.925	   2595.646	   2592.760	
 05/23-14:41	2568.000	2568.600	2566.800	2568.400	           2155	   2568.400	   2578.617	   2587.392	   2595.425	   2592.632	     -3.000	     -2.000	      0.000	    -24.232	      0.000	      0.000	      0.000	   2155.000	   3497.600	   5362.500	   2578.617	   2587.392	   2595.425	   2592.632	
 05/23-14:42	2568.600	2569.400	2567.200	2568.600	           2081	   2568.600	   2578.000	   2586.850	   2595.217	   2592.502	     -3.000	     -2.000	      0.000	    -23.902	      0.000	      0.000	      0.000	   2081.000	   2802.400	   5073.600	   2578.000	   2586.850	   2595.217	   2592.502	
 05/23-14:43	2568.600	2572.000	2568.600	2571.400	           4207	   2569.300	   2577.500	   2586.367	   2595.038	   2592.382	     -3.000	     -2.000	      0.000	    -20.982	      0.000	      0.000	      0.000	   4207.000	   3075.600	   5243.200	   2577.500	   2586.367	   2595.038	   2592.382	
 05/23-14:44	2571.200	2571.800	2569.400	2570.800	           2662	   2569.400	   2576.950	   2585.850	   2594.846	   2592.260	     -3.000	     -2.000	      0.000	    -21.460	      0.000	      0.000	      0.000	   2662.000	   2645.400	   4094.100	   2576.950	   2585.850	   2594.846	   2592.260	
 05/23-14:45	2570.400	2572.000	2570.200	2571.600	           1922	   2570.200	   2576.600	   2585.383	   2594.667	   2592.144	     -3.000	     -2.000	      0.000	    -20.544	      0.000	      0.000	      0.000	   1922.000	   2605.400	   3261.300	   2576.600	   2585.383	   2594.667	   2592.144	
 05/23-14:46	2571.400	2573.600	2571.400	2573.600	           3061	   2571.200	   2576.467	   2584.925	   2594.512	   2592.034	     -3.000	     -2.000	      0.000	    -18.434	      0.000	      0.000	      0.000	   3061.000	   2786.600	   3142.100	   2576.467	   2584.925	   2594.512	   2592.034	
 05/23-14:47	2573.400	2574.800	2572.200	2572.800	           3342	   2572.000	   2576.200	   2584.425	   2594.333	   2591.916	     -3.000	     -2.000	      0.000	    -19.116	      0.000	      0.000	      0.000	   3342.000	   3038.800	   2920.600	   2576.200	   2584.425	   2594.333	   2591.916	
 05/23-14:48	2573.000	2573.200	2571.400	2572.200	           1822	   2572.200	   2575.867	   2583.917	   2594.146	   2591.802	     -3.000	     -2.000	      0.000	    -19.602	      0.000	      0.000	      0.000	   1822.000	   2561.800	   2818.700	   2575.867	   2583.917	   2594.146	   2591.802	
 05/23-14:49	2572.200	2573.800	2571.600	2572.000	           1810	   2572.500	   2575.517	   2583.408	   2593.962	   2591.684	     -3.000	     -2.000	      0.000	    -19.684	      0.000	      0.000	      0.000	   1810.000	   2391.400	   2518.400	   2575.517	   2583.408	   2593.962	   2591.684	
 05/23-14:50	2572.200	2572.800	2570.200	2572.200	           2609	   2572.500	   2575.117	   2582.917	   2593.762	   2591.566	     -3.000	     -2.000	      0.000	    -19.366	      0.000	      0.000	      0.000	   2609.000	   2528.800	   2567.100	   2575.117	   2582.917	   2593.762	   2591.566	
 05/23-14:51	2572.600	2573.200	2571.200	2571.800	           1458	   2572.200	   2574.733	   2582.450	   2593.538	   2591.450	     -3.000	     -2.000	      0.000	    -19.650	      0.000	      0.000	      0.000	   1458.000	   2208.200	   2497.400	   2574.733	   2582.450	   2593.538	   2591.450	
 05/23-14:52	2571.800	2572.800	2571.600	2572.200	           1353	   2572.100	   2574.317	   2581.992	   2593.271	   2591.330	     -3.000	     -2.000	      0.000	    -19.130	      0.000	      0.000	      0.000	   1353.000	   1810.400	   2424.600	   2574.317	   2581.992	   2593.271	   2591.330	
 05/23-14:53	2572.600	2573.000	2572.200	2572.800	           1311	   2572.200	   2573.967	   2581.567	   2593.008	   2591.214	     -3.000	     -2.000	      0.000	    -18.414	      0.000	      0.000	      0.000	   1311.000	   1708.200	   2135.000	   2573.967	   2581.567	   2593.008	   2591.214	
 05/23-14:54	2572.800	2572.800	2570.600	2572.000	           1946	   2572.200	   2573.583	   2581.133	   2592.729	   2591.092	     -3.000	     -2.000	      0.000	    -19.092	      0.000	      0.000	      0.000	   1946.000	   1735.400	   2063.400	   2573.583	   2581.133	   2592.729	   2591.092	
 05/23-14:55	2572.400	2572.400	2568.800	2569.400	           2898	   2571.700	   2573.100	   2580.667	   2592.442	   2590.962	     -3.000	     -2.000	      0.000	    -21.562	      0.000	      0.000	      0.000	   2898.000	   1793.200	   2161.000	   2573.100	   2580.667	   2592.442	   2590.962	
 05/23-14:56	2569.400	2570.000	2567.000	2567.200	           3932	   2570.700	   2572.617	   2580.150	   2592.125	   2590.878	     -3.000	     -2.000	      0.000	    -23.678	      0.000	      0.000	      0.000	   3932.000	   2288.000	   2248.100	   2572.617	   2580.150	   2592.125	   2590.878	
 05/23-14:57	2567.400	2569.600	2567.000	2568.800	           1767	   2570.100	   2572.200	   2579.733	   2591.783	   2590.798	     -3.000	     -2.000	      0.000	    -21.998	      0.000	      0.000	      0.000	   1767.000	   2370.800	   2090.600	   2572.200	   2579.733	   2591.783	   2590.798	
 05/23-14:58	2568.600	2571.200	2568.600	2571.000	           2216	   2569.700	   2571.800	   2579.342	   2591.462	   2590.722	     -3.000	     -2.000	      0.000	    -19.722	      0.000	      0.000	      0.000	   2216.000	   2551.800	   2130.000	   2571.800	   2579.342	   2591.462	   2590.722	
 05/23-14:59	2571.000	2571.000	2570.000	2570.400	           1443	   2569.300	   2571.367	   2578.950	   2591.121	   2590.634	     -3.000	     -2.000	      0.000	    -20.234	      0.000	      0.000	      0.000	   1443.000	   2451.200	   2093.300	   2571.367	   2578.950	   2591.121	   2590.634	
 05/23-15:00	2570.400	2572.200	2570.400	2572.200	           2047	   2569.900	   2571.083	   2578.658	   2590.813	   2590.570	     -3.000	     -2.000	      0.000	    -18.370	      0.000	      0.000	      0.000	   2047.000	   2281.000	   2037.100	   2571.083	   2578.658	   2590.813	   2590.570	
 05/23-15:01	2572.400	2572.400	2570.600	2570.800	           1574	   2570.600	   2570.817	   2578.342	   2590.496	   2590.516	     -3.000	     -2.000	     -1.000	    -19.716	      0.000	      0.000	      1.000	   1574.000	   1809.400	   2048.700	   2570.817	   2578.342	   2590.496	   2590.516	
 05/23-15:02	2570.800	2572.000	2570.600	2570.600	           1143	   2571.000	   2570.517	   2577.983	   2590.188	   2590.460	     -3.000	     -2.000	     -1.000	    -19.860	      0.000	      0.000	      1.000	   1143.000	   1684.600	   2027.700	   2570.517	   2577.983	   2590.188	   2590.460	
 05/23-15:03	2570.800	2571.000	2570.000	2570.600	           1527	   2570.900	   2570.317	   2577.625	   2589.871	   2590.406	     -3.000	     -2.000	     -1.000	    -19.806	      0.000	      0.000	      1.000	   1527.000	   1546.800	   2049.300	   2570.317	   2577.625	   2589.871	   2590.406	
 05/23-15:04	2570.600	2570.600	2569.200	2569.800	           1720	   2570.800	   2570.350	   2577.242	   2589.563	   2590.342	     -3.000	     -2.000	     -1.000	    -20.542	      0.000	      0.000	      0.000	   1720.000	   1602.200	   2026.700	   2570.350	   2577.242	   2589.563	   2590.342	
 05/23-15:05	2569.800	2570.200	2569.200	2570.000	           1579	   2570.300	   2570.467	   2576.875	   2589.258	   2590.288	     -3.000	     -2.000	     -1.000	    -20.288	      0.000	      0.000	      0.000	   1579.000	   1508.600	   1894.800	   2570.467	   2576.875	   2589.258	   2590.288	
 05/23-15:06	2570.000	2570.800	2570.000	2570.400	           1210	   2570.300	   2570.567	   2576.483	   2588.962	   2590.228	     -3.000	     -2.000	     -1.000	    -19.828	      0.000	      0.000	      0.000	   1210.000	   1435.800	   1622.600	   2570.567	   2576.483	   2588.962	   2590.228	
 05/23-15:07	2570.200	2571.000	2570.200	2570.600	           1310	   2570.200	   2570.667	   2576.108	   2588.667	   2590.170	     -3.000	     -2.000	     -1.000	    -19.570	      0.000	      0.000	      0.000	   1310.000	   1469.200	   1576.900	   2570.667	   2576.108	   2588.667	   2590.170	
 05/23-15:08	2570.200	2571.200	2570.200	2570.800	           1170	   2570.300	   2570.767	   2575.750	   2588.375	   2590.106	     -3.000	     -2.000	     -1.000	    -19.306	      0.000	      0.000	      0.000	   1170.000	   1397.800	   1472.300	   2570.767	   2575.750	   2588.375	   2590.106	
 05/23-15:09	2570.800	2571.400	2570.600	2571.200	           1188	   2570.600	   2570.800	   2575.450	   2588.092	   2590.044	     -3.000	     -2.000	     -1.000	    -18.844	      0.000	      0.000	      0.000	   1188.000	   1291.400	   1446.800	   2570.800	   2575.450	   2588.092	   2590.044	
 05/23-15:10	2571.400	2571.400	2570.000	2570.800	           1571	   2570.800	   2570.900	   2575.125	   2587.808	   2589.984	     -3.000	     -2.000	     -1.000	    -19.184	      0.000	      0.000	      0.000	   1571.000	   1289.800	   1399.200	   2570.900	   2575.125	   2587.808	   2589.984	
 05/23-15:11	2571.200	2571.200	2570.200	2571.000	           1227	   2570.900	   2570.983	   2574.800	   2587.538	   2589.912	     -3.000	     -2.000	     -1.000	    -18.912	      0.000	      0.000	      0.000	   1227.000	   1293.200	   1364.500	   2570.983	   2574.800	   2587.538	   2589.912	
 05/23-15:12	2571.000	2571.200	2570.400	2571.200	           1321	   2571.000	   2571.067	   2574.533	   2587.267	   2589.838	     -3.000	     -2.000	     -1.000	    -18.638	      0.000	      0.000	      0.000	   1321.000	   1295.400	   1382.300	   2571.067	   2574.533	   2587.267	   2589.838	
 05/23-15:13	2570.600	2571.200	2570.000	2570.000	           2191	   2570.800	   2571.017	   2574.258	   2587.000	   2589.748	     -3.000	     -2.000	     -1.000	    -19.748	      0.000	      0.000	      1.000	   2191.000	   1499.600	   1448.700	   2571.017	   2574.258	   2587.000	   2589.748	
 05/23-15:14	2570.000	2570.600	2569.200	2570.000	           2801	   2570.600	   2571.000	   2573.975	   2586.725	   2589.656	     -3.000	     -2.000	     -1.000	    -19.656	      0.000	      0.000	      1.000	   2801.000	   1822.200	   1556.800	   2571.000	   2573.975	   2586.725	   2589.656	
 05/23-15:15	2570.200	2571.600	2570.000	2570.800	           4071	   2570.600	   2570.967	   2573.783	   2586.433	   2589.562	     -3.000	     -2.000	     -1.000	    -18.762	      0.000	      0.000	      1.000	   4071.000	   2322.200	   1806.000	   2570.967	   2573.783	   2586.433	   2589.562	