 01/08-09:16	2243.600	2247.200	2241.600	2242.400	           5659	
 01/08-09:17	2242.000	2243.800	2240.200	2243.800	           2761	
 01/08-09:18	2243.800	2246.000	2243.800	2245.200	           2543	
 01/08-09:19	2245.400	2249.600	2244.400	2249.600	           3906	
 01/08-09:20	2250.000	2250.600	2247.800	2248.000	           3226	
 01/08-09:21	2247.600	2248.200	2247.000	2247.400	           1803	
 01/08-09:22	2247.400	2250.000	2247.200	2248.400	           1898	
 01/08-09:23	2248.000	2248.600	2247.000	2247.400	           1379	
 01/08-09:24	2247.400	2249.200	2247.000	2249.200	           1083	
 01/08-09:25	2249.200	2249.400	2247.000	2249.200	           1386	
 01/08-09:26	2249.000	2249.400	2247.400	2249.000	           1168	
 01/08-09:27	2249.000	2249.000	2247.200	2247.600	           1087	
 01/08-09:28	2247.600	2248.600	2247.400	2247.400	            798	
 01/08-09:29	2247.400	2248.000	2245.400	2245.400	           1937	
 01/08-09:30	2245.600	2246.200	2244.000	2244.200	           2585	
 01/08-09:31	2244.200	2247.800	2244.000	2247.800	           1930	
 01/08-09:32	2248.000	2250.200	2245.400	2245.400	           4442	
 01/08-09:33	2245.400	2245.800	2240.800	2242.000	           5862	
 01/08-09:34	2241.600	2243.000	2240.200	2240.800	           3416	
 01/08-09:35	2240.800	2241.800	2238.800	2241.800	           3981	
 01/08-09:36	2242.600	2242.800	2240.000	2240.000	           2441	
 01/08-09:37	2240.000	2243.400	2240.000	2242.800	           1990	
 01/08-09:38	2243.000	2243.600	2242.000	2243.600	           1861	
 01/08-09:39	2243.600	2246.800	2243.600	2246.600	           3675	
 01/08-09:40	2246.800	2247.600	2245.400	2247.000	           2917	
 01/08-09:41	2246.800	2248.600	2246.400	2248.000	           3388	
 01/08-09:42	2248.000	2248.200	2246.000	2247.600	           2526	
 01/08-09:43	2247.600	2249.600	2246.800	2249.600	           3146	
 01/08-09:44	2249.200	2255.800	2248.800	2253.400	          10775	
 01/08-09:45	2253.400	2257.800	2253.200	2257.200	           6805	
 01/08-09:46	2257.000	2257.000	2253.400	2253.800	           4910	
 01/08-09:47	2253.800	2256.000	2253.600	2255.000	           2654	
 01/08-09:48	2254.600	2257.600	2254.400	2255.800	           3167	
 01/08-09:49	2255.600	2260.200	2255.600	2257.600	           6228	
 01/08-09:50	2257.200	2264.400	2257.200	2263.000	           9792	
 01/08-09:51	2262.600	2264.400	2261.400	2263.600	           6192	
 01/08-09:52	2263.600	2268.800	2263.600	2266.800	           8737	
 01/08-09:53	2266.800	2267.200	2264.600	2264.800	           4901	
 01/08-09:54	2264.600	2265.400	2263.200	2263.600	           3632	
 01/08-09:55	2263.400	2265.400	2262.600	2263.000	           3344	
 01/08-09:56	2263.400	2265.400	2260.600	2261.600	           4898	
 01/08-09:57	2262.000	2262.800	2260.800	2261.600	           2794	
 01/08-09:58	2261.800	2261.800	2260.000	2261.200	           3949	
 01/08-09:59	2261.200	2262.800	2260.800	2261.200	           2070	
 01/08-10:00	2261.000	2264.000	2256.400	2256.400	           7669	
 01/08-10:01	2256.400	2260.400	2256.400	2259.600	           4182	
 01/08-10:02	2259.600	2261.200	2259.600	2260.000	           1899	
 01/08-10:03	2259.800	2260.400	2258.200	2258.400	           2016	
 01/08-10:04	2258.400	2260.600	2258.000	2259.200	           2511	
 01/08-10:05	2259.200	2259.800	2256.800	2257.000	           2859	
 01/08-10:06	2257.000	2258.400	2255.600	2256.400	           3621	
 01/08-10:07	2256.600	2257.200	2254.400	2254.800	           4068	
 01/08-10:08	2254.600	2257.400	2254.600	2257.400	           2965	
 01/08-10:09	2257.200	2258.400	2257.200	2257.200	           2146	
 01/08-10:10	2257.200	2258.200	2255.800	2256.200	           1835	
 01/08-10:11	2256.400	2258.800	2256.200	2257.800	           1973	
 01/08-10:12	2257.800	2260.200	2257.600	2259.200	           2791	
 01/08-10:13	2259.400	2262.000	2259.000	2260.200	           4241	
 01/08-10:14	2260.200	2261.000	2258.000	2258.000	           2275	
 01/08-10:15	2258.000	2260.400	2257.800	2260.200	           2290	
 01/08-10:16	2260.000	2260.000	2256.400	2257.400	           3139	
 01/08-10:17	2257.400	2258.200	2256.800	2256.800	           1480	
 01/08-10:18	2256.600	2258.200	2255.600	2256.000	           2368	
 01/08-10:19	2255.800	2257.200	2255.200	2256.200	           1997	
 01/08-10:20	2256.600	2258.800	2256.200	2257.000	           1952	
 01/08-10:21	2256.800	2257.200	2255.000	2255.000	           2414	
 01/08-10:22	2255.400	2256.000	2254.400	2255.600	           2880	
 01/08-10:23	2256.000	2256.600	2252.400	2252.600	           4448	
 01/08-10:24	2252.600	2254.000	2252.200	2252.200	           3086	
 01/08-10:25	2252.200	2252.400	2250.000	2251.000	           4373	
 01/08-10:26	2250.800	2252.400	2250.600	2252.200	           2296	
 01/08-10:27	2252.200	2253.600	2251.600	2251.800	           2463	
 01/08-10:28	2251.600	2252.800	2251.200	2252.200	           1308	
 01/08-10:29	2252.200	2253.200	2251.800	2252.800	           1542	
 01/08-10:30	2252.800	2252.800	2251.200	2251.600	           1592	
 01/08-10:31	2251.600	2252.600	2250.600	2251.200	           2190	
 01/08-10:32	2251.000	2251.800	2249.400	2250.600	           2649	
 01/08-10:33	2250.800	2252.800	2250.400	2252.200	           2272	
 01/08-10:34	2252.200	2252.600	2250.200	2251.200	           1852	
 01/08-10:35	2251.400	2251.600	2249.600	2249.800	           2125	
 01/08-10:36	2249.600	2250.000	2247.200	2247.400	           3963	
 01/08-10:37	2247.600	2247.600	2245.400	2246.000	           3929	
 01/08-10:38	2246.400	2246.600	2245.000	2245.400	           2858	
 01/08-10:39	2245.600	2246.800	2244.400	2246.600	           2664	
 01/08-10:40	2246.200	2246.800	2245.600	2246.000	           1280	
 01/08-10:41	2246.000	2246.000	2243.600	2244.600	           3229	
 01/08-10:42	2244.800	2245.200	2243.400	2243.800	           2271	
 01/08-10:43	2244.000	2244.400	2243.000	2243.000	           2468	
 01/08-10:44	2243.200	2246.200	2243.000	2245.800	           2551	
 01/08-10:45	2245.800	2246.600	2245.000	2245.400	           2437	
 01/08-10:46	2245.400	2246.000	2244.400	2244.800	           1407	
 01/08-10:47	2244.800	2245.000	2243.000	2244.400	           1881	
 01/08-10:48	2244.400	2245.600	2243.600	2245.000	           1502	
 01/08-10:49	2244.600	2246.600	2244.400	2246.400	           1755	
 01/08-10:50	2246.400	2246.600	2245.000	2246.200	           1228	
 01/08-10:51	2246.000	2246.800	2244.600	2244.600	           1876	
 01/08-10:52	2244.400	2244.400	2241.600	2243.000	           4251	
 01/08-10:53	2243.400	2243.400	2241.000	2241.600	           3084	
 01/08-10:54	2241.600	2243.400	2241.200	2243.200	           1954	
 01/08-10:55	2243.000	2245.600	2243.000	2245.200	           2623	
 01/08-10:56	2245.400	2245.600	2244.000	2244.600	           1417	
 01/08-10:57	2244.800	2245.600	2244.400	2244.800	            876	
 01/08-10:58	2244.800	2246.000	2244.200	2244.400	           1663	
 01/08-10:59	2244.200	2244.800	2243.600	2244.200	           1136	
 01/08-11:00	2244.000	2244.400	2242.200	2243.400	           2128	
 01/08-11:01	2243.400	2244.400	2242.800	2243.000	           1138	
 01/08-11:02	2242.800	2243.800	2241.800	2242.200	           1414	
 01/08-11:03	2242.000	2242.600	2239.800	2241.600	           4667	
 01/08-11:04	2241.600	2241.800	2238.800	2239.800	           3662	
 01/08-11:05	2239.600	2239.600	2233.400	2234.200	           9463	
 01/08-11:06	2234.400	2235.400	2233.000	2234.400	           4422	
 01/08-11:07	2234.200	2234.800	2229.400	2231.600	           6939	
 01/08-11:08	2231.600	2233.800	2231.200	2233.000	           3958	
 01/08-11:09	2233.000	2234.800	2232.000	2234.600	           3092	
 01/08-11:10	2234.600	2235.200	2233.000	2233.000	           2555	
 01/08-11:11	2233.400	2234.600	2232.800	2234.000	           1370	
 01/08-11:12	2234.200	2235.200	2234.000	2234.400	           1889	
 01/08-11:13	2234.400	2236.600	2233.800	2235.000	           2789	
 01/08-11:14	2235.400	2236.600	2234.200	2236.600	           1909	
 01/08-11:15	2236.800	2237.800	2236.200	2237.200	           3377	
 01/08-11:16	2237.600	2241.200	2237.400	2240.000	           5860	
 01/08-11:17	2240.200	2240.200	2237.600	2237.800	           3233	
 01/08-11:18	2237.800	2239.200	2237.400	2238.000	           1919	
 01/08-11:19	2238.200	2239.000	2237.600	2238.800	           1147	
 01/08-11:20	2239.000	2239.200	2237.800	2238.600	           1464	
 01/08-11:21	2238.600	2238.800	2237.200	2238.600	           1523	
 01/08-11:22	2238.400	2239.000	2237.600	2238.200	           1394	
 01/08-11:23	2238.200	2239.600	2237.800	2238.800	           1832	
 01/08-11:24	2239.000	2239.800	2238.400	2239.200	           1898	
 01/08-11:25	2239.400	2240.000	2239.000	2239.600	           1383	
 01/08-11:26	2239.600	2239.600	2236.800	2237.000	           2356	
 01/08-11:27	2236.600	2237.400	2234.800	2234.800	           3392	
 01/08-11:28	2234.600	2235.400	2233.200	2233.400	           2661	
 01/08-11:29	2233.000	2233.400	2231.400	2232.000	           3099	
 01/08-11:30	2232.000	2236.000	2232.000	2236.000	           2852	
 01/08-13:01	2237.000	2244.800	2237.000	2243.200	          10847	
 01/08-13:02	2243.200	2245.400	2242.400	2243.400	           3716	
 01/08-13:03	2243.200	2245.600	2243.000	2244.800	           3651	
 01/08-13:04	2244.800	2247.800	2244.600	2246.600	           5259	
 01/08-13:05	2246.400	2247.000	2245.600	2246.200	           2674	
 01/08-13:06	2246.000	2249.000	2246.000	2248.000	           3864	
 01/08-13:07	2248.000	2251.000	2247.800	2250.200	           4927	
 01/08-13:08	2250.000	2253.400	2249.600	2252.800	           5145	
 01/08-13:09	2252.600	2258.400	2252.400	2256.800	           7887	
 01/08-13:10	2256.600	2257.600	2254.800	2255.800	           5097	
 01/08-13:11	2256.200	2257.000	2254.600	2255.000	           3360	
 01/08-13:12	2254.800	2256.800	2254.800	2256.400	           2714	
 01/08-13:13	2256.600	2256.600	2254.600	2256.000	           2961	
 01/08-13:14	2256.200	2256.400	2254.200	2254.200	           2749	
 01/08-13:15	2254.200	2255.400	2254.000	2254.400	           2537	
 01/08-13:16	2254.400	2254.400	2251.600	2252.000	           4171	
 01/08-13:17	2252.000	2253.400	2252.000	2253.200	           1803	
 01/08-13:18	2253.400	2254.600	2251.400	2251.400	           2510	
 01/08-13:19	2251.200	2253.000	2250.600	2252.800	           2176	
 01/08-13:20	2252.600	2253.400	2250.600	2250.600	           2264	
 01/08-13:21	2250.800	2251.000	2248.800	2248.800	           3768	
 01/08-13:22	2248.600	2249.600	2245.200	2246.400	           6790	
 01/08-13:23	2246.600	2246.600	2245.200	2245.800	           2852	
 01/08-13:24	2245.800	2247.400	2245.800	2245.800	           2369	
 01/08-13:25	2245.800	2246.200	2243.200	2244.200	           4242	
 01/08-13:26	2244.600	2247.000	2244.400	2246.600	           2356	
 01/08-13:27	2246.400	2247.600	2245.600	2245.600	           2879	
 01/08-13:28	2245.600	2247.600	2245.600	2246.400	           1976	
 01/08-13:29	2246.600	2247.400	2246.200	2247.000	           1138	
 01/08-13:30	2246.800	2247.800	2245.200	2247.000	           2653	
 01/08-13:31	2247.400	2248.000	2245.600	2246.000	           2353	
 01/08-13:32	2246.000	2246.600	2245.200	2245.800	           2010	
 01/08-13:33	2246.200	2247.400	2245.600	2247.000	           1625	
 01/08-13:34	2246.800	2247.400	2245.000	2245.000	           1655	
 01/08-13:35	2245.200	2246.200	2244.400	2245.800	           2273	
 01/08-13:36	2245.800	2246.000	2244.400	2244.400	           1694	
 01/08-13:37	2244.400	2245.600	2241.600	2241.600	           4770	
 01/08-13:38	2241.600	2243.200	2241.600	2243.200	           2909	
 01/08-13:39	2243.200	2244.600	2242.600	2243.400	           2249	
 01/08-13:40	2243.600	2244.400	2243.000	2243.200	           1464	
 01/08-13:41	2243.200	2243.400	2242.000	2242.800	           1574	
 01/08-13:42	2242.800	2245.000	2242.400	2244.000	           1835	
 01/08-13:43	2244.000	2244.000	2242.200	2243.800	           1276	
 01/08-13:44	2243.800	2245.000	2243.400	2244.400	           1549	
 01/08-13:45	2244.200	2247.600	2243.200	2246.600	           3901	
 01/08-13:46	2246.600	2248.600	2246.200	2247.600	           4083	
 01/08-13:47	2247.600	2247.800	2247.000	2247.400	           1803	
 01/08-13:48	2247.400	2250.400	2247.400	2249.200	           3817	
 01/08-13:49	2249.600	2250.200	2248.600	2249.200	           2251	
 01/08-13:50	2249.200	2249.400	2247.000	2247.200	           2867	
 01/08-13:51	2247.200	2247.800	2246.400	2247.200	           2276	
 01/08-13:52	2247.200	2248.200	2247.000	2247.400	           1420	
 01/08-13:53	2247.200	2248.800	2247.000	2247.000	           1405	
 01/08-13:54	2247.000	2249.600	2246.400	2249.200	           2084	
 01/08-13:55	2249.200	2249.400	2246.800	2247.000	           1994	
 01/08-13:56	2247.000	2247.000	2244.400	2244.400	           3588	
 01/08-13:57	2244.600	2246.400	2244.600	2246.400	           2160	
 01/08-13:58	2246.400	2248.200	2246.400	2247.600	           2285	
 01/08-13:59	2247.200	2250.200	2246.800	2248.800	           3096	
 01/08-14:00	2248.800	2249.200	2247.600	2248.800	           1635	
 01/08-14:01	2248.800	2249.600	2248.200	2249.000	           1558	
 01/08-14:02	2249.000	2250.400	2248.200	2249.600	           1916	
 01/08-14:03	2249.400	2253.200	2249.000	2252.200	           5077	
 01/08-14:04	2252.000	2252.200	2248.200	2248.200	           3349	
 01/08-14:05	2248.400	2248.800	2247.600	2248.000	           2419	
 01/08-14:06	2248.000	2249.800	2247.400	2248.800	           2101	
 01/08-14:07	2248.800	2249.400	2248.200	2249.200	           1072	
 01/08-14:08	2248.800	2250.000	2248.400	2249.400	           1572	
 01/08-14:09	2249.400	2251.200	2249.200	2250.400	           1752	
 01/08-14:10	2250.600	2251.200	2249.600	2251.000	           1486	
 01/08-14:11	2251.000	2251.000	2248.600	2248.600	           1900	
 01/08-14:12	2249.000	2249.600	2247.400	2247.600	           2289	
 01/08-14:13	2248.000	2248.200	2245.600	2246.400	           4419	
 01/08-14:14	2246.200	2246.200	2244.200	2245.200	           3569	
 01/08-14:15	2245.400	2245.800	2244.600	2245.800	           1896	
 01/08-14:16	2246.000	2246.200	2244.000	2244.600	           2378	
 01/08-14:17	2244.600	2245.200	2244.200	2244.800	           1413	
 01/08-14:18	2244.800	2245.600	2244.400	2245.600	           1502	
 01/08-14:19	2245.800	2246.800	2245.400	2246.600	           1546	
 01/08-14:20	2246.600	2246.600	2244.200	2244.200	           2095	
 01/08-14:21	2244.200	2246.800	2244.200	2245.600	           1832	
 01/08-14:22	2245.600	2246.400	2244.800	2244.800	           1475	
 01/08-14:23	2244.800	2244.800	2243.400	2244.000	           2621	
 01/08-14:24	2244.200	2245.000	2243.800	2244.000	           1284	
 01/08-14:25	2243.800	2245.400	2243.600	2244.600	           1603	
 01/08-14:26	2244.600	2245.000	2242.200	2242.600	           2887	
 01/08-14:27	2242.600	2244.600	2242.600	2243.400	           1803	
 01/08-14:28	2243.400	2244.800	2243.400	2244.400	           1214	
 01/08-14:29	2244.600	2246.000	2244.200	2245.800	           2029	
 01/08-14:30	2246.000	2246.000	2245.000	2245.000	           1267	
 01/08-14:31	2245.200	2245.400	2244.400	2245.000	           1211	
 01/08-14:32	2245.000	2245.600	2243.800	2244.800	           1634	
 01/08-14:33	2244.800	2245.000	2243.200	2243.400	           1361	
 01/08-14:34	2243.600	2244.800	2243.200	2244.400	           1061	
 01/08-14:35	2244.200	2244.400	2242.600	2243.000	           1959	
 01/08-14:36	2242.800	2242.800	2239.600	2240.000	           4664	
 01/08-14:37	2240.000	2241.800	2239.400	2241.200	           2896	
 01/08-14:38	2241.000	2241.200	2239.600	2240.000	           1824	
 01/08-14:39	2239.800	2240.800	2239.200	2240.200	           2006	
 01/08-14:40	2240.000	2240.200	2239.200	2239.800	           1606	
 01/08-14:41	2239.400	2241.600	2239.400	2241.400	           2013	
 01/08-14:42	2241.200	2242.800	2240.600	2242.400	           2345	
 01/08-14:43	2242.200	2242.800	2241.400	2241.600	           1702	
 01/08-14:44	2241.400	2243.800	2241.400	2243.600	           2157	
 01/08-14:45	2243.800	2244.400	2243.200	2243.800	           2807	
 01/08-14:46	2243.800	2245.000	2243.000	2244.800	           2511	
 01/08-14:47	2244.800	2245.000	2243.600	2244.000	           1634	
 01/08-14:48	2244.000	2245.200	2243.600	2245.200	           2159	
 01/08-14:49	2245.400	2245.600	2244.400	2245.000	           1509	
 01/08-14:50	2245.200	2245.200	2244.200	2245.000	           1370	
 01/08-14:51	2245.200	2245.800	2243.400	2244.000	           2265	
 01/08-14:52	2243.800	2244.800	2243.200	2244.400	           1814	
 01/08-14:53	2244.600	2245.000	2244.000	2244.800	           1146	
 01/08-14:54	2245.000	2245.000	2243.800	2244.200	           1060	
 01/08-14:55	2244.200	2244.400	2243.000	2243.400	           1775	
 01/08-14:56	2243.400	2243.600	2242.400	2243.200	           1495	
 01/08-14:57	2243.200	2243.600	2242.600	2243.200	            834	
 01/08-14:58	2243.000	2244.000	2242.800	2243.800	           1002	
 01/08-14:59	2243.600	2244.000	2243.000	2243.600	            765	
 01/08-15:00	2243.400	2244.400	2243.200	2244.200	           1316	
 01/08-15:01	2244.000	2245.000	2244.000	2245.000	           1734	
 01/08-15:02	2245.000	2245.400	2244.600	2244.800	           1367	
 01/08-15:03	2244.800	2245.000	2243.200	2243.600	           1951	
 01/08-15:04	2243.600	2244.000	2241.800	2242.200	           2255	
 01/08-15:05	2242.400	2243.000	2242.000	2242.600	           1174	
 01/08-15:06	2242.400	2243.200	2242.200	2243.000	            846	
 01/08-15:07	2243.000	2243.000	2242.400	2242.800	            598	
 01/08-15:08	2242.800	2243.600	2242.800	2242.800	           1056	
 01/08-15:09	2242.800	2243.200	2242.600	2243.000	            429	
 01/08-15:10	2243.000	2243.800	2242.800	2243.400	           1276	
 01/08-15:11	2243.000	2243.000	2241.800	2242.200	           1565	
 01/08-15:12	2242.200	2242.600	2241.400	2242.000	           1324	
 01/08-15:13	2241.800	2242.200	2241.200	2241.800	           1505	
 01/08-15:14	2241.400	2241.800	2239.600	2240.000	           2801	
 01/08-15:15	2239.800	2241.600	2239.200	2241.200	           3470	
 01/09-09:16	2240.000	2247.800	2240.000	2246.800	           8083	
 01/09-09:17	2247.000	2247.800	2246.000	2247.800	           2536	
 01/09-09:18	2247.800	2248.200	2245.000	2245.800	           3159	
 01/09-09:19	2245.800	2246.400	2242.200	2242.400	           3237	
 01/09-09:20	2242.000	2242.200	2236.000	2236.000	           5539	
 01/09-09:21	2235.600	2238.600	2233.800	2237.600	           4409	
 01/09-09:22	2237.600	2238.200	2235.000	2237.000	           2648	
 01/09-09:23	2237.000	2237.600	2236.200	2237.400	           1210	
 01/09-09:24	2237.200	2237.600	2235.600	2235.600	           1152	
 01/09-09:25	2235.400	2239.400	2235.200	2238.600	           2211	
 01/09-09:26	2238.600	2238.600	2236.000	2236.600	           1396	
 01/09-09:27	2236.600	2236.800	2234.400	2236.200	           1748	
 01/09-09:28	2236.200	2237.400	2235.600	2235.800	            990	
 01/09-09:29	2235.800	2236.600	2235.200	2235.800	            771	
 01/09-09:30	2235.800	2239.400	2235.200	2239.000	           2042	
 01/09-09:31	2239.000	2239.000	2235.000	2235.000	           2024	
 01/09-09:32	2235.200	2237.400	2234.400	2237.200	           2665	
 01/09-09:33	2237.600	2249.800	2237.400	2247.400	          12102	
 01/09-09:34	2247.600	2252.600	2247.600	2249.600	           7798	
 01/09-09:35	2249.200	2249.400	2246.400	2246.600	           4364	
 01/09-09:36	2247.000	2247.400	2245.200	2245.200	           2862	
 01/09-09:37	2245.400	2245.400	2240.400	2241.800	           6205	
 01/09-09:38	2242.000	2243.600	2240.000	2243.200	           3413	
 01/09-09:39	2243.800	2244.000	2242.200	2242.400	           2816	
 01/09-09:40	2242.400	2246.400	2242.200	2244.800	           3026	
 01/09-09:41	2244.600	2245.200	2243.400	2245.000	           2176	
 01/09-09:42	2245.000	2247.400	2244.800	2246.000	           3865	
 01/09-09:43	2246.000	2247.800	2246.000	2247.000	           2155	
 01/09-09:44	2247.200	2249.200	2246.200	2248.600	           3192	
 01/09-09:45	2248.400	2248.400	2245.800	2245.800	           3117	
 01/09-09:46	2246.600	2249.000	2246.000	2249.000	           2459	
 01/09-09:47	2248.800	2252.000	2248.400	2251.400	           4439	
 01/09-09:48	2251.200	2254.000	2249.600	2254.000	           5367	
 01/09-09:49	2254.400	2254.400	2250.800	2252.000	           4174	
 01/09-09:50	2252.000	2255.600	2251.800	2254.000	           4719	
 01/09-09:51	2254.200	2254.200	2251.200	2251.200	           3419	
 01/09-09:52	2251.000	2251.400	2248.400	2251.200	           4126	
 01/09-09:53	2251.200	2251.400	2249.400	2250.600	           2064	
 01/09-09:54	2250.400	2250.400	2247.800	2248.800	           2924	
 01/09-09:55	2248.800	2250.600	2248.800	2249.400	           1951	
 01/09-09:56	2249.600	2251.000	2248.600	2250.200	           2056	
 01/09-09:57	2250.400	2252.400	2249.400	2251.800	           2402	
 01/09-09:58	2251.800	2252.000	2249.000	2249.200	           1635	
 01/09-09:59	2249.200	2249.400	2245.000	2246.000	           5223	
 01/09-10:00	2246.000	2247.200	2245.800	2246.600	           2953	
 01/09-10:01	2246.600	2248.000	2245.400	2246.600	           2486	
 01/09-10:02	2246.600	2247.000	2245.400	2246.800	           1562	
 01/09-10:03	2246.400	2247.600	2246.000	2247.400	           1709	
 01/09-10:04	2247.600	2248.400	2246.400	2246.600	           2000	
 01/09-10:05	2246.200	2248.000	2245.800	2247.800	           1804	
 01/09-10:06	2247.400	2248.800	2246.400	2246.600	           2029	
 01/09-10:07	2246.800	2247.400	2243.200	2244.200	           4226	
 01/09-10:08	2244.400	2244.400	2242.600	2243.400	           3260	
 01/09-10:09	2243.600	2244.200	2242.200	2242.200	           2395	
 01/09-10:10	2242.200	2243.000	2241.000	2241.600	           2550	
 01/09-10:11	2241.800	2243.400	2241.400	2243.400	           2182	
 01/09-10:12	2243.600	2244.600	2243.000	2243.200	           2102	
 01/09-10:13	2243.200	2245.200	2242.800	2245.000	           2216	
 01/09-10:14	2245.000	2245.200	2243.200	2244.200	           2197	
 01/09-10:15	2244.400	2247.200	2244.000	2247.200	           3280	
 01/09-10:16	2247.400	2250.600	2247.400	2249.000	           5651	
 01/09-10:17	2249.000	2250.000	2248.600	2248.600	           2345	
 01/09-10:18	2248.600	2251.400	2248.600	2249.800	           3055	
 01/09-10:19	2249.800	2249.800	2247.600	2247.800	           2446	
 01/09-10:20	2247.600	2248.400	2247.200	2247.600	           1337	
 01/09-10:21	2247.800	2248.000	2246.200	2246.400	           2080	
 01/09-10:22	2246.600	2247.600	2246.400	2246.800	           1484	
 01/09-10:23	2246.800	2248.800	2246.400	2246.600	           1763	
 01/09-10:24	2246.600	2249.200	2246.600	2247.800	           1568	
 01/09-10:25	2247.800	2250.000	2247.800	2249.800	           2399	
 01/09-10:26	2250.000	2250.200	2248.600	2249.800	           1970	
 01/09-10:27	2249.600	2250.800	2248.600	2248.600	           1851	
 01/09-10:28	2248.600	2250.400	2248.600	2249.000	           1622	
 01/09-10:29	2249.000	2249.000	2247.800	2249.000	           1600	
 01/09-10:30	2249.000	2252.400	2248.800	2251.000	           4542	
 01/09-10:31	2251.000	2252.800	2250.200	2252.000	           3176	
 01/09-10:32	2252.000	2254.200	2252.000	2252.400	           3620	
 01/09-10:33	2252.600	2253.600	2250.600	2251.800	           2383	
 01/09-10:34	2251.600	2251.600	2248.800	2249.000	           3683	
 01/09-10:35	2249.200	2252.800	2249.000	2252.000	           3147	
 01/09-10:36	2252.000	2257.800	2252.000	2256.600	           8782	
 01/09-10:37	2256.600	2258.000	2253.400	2255.600	           5647	
 01/09-10:38	2256.200	2257.200	2253.200	2253.800	           3860	
 01/09-10:39	2253.800	2254.800	2250.800	2251.600	           4204	
 01/09-10:40	2251.800	2252.200	2250.400	2250.600	           3082	
 01/09-10:41	2250.600	2250.800	2248.600	2249.200	           4241	
 01/09-10:42	2249.000	2250.200	2249.000	2249.200	           2173	
 01/09-10:43	2249.200	2250.400	2249.200	2249.600	           1707	
 01/09-10:44	2249.800	2251.600	2249.400	2251.000	           1980	
 01/09-10:45	2251.200	2251.200	2249.800	2250.400	           1552	
 01/09-10:46	2250.800	2250.800	2249.200	2249.200	           1893	
 01/09-10:47	2249.200	2252.400	2249.200	2252.400	           3183	
 01/09-10:48	2252.600	2253.600	2251.200	2253.400	           3020	
 01/09-10:49	2253.200	2254.400	2252.600	2253.200	           2688	
 01/09-10:50	2253.400	2254.600	2252.200	2254.000	           2373	
 01/09-10:51	2254.000	2254.600	2252.400	2253.800	           2236	
 01/09-10:52	2253.400	2254.200	2252.400	2254.000	           1653	
 01/09-10:53	2254.000	2254.400	2252.600	2253.000	           1740	
 01/09-10:54	2253.200	2254.400	2253.000	2253.800	           1542	
 01/09-10:55	2253.800	2256.600	2253.400	2255.600	           3989	
 01/09-10:56	2255.600	2259.200	2255.600	2258.400	           6703	
 01/09-10:57	2258.000	2260.000	2256.200	2258.400	           5522	
 01/09-10:58	2258.600	2262.000	2257.400	2260.800	           6708	
 01/09-10:59	2260.800	2264.200	2260.200	2260.200	           6822	
 01/09-11:00	2260.200	2263.800	2260.200	2261.800	           4938	
 01/09-11:01	2261.800	2261.800	2258.400	2259.400	           5064	
 01/09-11:02	2259.400	2260.400	2258.800	2260.000	           1783	
 01/09-11:03	2260.200	2260.400	2258.000	2258.600	           3033	
 01/09-11:04	2258.600	2259.800	2257.200	2257.200	           1780	
 01/09-11:05	2257.600	2258.800	2255.600	2256.000	           4308	
 01/09-11:06	2256.400	2258.200	2255.800	2257.800	           2687	
 01/09-11:07	2258.000	2258.600	2257.000	2258.400	           1946	
 01/09-11:08	2258.600	2261.000	2258.000	2260.200	           3251	
 01/09-11:09	2260.200	2261.000	2258.800	2260.200	           2156	
 01/09-11:10	2260.200	2265.000	2259.000	2262.000	           5673	
 01/09-11:11	2261.600	2262.800	2259.200	2260.400	           3426	
 01/09-11:12	2260.000	2262.800	2259.600	2261.800	           2057	
 01/09-11:13	2261.600	2261.800	2259.200	2259.200	           2442	
 01/09-11:14	2259.400	2259.400	2257.400	2258.600	           3197	
 01/09-11:15	2258.600	2259.800	2257.800	2259.400	           1898	
 01/09-11:16	2259.400	2259.400	2256.400	2257.000	           2813	
 01/09-11:17	2257.200	2258.600	2256.800	2257.000	           1478	
 01/09-11:18	2257.000	2258.600	2257.000	2258.400	           1763	
 01/09-11:19	2258.400	2260.800	2258.000	2258.600	           2476	
 01/09-11:20	2258.400	2260.200	2257.000	2257.200	           2161	
 01/09-11:21	2257.400	2259.200	2256.400	2258.000	           2318	
 01/09-11:22	2258.000	2258.000	2253.200	2253.200	           5260	
 01/09-11:23	2253.400	2255.000	2252.600	2252.800	           4779	
 01/09-11:24	2253.000	2255.200	2252.800	2254.800	           2401	
 01/09-11:25	2254.800	2255.200	2253.400	2253.600	           1762	
 01/09-11:26	2253.200	2255.800	2253.000	2255.000	           2275	
 01/09-11:27	2255.000	2255.800	2254.000	2254.200	           1338	
 01/09-11:28	2254.200	2255.200	2253.800	2254.400	           1207	
 01/09-11:29	2254.200	2255.600	2253.600	2255.000	           1515	
 01/09-11:30	2255.200	2257.000	2254.800	2254.800	           2729	
 01/09-13:01	2254.400	2255.800	2253.800	2254.600	           2243	
 01/09-13:02	2254.400	2254.600	2251.600	2251.800	           3245	
 01/09-13:03	2251.400	2252.200	2250.000	2251.000	           4927	
 01/09-13:04	2251.200	2251.600	2249.600	2249.600	           2895	
 01/09-13:05	2249.800	2250.800	2249.400	2249.800	           2158	
 01/09-13:06	2250.000	2250.000	2248.200	2248.800	           3380	
 01/09-13:07	2248.800	2250.400	2248.800	2250.000	           1960	
 01/09-13:08	2250.000	2251.000	2249.800	2250.000	           2086	
 01/09-13:09	2250.000	2250.800	2249.400	2250.400	           1379	
 01/09-13:10	2250.600	2251.200	2250.200	2250.400	           1480	
 01/09-13:11	2250.400	2251.800	2250.400	2251.400	           1807	
 01/09-13:12	2251.600	2251.600	2250.200	2250.600	           1484	
 01/09-13:13	2250.800	2251.400	2249.000	2249.000	           1751	
 01/09-13:14	2249.000	2250.600	2249.000	2249.200	           1389	
 01/09-13:15	2249.000	2250.000	2247.400	2247.600	           3557	
 01/09-13:16	2247.200	2247.800	2246.400	2247.000	           3639	
 01/09-13:17	2246.800	2247.800	2246.200	2246.800	           2503	
 01/09-13:18	2246.600	2247.600	2246.400	2246.600	           2028	
 01/09-13:19	2247.000	2248.200	2246.600	2247.400	           2059	
 01/09-13:20	2247.600	2248.200	2246.800	2247.000	           1391	
 01/09-13:21	2247.200	2247.600	2246.200	2246.200	           1592	
 01/09-13:22	2246.000	2247.600	2245.600	2246.800	           2204	
 01/09-13:23	2247.400	2247.800	2246.600	2246.600	           1437	
 01/09-13:24	2246.600	2247.600	2246.200	2246.600	           1768	
 01/09-13:25	2246.600	2247.400	2246.000	2246.400	           1609	
 01/09-13:26	2246.200	2247.600	2246.000	2247.200	           1532	
 01/09-13:27	2247.400	2248.200	2246.600	2248.000	           2197	
 01/09-13:28	2248.200	2249.200	2247.600	2248.600	           3261	
 01/09-13:29	2248.800	2248.800	2247.800	2248.600	           1431	
 01/09-13:30	2248.400	2248.400	2246.800	2247.000	           2215	
 01/09-13:31	2247.000	2248.400	2246.800	2248.200	           1509	
 01/09-13:32	2248.000	2248.000	2247.200	2247.800	           1009	
 01/09-13:33	2247.600	2247.600	2246.000	2246.000	           2782	
 01/09-13:34	2246.000	2246.800	2245.400	2246.400	           2244	
 01/09-13:35	2246.600	2247.000	2245.800	2247.000	           1372	
 01/09-13:36	2247.000	2248.000	2246.600	2247.000	           2374	
 01/09-13:37	2247.200	2248.000	2247.000	2247.400	            927	
 01/09-13:38	2247.400	2247.400	2246.200	2246.600	           1210	
 01/09-13:39	2246.800	2247.400	2246.000	2246.800	           1158	
 01/09-13:40	2246.800	2247.200	2245.800	2245.800	           1154	
 01/09-13:41	2245.600	2246.600	2245.200	2246.400	           1969	
 01/09-13:42	2246.400	2246.400	2245.000	2245.200	           1750	
 01/09-13:43	2245.400	2245.400	2243.600	2244.600	           3840	
 01/09-13:44	2244.600	2245.200	2244.400	2244.400	           1415	
 01/09-13:45	2244.400	2245.600	2244.400	2244.400	           1694	
 01/09-13:46	2244.400	2245.000	2242.400	2242.600	           3101	
 01/09-13:47	2242.600	2244.000	2242.600	2243.400	           1536	
 01/09-13:48	2243.200	2245.000	2242.800	2244.600	           1920	
 01/09-13:49	2244.400	2246.000	2244.400	2245.200	           2098	
 01/09-13:50	2245.200	2245.800	2244.800	2245.000	           1137	
 01/09-13:51	2245.000	2245.800	2244.600	2245.200	           1402	
 01/09-13:52	2245.200	2245.200	2243.200	2244.000	           1785	
 01/09-13:53	2244.000	2244.200	2242.800	2243.600	           1679	
 01/09-13:54	2243.400	2243.600	2242.600	2243.600	           1442	
 01/09-13:55	2243.600	2243.800	2242.000	2242.800	           2528	
 01/09-13:56	2243.200	2243.200	2241.400	2242.400	           1899	
 01/09-13:57	2242.400	2244.800	2242.000	2244.600	           2702	
 01/09-13:58	2244.600	2244.600	2243.400	2243.400	           1443	
 01/09-13:59	2243.200	2244.200	2241.400	2241.400	           2057	
 01/09-14:00	2241.400	2241.600	2240.000	2240.200	           3999	
 01/09-14:01	2240.200	2241.200	2239.000	2239.400	           3812	
 01/09-14:02	2239.600	2240.000	2238.000	2238.200	           2820	
 01/09-14:03	2238.200	2239.200	2237.200	2238.000	           2783	
 01/09-14:04	2237.800	2238.000	2235.000	2235.800	           3625	
 01/09-14:05	2235.800	2239.000	2235.600	2238.200	           3371	
 01/09-14:06	2238.400	2239.400	2237.600	2237.800	           2219	
 01/09-14:07	2237.400	2239.000	2236.600	2237.200	           1745	
 01/09-14:08	2237.200	2238.800	2237.000	2237.200	           1400	
 01/09-14:09	2236.800	2236.800	2233.200	2235.400	           5293	
 01/09-14:10	2235.400	2235.400	2232.000	2233.800	           3667	
 01/09-14:11	2233.400	2234.800	2233.200	2233.400	           2270	
 01/09-14:12	2233.600	2236.400	2233.600	2235.600	           2768	
 01/09-14:13	2235.600	2236.600	2235.000	2236.200	           1815	
 01/09-14:14	2236.600	2237.200	2235.600	2236.000	           1730	
 01/09-14:15	2236.200	2236.200	2234.000	2235.000	           2210	
 01/09-14:16	2235.400	2236.800	2234.000	2236.200	           2298	
 01/09-14:17	2236.200	2239.000	2235.800	2238.000	           3433	
 01/09-14:18	2238.200	2238.200	2237.000	2237.400	           1566	
 01/09-14:19	2237.400	2237.600	2234.800	2236.400	           1686	
 01/09-14:20	2236.200	2236.400	2234.000	2234.400	           1854	
 01/09-14:21	2234.400	2235.400	2234.400	2235.400	           1267	
 01/09-14:22	2235.200	2235.400	2234.200	2234.200	           1135	
 01/09-14:23	2234.400	2235.000	2233.400	2233.400	           1628	
 01/09-14:24	2233.400	2235.600	2232.400	2235.000	           2847	
 01/09-14:25	2235.000	2236.800	2232.800	2233.200	           2718	
 01/09-14:26	2233.400	2234.400	2231.200	2234.200	           3528	
 01/09-14:27	2233.800	2234.000	2229.800	2231.000	           4118	
 01/09-14:28	2231.000	2231.600	2228.200	2228.800	           4181	
 01/09-14:29	2229.000	2230.400	2228.000	2228.200	           2298	
 01/09-14:30	2228.200	2230.200	2226.400	2230.000	           5438	
 01/09-14:31	2230.400	2231.000	2228.800	2230.600	           2976	
 01/09-14:32	2230.800	2231.800	2230.400	2231.200	           2696	
 01/09-14:33	2231.200	2231.400	2230.000	2231.400	           1304	
 01/09-14:34	2231.400	2231.400	2228.600	2229.400	           1917	
 01/09-14:35	2229.400	2231.400	2229.400	2231.400	           1953	
 01/09-14:36	2231.200	2231.600	2230.200	2231.400	           1464	
 01/09-14:37	2231.400	2233.200	2231.200	2232.400	           3622	
 01/09-14:38	2232.400	2232.400	2230.600	2231.400	           1821	
 01/09-14:39	2231.400	2231.400	2229.200	2229.600	           2352	
 01/09-14:40	2229.400	2230.200	2228.600	2229.800	           2066	
 01/09-14:41	2229.600	2229.600	2228.200	2228.800	           1698	
 01/09-14:42	2228.600	2229.600	2228.000	2228.600	           1717	
 01/09-14:43	2228.800	2229.200	2225.600	2228.000	           3977	
 01/09-14:44	2227.800	2230.800	2227.800	2230.800	           3534	
 01/09-14:45	2230.800	2231.000	2229.400	2231.000	           2697	
 01/09-14:46	2230.800	2231.000	2229.800	2229.800	           1649	
 01/09-14:47	2229.800	2232.000	2229.800	2231.200	           2676	
 01/09-14:48	2231.400	2231.400	2229.400	2229.400	           1591	
 01/09-14:49	2229.400	2230.400	2229.000	2230.000	           1934	
 01/09-14:50	2230.000	2230.400	2229.000	2229.400	           1860	
 01/09-14:51	2229.200	2230.000	2228.200	2229.600	           2228	
 01/09-14:52	2230.000	2230.000	2228.400	2228.600	           1344	
 01/09-14:53	2228.600	2228.800	2226.800	2227.600	           2431	
 01/09-14:54	2227.600	2229.200	2227.600	2229.000	           1481	
 01/09-14:55	2228.800	2229.000	2227.400	2228.000	           1549	
 01/09-14:56	2228.000	2228.000	2225.400	2227.000	           3616	
 01/09-14:57	2227.000	2228.800	2226.800	2228.800	           1911	
 01/09-14:58	2228.800	2229.000	2226.800	2227.400	           1643	
 01/09-14:59	2227.200	2228.000	2226.800	2228.000	            994	
 01/09-15:00	2227.800	2228.600	2227.200	2228.400	           1213	
 01/09-15:01	2228.400	2228.800	2227.400	2228.000	           1429	
 01/09-15:02	2228.000	2228.200	2227.400	2227.600	            888	
 01/09-15:03	2227.600	2227.600	2226.000	2226.000	           2662	
 01/09-15:04	2226.200	2227.000	2224.000	2224.600	           3809	
 01/09-15:05	2224.600	2226.000	2223.400	2225.800	           2745	
 01/09-15:06	2225.800	2226.000	2225.000	2225.800	           1201	
 01/09-15:07	2225.800	2225.800	2224.200	2225.000	           1646	
 01/09-15:08	2225.000	2225.400	2224.000	2224.200	           1290	
 01/09-15:09	2224.600	2225.200	2224.000	2224.800	           1190	
 01/09-15:10	2224.800	2225.000	2223.400	2224.600	           2467	
 01/09-15:11	2224.800	2224.800	2223.800	2224.200	           1318	
 01/09-15:12	2224.000	2224.400	2223.200	2224.200	           1661	
 01/09-15:13	2224.200	2224.600	2222.800	2224.000	           2402	
 01/09-15:14	2224.000	2224.000	2222.600	2223.000	           2567	
 01/09-15:15	2222.800	2223.800	2220.400	2223.600	           5488	