 07/10-09:16	2117.000	2127.800	2114.200	2124.600	           9509	      1.000	   2131.914	   2132.923	   2135.068	           	           	      0.000	      0.000	      0.000	      0.000	      0.000	      0.000	      0.000	      0.000	      0.000	
 07/10-09:17	2124.600	2127.000	2123.200	2124.800	           2915	      2.000	   2131.600	   2132.733	   2134.963	           	           	      0.000	      0.000	      0.000	      0.000	      0.000	      0.000	      0.000	      0.000	      0.000	
 07/10-09:18	2124.600	2126.400	2123.600	2125.600	           1758	      3.000	   2131.327	   2132.563	   2134.842	           	           	      0.000	      0.000	      0.000	      0.000	      0.000	      0.000	      0.000	      0.000	      0.000	
 07/10-09:19	2125.400	2127.000	2124.600	2124.600	           1790	      4.000	   2131.007	   2132.374	   2134.715	           	           	      0.000	      0.000	      0.000	      0.000	      0.000	      0.000	      0.000	      0.000	      0.000	
 07/10-09:20	2124.400	2127.000	2124.000	2127.000	           1714	      5.000	   2130.786	   2132.220	   2134.605	           	           	      0.000	      0.000	      0.000	      0.000	      0.000	      0.000	      0.000	      0.000	      0.000	
 07/10-09:21	2127.800	2129.200	2125.200	2126.200	           2417	      6.000	   2130.526	   2132.017	   2134.500	           	           	      0.000	      0.000	      0.000	      0.000	      0.000	      0.000	      0.000	      0.000	      0.000	
 07/10-09:22	2126.000	2127.800	2125.200	2127.800	           1466	      7.000	   2130.353	   2131.853	   2134.403	           	           	      0.000	      0.000	      0.000	      0.000	      0.000	      0.000	      0.000	      0.000	      0.000	
 07/10-09:23	2127.800	2128.400	2126.800	2128.400	           2040	      8.000	   2130.200	   2131.697	   2134.307	           	           	      0.000	      0.000	      0.000	      0.000	      0.000	      0.000	      0.000	      0.000	      0.000	
 07/10-09:24	2128.600	2131.600	2127.600	2130.200	           4751	      9.000	   2130.100	   2131.633	   2134.225	           	           	      0.000	      0.000	      0.000	      0.000	      0.000	      0.000	      0.000	      0.000	      0.000	
 07/10-09:25	2130.200	2131.200	2129.000	2130.000	           2471	     10.000	   2129.994	   2131.587	   2134.157	           	           	      0.000	      0.000	      0.000	      0.000	      0.000	      0.000	      0.000	      0.000	      0.000	
 07/10-09:26	2130.200	2131.200	2127.400	2128.200	           2571	     11.000	   2129.820	   2131.500	   2134.070	           	           	      0.000	      0.000	      0.000	      0.000	      0.000	      0.000	      0.000	      0.000	      0.000	
 07/10-09:27	2127.800	2129.200	2127.400	2128.200	           1776	     12.000	   2129.627	   2131.414	   2133.987	           	           	      0.000	      0.000	      0.000	      0.000	      0.000	      0.000	      0.000	      0.000	      0.000	
 07/10-09:28	2128.000	2130.000	2128.000	2129.200	            901	     13.000	   2129.467	   2131.336	   2133.923	           	           	      0.000	      0.000	      0.000	      0.000	      0.000	      0.000	      0.000	      0.000	      0.000	
 07/10-09:29	2129.800	2130.200	2128.600	2129.000	            887	     14.000	   2129.340	   2131.237	   2133.858	           	           	      0.000	      0.000	      0.000	      0.000	      0.000	      0.000	      0.000	      0.000	      0.000	
 07/10-09:30	2128.400	2130.200	2126.800	2130.200	           2125	     15.000	   2129.254	   2131.197	   2133.802	           	           	      0.000	      0.000	      0.000	      0.000	      0.000	      0.000	      0.000	      0.000	      0.000	
 07/10-09:31	2130.200	2132.000	2129.800	2132.000	           3156	     16.000	   2129.200	   2131.194	   2133.765	           	           	      0.000	      0.000	      0.000	      0.000	      0.000	      0.000	      0.000	      0.000	      0.000	
 07/10-09:32	2132.000	2133.000	2131.400	2132.000	           3215	     17.000	   2129.160	   2131.177	   2133.733	           	           	      0.000	      0.000	      0.000	      0.000	      0.000	      0.000	      0.000	      0.000	      0.000	
 07/10-09:33	2131.800	2132.000	2129.000	2129.000	           2916	     18.000	   2129.013	   2131.124	   2133.670	           	           	      0.000	      0.000	      0.000	      0.000	      0.000	      0.000	      0.000	      0.000	      0.000	
 07/10-09:34	2129.200	2130.000	2128.400	2129.800	           1686	     19.000	   2128.906	   2131.073	   2133.607	           	           	      0.000	      0.000	      0.000	      0.000	      0.000	      0.000	      0.000	      0.000	      0.000	
 07/10-09:35	2129.400	2130.200	2126.000	2126.600	           3486	     20.000	   2128.693	   2130.970	   2133.533	           	           	      0.000	      0.000	      0.000	      0.000	      0.000	      0.000	      0.000	      0.000	      0.000	
 07/10-09:36	2126.400	2128.400	2126.200	2127.200	           1873	     21.000	   2128.541	   2130.870	   2133.457	           	           	      0.000	      0.000	      0.000	      0.000	      0.000	      0.000	      0.000	      0.000	      0.000	
 07/10-09:37	2127.000	2134.000	2127.000	2134.000	           5092	     22.000	   2128.633	   2130.880	   2133.437	           	           	      0.000	      0.000	      0.000	      0.000	      0.000	      0.000	      0.000	      0.000	      0.000	
 07/10-09:38	2134.200	2138.000	2133.000	2136.200	           8682	     23.000	   2128.806	   2130.930	   2133.422	           	           	      0.000	      0.000	      0.000	      0.000	      0.000	      0.000	      0.000	      0.000	      0.000	
 07/10-09:39	2136.200	2139.000	2135.000	2138.200	           5329	     24.000	   2129.080	   2131.007	   2133.413	           	           	      0.000	      0.000	      0.000	      0.000	      0.000	      0.000	      0.000	      0.000	      0.000	
 07/10-09:40	2137.600	2141.400	2136.200	2140.600	           6030	     25.000	   2129.427	   2131.150	   2133.423	           	           	      0.000	      0.000	      0.000	      0.000	      0.000	      0.000	      0.000	      0.000	      0.000	
 07/10-09:41	2140.200	2140.200	2138.400	2138.600	           4482	     26.000	   2129.700	   2131.263	   2133.428	           	           	      0.000	      0.000	      0.000	      0.000	      0.000	      0.000	      0.000	      0.000	      0.000	
 07/10-09:42	2138.600	2143.000	2137.800	2140.800	           6049	     27.000	   2130.094	   2131.420	   2133.450	           	           	      0.000	      0.000	      0.000	      0.000	      0.000	      0.000	      0.000	      0.000	      0.000	
 07/10-09:43	2140.800	2141.800	2138.800	2138.800	           2996	     28.000	   2130.420	   2131.533	   2133.458	           	           	      0.000	      0.000	      0.000	      0.000	      0.000	      0.000	      0.000	      0.000	      0.000	
 07/10-09:44	2138.800	2140.600	2138.800	2139.600	           2395	     29.000	   2130.820	   2131.643	   2133.488	           	           	      0.000	      0.000	      0.000	      0.000	      0.000	      0.000	      0.000	      0.000	      0.000	
 07/10-09:45	2140.000	2148.600	2138.600	2148.200	           9642	     30.000	   2131.520	   2131.883	   2133.605	           	           	      0.000	      0.000	      0.000	      0.000	      0.000	      0.000	      0.000	      0.000	      0.000	
 07/10-09:46	2149.200	2151.200	2147.000	2147.000	           8225	     31.000	   2132.267	   2132.090	   2133.723	           	           	      0.000	      0.000	      0.000	      0.000	      0.000	      0.000	      0.000	      0.000	      0.000	
 07/10-09:47	2147.000	2150.000	2145.600	2147.800	           4795	     32.000	   2133.033	   2132.317	   2133.848	           	           	      0.000	      0.000	      0.000	      0.000	      0.000	      0.000	      0.000	      0.000	      0.000	
 07/10-09:48	2147.600	2148.000	2145.600	2148.000	           3904	     33.000	   2133.779	   2132.553	   2133.968	           	           	      0.000	      0.000	      0.000	      0.000	      0.000	      0.000	      0.000	      0.000	      0.000	
 07/10-09:49	2147.800	2152.800	2146.400	2150.400	           6099	     34.000	   2134.640	   2132.823	   2134.112	           	           	      0.000	      0.000	      0.000	      0.000	      0.000	      0.000	      0.000	      0.000	      0.000	
 07/10-09:50	2150.200	2158.000	2148.400	2155.400	          11801	     35.000	   2135.586	   2133.187	   2134.300	           	           	      0.000	      0.000	      0.000	      0.000	      0.000	      0.000	      0.000	      0.000	      0.000	
 07/10-09:51	2155.200	2160.800	2154.400	2160.200	           8192	     36.000	   2136.720	   2133.623	   2134.522	           	           	      0.000	      0.000	      0.000	      0.000	      0.000	      0.000	      0.000	      0.000	      0.000	
 07/10-09:52	2160.200	2161.800	2156.600	2157.400	           6222	     37.000	   2137.706	   2134.030	   2134.712	           	           	      0.000	      0.000	      0.000	      0.000	      0.000	      0.000	      0.000	      0.000	      0.000	
 07/10-09:53	2157.200	2159.400	2154.000	2154.000	           5536	     38.000	   2138.559	   2134.380	   2134.865	           	           	      0.000	      0.000	      0.000	      0.000	      0.000	      0.000	      0.000	      0.000	      0.000	
 07/10-09:54	2154.000	2156.200	2152.800	2154.800	           5372	     39.000	   2139.380	   2134.740	   2135.023	           	           	      0.000	      0.000	      0.000	      0.000	      0.000	      0.000	      0.000	      0.000	      0.000	
 07/10-09:55	2155.200	2156.600	2152.200	2152.200	           4304	     40.000	   2140.120	   2135.057	   2135.160	           	           	      0.000	      0.000	      0.000	      0.000	      0.000	      0.000	      0.000	      0.000	      0.000	
 07/10-09:56	2151.600	2154.400	2151.200	2153.800	           4811	     41.000	   2140.974	   2135.397	   2135.297	           	           	      0.000	      0.000	      0.000	      0.000	      0.000	      0.000	      0.000	      0.000	      0.000	
 07/10-09:57	2154.000	2159.000	2153.200	2155.800	           5502	     42.000	   2141.893	   2135.760	   2135.452	           	           	      0.000	      0.000	      0.000	      0.000	      0.000	      0.000	      0.000	      0.000	      0.000	
 07/10-09:58	2156.000	2157.400	2153.800	2157.400	           3290	     43.000	   2142.833	   2136.150	   2135.625	           	           	      0.000	      0.000	      0.000	      0.000	      0.000	      0.000	      0.000	      0.000	      0.000	
 07/10-09:59	2157.000	2158.600	2153.400	2154.200	           4200	     44.000	   2143.674	   2136.507	   2135.777	           	           	      0.000	      0.000	      0.000	      0.000	      0.000	      0.000	      0.000	      0.000	      0.000	
 07/10-10:00	2154.200	2155.800	2152.200	2155.800	           5029	     45.000	   2144.526	   2136.890	   2135.943	           	           	      0.000	      0.000	      0.000	      0.000	      0.000	      0.000	      0.000	      0.000	      0.000	
 07/10-10:01	2155.600	2155.600	2139.200	2143.000	          19091	     46.000	   2144.893	   2137.046	   2136.010	           	           	      0.000	      0.000	      0.000	      0.000	      0.000	      0.000	      0.000	      0.000	      0.000	
 07/10-10:02	2143.000	2145.400	2142.600	2143.800	           6236	     47.000	   2145.286	   2137.223	   2136.072	           	           	      0.000	      0.000	      0.000	      0.000	      0.000	      0.000	      0.000	      0.000	      0.000	
 07/10-10:03	2143.600	2146.000	2143.000	2143.800	           3501	     48.000	   2145.779	   2137.396	   2136.118	           	           	      0.000	      0.000	      0.000	      0.000	      0.000	      0.000	      0.000	      0.000	      0.000	
 07/10-10:04	2143.600	2144.600	2142.600	2143.800	           2726	     49.000	   2146.247	   2137.577	   2136.165	           	           	      0.000	      0.000	      0.000	      0.000	      0.000	      0.000	      0.000	      0.000	      0.000	
 07/10-10:05	2143.400	2145.600	2142.800	2143.000	           3174	     50.000	   2146.794	   2137.743	   2136.195	           	           	      0.000	      0.000	      0.000	      0.000	      0.000	      0.000	      0.000	      0.000	      0.000	
 07/10-10:06	2143.200	2146.600	2142.200	2145.000	           3702	     51.000	   2147.386	   2137.964	   2136.247	           	           	      0.000	      0.000	      0.000	      0.000	      0.000	      0.000	      0.000	      0.000	      0.000	
 07/10-10:07	2145.400	2146.800	2144.200	2144.800	           2359	     52.000	   2147.747	   2138.190	   2136.297	           	           	      0.000	      0.000	      0.000	      0.000	      0.000	      0.000	      0.000	      0.000	      0.000	
 07/10-10:08	2145.000	2148.400	2145.000	2148.400	           3365	     53.000	   2148.153	   2138.480	   2136.376	           	           	      0.000	      0.000	      0.000	      0.000	      0.000	      0.000	      0.000	      0.000	      0.000	
 07/10-10:09	2148.400	2148.800	2145.600	2145.600	           3225	     54.000	   2148.400	   2138.740	   2136.428	           	           	      0.000	      0.000	      0.000	      0.000	      0.000	      0.000	      0.000	      0.000	      0.000	
 07/10-10:10	2145.400	2146.600	2139.400	2142.000	           7307	     55.000	   2148.447	   2138.937	   2136.462	           	           	      0.000	      0.000	      0.000	      0.000	      0.000	      0.000	      0.000	      0.000	      0.000	
 07/10-10:11	2142.000	2142.200	2139.200	2141.600	           4713	     56.000	   2148.547	   2139.124	   2136.482	           	           	      0.000	      0.000	      0.000	      0.000	      0.000	      0.000	      0.000	      0.000	      0.000	
 07/10-10:12	2141.600	2143.600	2140.200	2142.600	           3000	     57.000	   2148.606	   2139.350	   2136.503	           	           	      0.000	      0.000	      0.000	      0.000	      0.000	      0.000	      0.000	      0.000	      0.000	
 07/10-10:13	2142.600	2144.200	2141.200	2143.800	           2098	     58.000	   2148.774	   2139.597	   2136.543	           	           	      0.000	      0.000	      0.000	      0.000	      0.000	      0.000	      0.000	      0.000	      0.000	
 07/10-10:14	2143.600	2144.400	2141.400	2142.200	           2252	     59.000	   2148.860	   2139.840	   2136.580	           	           	      0.000	      0.000	      0.000	      0.000	      0.000	      0.000	      0.000	      0.000	      0.000	
 07/10-10:15	2142.200	2144.200	2142.200	2143.800	           2104	     60.000	   2148.714	   2140.117	   2136.630	           	           	      0.000	      0.000	      0.000	      0.000	      0.000	      0.000	      0.000	      0.000	      0.000	
 07/10-10:16	2144.000	2146.800	2144.000	2145.400	           3858	     61.000	   2148.659	   2140.463	   2136.693	           	           	      0.000	      0.000	      0.000	      0.000	      0.000	      0.000	      0.000	      0.000	      0.000	
 07/10-10:17	2145.600	2145.600	2142.400	2142.400	           2416	     62.000	   2148.480	   2140.757	   2136.745	           	           	      0.000	      0.000	      0.000	      0.000	      0.000	      0.000	      0.000	      0.000	      0.000	
 07/10-10:18	2142.400	2143.200	2141.400	2143.000	           2969	     63.000	   2148.313	   2141.046	   2136.805	           	           	      0.000	      0.000	      0.000	      0.000	      0.000	      0.000	      0.000	      0.000	      0.000	
 07/10-10:19	2143.000	2144.800	2142.000	2143.000	           2558	     64.000	   2148.067	   2141.353	   2136.863	           	           	      0.000	      0.000	      0.000	      0.000	      0.000	      0.000	      0.000	      0.000	      0.000	
 07/10-10:20	2142.800	2143.400	2137.200	2137.600	           5688	     65.000	   2147.473	   2141.530	   2136.875	           	           	      0.000	      0.000	      0.000	      0.000	      0.000	      0.000	      0.000	      0.000	      0.000	
 07/10-10:21	2137.600	2140.200	2137.600	2139.200	           3777	     66.000	   2146.774	   2141.747	   2136.882	           	           	      0.000	      0.000	      0.000	      0.000	      0.000	      0.000	      0.000	      0.000	      0.000	
 07/10-10:22	2139.000	2140.600	2138.200	2139.800	           3193	     67.000	   2146.187	   2141.946	   2136.900	           	           	      0.000	      0.000	      0.000	      0.000	      0.000	      0.000	      0.000	      0.000	      0.000	
 07/10-10:23	2139.600	2141.000	2139.400	2139.600	           1879	     68.000	   2145.707	   2142.133	   2136.915	           	           	      0.000	      0.000	      0.000	      0.000	      0.000	      0.000	      0.000	      0.000	      0.000	
 07/10-10:24	2139.600	2141.400	2139.400	2140.000	           2016	     69.000	   2145.214	   2142.297	   2136.965	           	           	      0.000	      0.000	      0.000	      0.000	      0.000	      0.000	      0.000	      0.000	      0.000	
 07/10-10:25	2140.000	2141.400	2139.600	2140.000	           1765	     70.000	   2144.807	   2142.464	   2137.025	           	           	      0.000	      0.000	      0.000	      0.000	      0.000	      0.000	      0.000	      0.000	      0.000	
 07/10-10:26	2139.600	2141.000	2138.200	2138.800	           2687	     71.000	   2144.306	   2142.640	   2137.070	           	           	      0.000	      0.000	      0.000	      0.000	      0.000	      0.000	      0.000	      0.000	      0.000	
 07/10-10:27	2138.800	2141.400	2138.800	2141.400	           1904	     72.000	   2143.827	   2142.860	   2137.137	           	           	      0.000	      0.000	      0.000	      0.000	      0.000	      0.000	      0.000	      0.000	      0.000	
 07/10-10:28	2141.200	2142.000	2140.200	2140.200	           1953	     73.000	   2143.253	   2143.043	   2137.190	           	           	      0.000	      0.000	      0.000	      0.000	      0.000	      0.000	      0.000	      0.000	      0.000	
 07/10-10:29	2140.400	2140.400	2135.400	2135.800	           7119	     74.000	   2142.640	   2143.157	   2137.197	           	           	      0.000	      0.000	      0.000	      0.000	      0.000	      0.000	      0.000	      0.000	      0.000	
 07/10-10:30	2135.800	2136.600	2135.200	2136.000	           3228	     75.000	   2141.980	   2143.253	   2137.225	           	           	      0.000	      0.000	      0.000	      0.000	      0.000	      0.000	      0.000	      0.000	      0.000	
 07/10-10:31	2135.600	2136.000	2134.000	2135.400	           3510	     76.000	   2141.727	   2143.310	   2137.252	           	           	      0.000	      0.000	      0.000	      0.000	      0.000	      0.000	      0.000	      0.000	      0.000	
 07/10-10:32	2135.600	2136.600	2134.400	2135.800	           2483	     77.000	   2141.459	   2143.373	   2137.275	           	           	      0.000	      0.000	      0.000	      0.000	      0.000	      0.000	      0.000	      0.000	      0.000	
 07/10-10:33	2135.800	2138.000	2135.400	2136.800	           3019	     78.000	   2141.227	   2143.503	   2137.313	           	           	      0.000	      0.000	      0.000	      0.000	      0.000	      0.000	      0.000	      0.000	      0.000	
 07/10-10:34	2137.000	2137.800	2136.400	2137.400	           1965	     79.000	   2141.013	   2143.630	   2137.352	           	           	      0.000	      0.000	      0.000	      0.000	      0.000	      0.000	      0.000	      0.000	      0.000	
 07/10-10:35	2137.800	2138.200	2136.800	2136.800	           2297	     80.000	   2140.806	   2143.800	   2137.385	           	           	      0.000	      0.000	      0.000	      0.000	      0.000	      0.000	      0.000	      0.000	      0.000	
 07/10-10:36	2137.000	2139.400	2136.200	2139.000	           3443	     81.000	   2140.606	   2143.996	   2137.433	           	           	      0.000	      0.000	      0.000	      0.000	      0.000	      0.000	      0.000	      0.000	      0.000	
 07/10-10:37	2139.400	2139.800	2138.600	2139.000	           3013	     82.000	   2140.413	   2144.080	   2137.480	           	           	      0.000	      0.000	      0.000	      0.000	      0.000	      0.000	      0.000	      0.000	      0.000	
 07/10-10:38	2138.800	2139.400	2138.800	2138.800	           1315	     83.000	   2140.094	   2144.124	   2137.527	           	           	      0.000	      0.000	      0.000	      0.000	      0.000	      0.000	      0.000	      0.000	      0.000	
 07/10-10:39	2138.800	2139.200	2136.800	2138.000	           2470	     84.000	   2139.840	   2144.120	   2137.563	           	           	      0.000	      0.000	      0.000	      0.000	      0.000	      0.000	      0.000	      0.000	      0.000	
 07/10-10:40	2137.800	2140.000	2137.000	2140.000	           3142	     85.000	   2139.773	   2144.110	   2137.630	           	           	      0.000	      0.000	      0.000	      0.000	      0.000	      0.000	      0.000	      0.000	      0.000	
 07/10-10:41	2139.800	2140.000	2138.600	2139.600	           1587	     86.000	   2139.707	   2144.127	   2137.695	   2136.455	           	      0.000	      0.000	      0.000	      0.000	      0.000	      0.000	      0.000	      0.000	      0.000	
 07/10-10:42	2139.400	2139.800	2138.200	2138.400	           1526	     87.000	   2139.567	   2144.086	   2137.753	   2136.501	           	      0.000	      0.000	      0.000	      0.000	      0.000	      0.000	      0.000	      0.000	      0.000	
 07/10-10:43	2138.600	2141.600	2138.200	2140.000	           3530	     88.000	   2139.440	   2144.107	   2137.820	   2136.551	           	      0.000	      0.000	      0.000	      0.000	      0.000	      0.000	      0.000	      0.000	      0.000	
 07/10-10:44	2139.600	2143.800	2139.400	2142.800	           4249	     89.000	   2139.460	   2144.160	   2137.902	   2136.615	           	      0.000	      0.000	      0.000	      0.000	      0.000	      0.000	      0.000	      0.000	      0.000	
 07/10-10:45	2142.600	2142.800	2141.600	2142.600	           2550	     90.000	   2139.419	   2144.066	   2137.975	   2136.677	           	      1.000	      0.000	      0.000	      0.000	      0.000	      0.000	      0.000	      0.000	      0.000	
 07/10-10:46	2141.800	2142.000	2139.400	2139.400	           2797	     91.000	   2139.221	   2143.940	   2138.015	   2136.722	           	      1.000	      0.000	      0.000	      0.000	      0.000	      0.000	      0.000	      0.000	      0.000	
 07/10-10:47	2139.800	2140.400	2139.000	2139.400	           1563	     92.000	   2139.120	   2143.800	   2138.058	   2136.757	           	      1.000	      0.000	      0.000	      0.000	      0.000	      0.000	      0.000	      0.000	      0.000	
 07/10-10:48	2139.000	2139.600	2138.400	2138.400	           1996	     93.000	   2138.968	   2143.641	   2138.097	   2136.789	           	      1.000	      0.000	      0.000	      0.000	      0.000	      0.000	      0.000	      0.000	      0.000	
 07/10-10:49	2138.400	2138.800	2133.600	2134.800	           6122	     94.000	   2138.693	   2143.380	   2138.102	   2136.806	           	      0.000	      0.000	      1.000	      0.000	      0.000	      0.000	      0.000	      0.000	      0.000	
 07/10-10:50	2134.200	2137.200	2134.200	2137.200	           3174	     95.000	   2138.681	   2143.077	   2138.132	   2136.830	           	      0.000	      0.000	      1.000	      0.000	      0.000	      0.000	      0.000	      0.000	      0.000	
 07/10-10:51	2137.200	2138.200	2136.400	2137.600	           1705	     96.000	   2138.626	   2142.700	   2138.161	   2136.861	           	      0.000	      0.000	      1.000	      0.000	      0.000	      0.000	      0.000	      0.000	      0.000	
 07/10-10:52	2137.400	2139.000	2137.000	2138.600	           1880	     97.000	   2138.587	   2142.387	   2138.208	   2136.898	           	      0.000	      0.000	      1.000	      0.000	      0.000	      0.000	      0.000	      0.000	      0.000	
 07/10-10:53	2138.600	2139.600	2138.400	2139.000	           1696	     98.000	   2138.567	   2142.137	   2138.258	   2136.927	           	      0.000	      0.000	      1.000	      0.000	      0.000	      0.000	      0.000	      0.000	      0.000	
 07/10-10:54	2138.600	2139.200	2137.000	2137.000	           1973	     99.000	   2138.467	   2141.840	   2138.290	   2136.942	           	      0.000	      0.000	      1.000	      0.000	      0.000	      0.000	      0.000	      0.000	      0.000	
 07/10-10:55	2137.000	2137.800	2136.400	2137.400	           1553	    100.000	   2138.379	   2141.593	   2138.325	   2136.950	           	      0.000	      0.000	      1.000	      0.000	      0.000	      0.000	      0.000	      0.000	      0.000	
 07/10-10:56	2137.400	2141.800	2137.400	2141.400	           3418	    101.000	   2138.468	   2141.387	   2138.392	   2136.978	           	      0.000	      0.000	      1.000	      0.000	      0.000	      0.000	      0.000	      0.000	      0.000	
 07/10-10:57	2141.200	2142.400	2140.400	2140.600	           3344	    102.000	   2138.440	   2141.133	   2138.447	   2136.999	           	      0.000	      0.000	      1.000	      0.000	      0.000	      0.000	      0.000	      0.000	      0.000	
 07/10-10:58	2140.400	2142.000	2139.400	2142.000	           2431	    103.000	   2138.500	   2140.876	   2138.513	   2137.030	           	      0.000	      0.000	      1.000	      0.000	      0.000	      0.000	      0.000	      0.000	      0.000	
 07/10-10:59	2142.000	2144.200	2142.000	2143.600	           4235	    104.000	   2138.760	   2140.700	   2138.603	   2137.071	           	      0.000	      0.000	      1.000	      0.000	      0.000	      0.000	      0.000	      0.000	      0.000	
 07/10-11:00	2143.600	2143.600	2142.400	2143.200	           2197	    105.000	   2139.000	   2140.490	   2138.690	   2137.107	           	      0.000	      0.000	      1.000	      0.000	      0.000	      0.000	      0.000	      0.000	      0.000	
 07/10-11:01	2143.000	2143.400	2140.600	2142.800	           2807	    106.000	   2139.247	   2140.487	   2138.767	   2137.142	           	      0.000	      0.000	      1.000	      0.000	      0.000	      0.000	      0.000	      0.000	      0.000	
 07/10-11:02	2143.200	2145.000	2142.000	2144.400	           4276	    107.000	   2139.533	   2140.496	   2138.860	   2137.189	           	      1.000	      0.000	      0.000	      0.000	      0.000	      0.000	      0.000	      0.000	      0.000	
 07/10-11:03	2144.400	2146.000	2143.600	2146.000	           2837	    108.000	   2139.840	   2140.533	   2138.965	   2137.241	           	      1.000	      0.000	      0.000	      0.000	      0.000	      0.000	      0.000	      0.000	      0.000	
 07/10-11:04	2146.200	2146.600	2144.600	2144.800	           3362	    109.000	   2140.086	   2140.550	   2139.063	   2137.291	           	      1.000	      0.000	      0.000	      0.000	      0.000	      0.000	      0.000	      0.000	      0.000	
 07/10-11:05	2144.800	2146.000	2144.000	2145.400	           2524	    110.000	   2140.373	   2140.590	   2139.167	   2137.333	           	      1.000	      0.000	      0.000	      0.000	      0.000	      0.000	      0.000	      0.000	      0.000	
 07/10-11:06	2145.600	2147.800	2144.400	2147.200	           4087	    111.000	   2140.648	   2140.627	   2139.295	   2137.400	           	      1.000	      0.000	      0.000	      0.000	      0.000	      0.000	      0.000	      0.000	      0.000	
 07/10-11:07	2147.000	2147.200	2145.200	2146.200	           2432	    112.000	   2140.887	   2140.650	   2139.420	   2137.459	           	      1.000	      0.000	      0.000	      0.000	      0.000	      0.000	      0.000	      0.000	      0.000	
 07/10-11:08	2146.200	2146.400	2144.800	2145.000	           2245	    113.000	   2141.094	   2140.594	   2139.537	   2137.510	           	      1.000	      0.000	      0.000	      0.000	      0.000	      0.000	      0.000	      0.000	      0.000	
 07/10-11:09	2145.000	2147.200	2143.600	2146.600	           3063	    114.000	   2141.379	   2140.609	   2139.675	   2137.560	           	      1.000	      0.000	      0.000	      0.000	      0.000	      0.000	      0.000	      0.000	      0.000	
 07/10-11:10	2146.600	2146.800	2142.600	2143.600	           3919	    115.000	   2141.500	   2140.636	   2139.787	   2137.596	           	      1.000	      0.000	      0.000	      0.000	      0.000	      0.000	      0.000	      0.000	      0.000	
 07/10-11:11	2143.400	2143.800	2142.400	2142.800	           2157	    116.000	   2141.606	   2140.657	   2139.890	   2137.623	           	      1.000	      0.000	      0.000	      0.000	      0.000	      0.000	      0.000	      0.000	      0.000	
 07/10-11:12	2142.800	2143.000	2141.400	2141.800	           2577	    117.000	   2141.721	   2140.644	   2139.997	   2137.646	           	      0.000	      0.000	      1.000	      0.000	      0.000	      0.000	      0.000	      0.000	      0.000	
 07/10-11:13	2141.600	2142.800	2140.200	2141.000	           3408	    118.000	   2141.754	   2140.597	   2140.097	   2137.667	           	      0.000	      0.000	      1.000	      0.000	      0.000	      0.000	      0.000	      0.000	      0.000	
 07/10-11:14	2140.800	2141.600	2140.000	2140.000	           2147	    119.000	   2141.660	   2140.560	   2140.200	   2137.683	           	      0.000	      0.000	      1.000	      0.000	      0.000	      0.000	      0.000	      0.000	      0.000	
 07/10-11:15	2139.600	2140.200	2137.200	2137.400	           5254	    120.000	   2141.488	   2140.453	   2140.285	   2137.694	           	      0.000	      0.000	      1.000	      0.000	      0.000	      0.000	      0.000	      0.000	      0.000	
 07/10-11:16	2137.400	2138.200	2136.400	2137.800	           3856	    121.000	   2141.433	   2140.327	   2140.395	   2137.700	           	      0.000	      0.000	      1.000	      0.000	      0.000	      0.000	      0.000	      0.000	      0.000	
 07/10-11:17	2137.600	2138.800	2137.000	2138.200	           2345	    122.000	   2141.394	   2140.257	   2140.507	   2137.710	           	      0.000	      0.000	      1.000	      0.000	      0.000	      0.000	      0.000	      0.000	      0.000	
 07/10-11:18	2138.400	2138.400	2137.000	2137.400	           2284	    123.000	   2141.358	   2140.163	   2140.605	   2137.722	           	      0.000	      0.000	      1.000	      0.000	      0.000	      0.000	      0.000	      0.000	      0.000	
 07/10-11:19	2137.600	2138.000	2136.800	2137.400	           1623	    124.000	   2141.448	   2140.070	   2140.712	   2137.721	           	      0.000	      0.000	      1.000	      0.000	      0.000	      0.000	      0.000	      0.000	      0.000	
 07/10-11:20	2137.000	2138.000	2135.000	2135.600	           3770	    125.000	   2141.392	   2140.036	   2140.783	   2137.712	           	      0.000	      0.000	      1.000	      0.000	      0.000	      0.000	      0.000	      0.000	      0.000	
 07/10-11:21	2135.800	2135.800	2134.200	2135.800	           3416	    126.000	   2141.333	   2139.980	   2140.863	   2137.702	           	      0.000	      0.000	      1.000	      0.000	      0.000	      0.000	      0.000	      0.000	      0.000	
 07/10-11:22	2135.800	2137.200	2135.800	2136.800	           2585	    127.000	   2141.273	   2139.930	   2140.938	   2137.696	           	      0.000	      0.000	      1.000	      0.000	      0.000	      0.000	      0.000	      0.000	      0.000	
 07/10-11:23	2136.600	2137.600	2135.800	2137.200	           1633	    128.000	   2141.212	   2139.890	   2141.011	   2137.694	           	      0.000	      0.000	      1.000	      0.000	      0.000	      0.000	      0.000	      0.000	      0.000	
 07/10-11:24	2136.800	2138.600	2136.800	2138.400	           2841	    129.000	   2141.260	   2139.864	   2141.080	   2137.700	           	      0.000	      0.000	      1.000	      0.000	      0.000	      0.000	      0.000	      0.000	      0.000	
 07/10-11:25	2138.600	2139.000	2137.400	2138.000	           1630	    130.000	   2141.281	   2139.830	   2141.147	   2137.707	           	      0.000	      0.000	      1.000	      0.000	      0.000	      0.000	      0.000	      0.000	      0.000	
 07/10-11:26	2137.600	2138.600	2137.400	2138.600	           1285	    131.000	   2141.185	   2139.827	   2141.233	   2137.716	           	      0.000	      0.000	      1.000	      0.000	      0.000	      0.000	      0.000	      0.000	      0.000	
 07/10-11:27	2138.800	2139.000	2137.600	2138.000	           1104	    132.000	   2141.100	   2139.770	   2141.315	   2137.718	           	      0.000	      0.000	      1.000	      0.000	      0.000	      0.000	      0.000	      0.000	      0.000	
 07/10-11:28	2138.000	2138.200	2135.600	2137.000	           2150	    133.000	   2140.933	   2139.717	   2141.380	   2137.706	           	      0.000	      0.000	      1.000	      0.000	      0.000	      0.000	      0.000	      0.000	      0.000	
 07/10-11:29	2136.800	2138.800	2136.200	2138.600	           1662	    134.000	   2140.767	   2139.763	   2141.460	   2137.701	           	      0.000	      0.000	      1.000	      0.000	      0.000	      0.000	      0.000	      0.000	      0.000	
 07/10-11:30	2138.800	2140.000	2138.600	2139.000	           3072	    135.000	   2140.627	   2139.813	   2141.533	   2137.696	           	      0.000	      0.000	      1.000	      0.000	      0.000	      0.000	      0.000	      0.000	      0.000	
 07/10-13:01	2139.000	2140.400	2138.000	2138.000	           2279	    136.000	   2140.467	   2139.857	   2141.583	   2137.693	           	      0.000	      0.000	      1.000	      0.000	      0.000	      0.000	      0.000	      0.000	      0.000	
 07/10-13:02	2138.200	2138.600	2137.400	2138.200	           1077	    137.000	   2140.260	   2139.897	   2141.635	   2137.688	           	      0.000	      0.000	      1.000	      0.000	      0.000	      0.000	      0.000	      0.000	      0.000	
 07/10-13:03	2138.400	2138.600	2134.400	2134.800	           3474	    138.000	   2139.887	   2139.864	   2141.683	   2137.667	           	      0.000	      0.000	      1.000	      0.000	      0.000	      0.000	      0.000	      0.000	      0.000	
 07/10-13:04	2134.800	2135.600	2134.200	2135.000	           2384	    139.000	   2139.560	   2139.823	   2141.727	   2137.647	           	      0.000	      0.000	      1.000	      0.000	      0.000	      0.000	      0.000	      0.000	      0.000	
 07/10-13:05	2135.000	2136.000	2134.800	2136.000	           1417	    140.000	   2139.248	   2139.810	   2141.805	   2137.638	           	      0.000	      0.000	      1.000	      0.000	      0.000	      0.000	      0.000	      0.000	      0.000	
 07/10-13:06	2135.600	2136.600	2134.600	2136.600	           1694	    141.000	   2138.892	   2139.770	   2141.883	   2137.630	           	      0.000	      0.000	      1.000	      0.000	      0.000	      0.000	      0.000	      0.000	      0.000	
 07/10-13:07	2136.600	2136.800	2135.600	2136.000	           1089	    142.000	   2138.552	   2139.720	   2141.900	   2137.622	           	      0.000	      0.000	      1.000	      0.000	      0.000	      0.000	      0.000	      0.000	      0.000	
 07/10-13:08	2136.000	2136.400	2135.200	2136.200	           1031	    143.000	   2138.260	   2139.677	   2141.900	   2137.619	           	      0.000	      0.000	      1.000	      0.000	      0.000	      0.000	      0.000	      0.000	      0.000	
 07/10-13:09	2136.200	2138.000	2134.400	2134.400	           2681	    144.000	   2137.854	   2139.617	   2141.868	   2137.610	           	      0.000	      0.000	      1.000	      0.000	      0.000	      0.000	      0.000	      0.000	      0.000	
 07/10-13:10	2134.400	2134.400	2131.800	2132.800	           5583	    145.000	   2137.494	   2139.497	   2141.803	   2137.593	           	      0.000	      0.000	      1.000	      0.000	      0.000	      0.000	      0.000	      0.000	      0.000	
 07/10-13:11	2133.000	2133.600	2131.600	2132.200	           2687	    146.000	   2137.140	   2139.373	   2141.750	   2137.576	           	      0.000	      0.000	      1.000	      0.000	      0.000	      0.000	      0.000	      0.000	      0.000	
 07/10-13:12	2132.400	2133.400	2132.000	2132.000	           1513	    147.000	   2136.813	   2139.267	   2141.677	   2137.561	           	      0.000	      0.000	      1.000	      0.000	      0.000	      0.000	      0.000	      0.000	      0.000	
 07/10-13:13	2132.000	2133.000	2130.200	2130.200	           3656	    148.000	   2136.452	   2139.103	   2141.605	   2137.535	           	      0.000	      0.000	      1.000	      0.000	      0.000	      0.000	      0.000	      0.000	      0.000	
 07/10-13:14	2130.000	2131.800	2129.600	2131.200	           3322	    149.000	   2136.158	   2138.909	   2141.535	   2137.510	           	      0.000	      0.000	      1.000	      0.000	      0.000	      0.000	      0.000	      0.000	      0.000	
 07/10-13:15	2131.400	2132.200	2130.000	2130.200	           2232	    150.000	   2135.921	   2138.704	   2141.385	   2137.490	           	      0.000	      0.000	      1.000	      0.000	      0.000	      0.000	      0.000	      0.000	      0.000	
 07/10-13:16	2130.400	2131.800	2129.600	2130.000	           2457	    151.000	   2135.660	   2138.547	   2141.243	   2137.464	           	      0.000	      0.000	      1.000	      0.000	      0.000	      0.000	      0.000	      0.000	      0.000	
 07/10-13:17	2129.800	2132.400	2128.800	2132.400	           2983	    152.000	   2135.467	   2138.430	   2141.115	   2137.448	           	      0.000	      0.000	      1.000	      0.000	      0.000	      0.000	      0.000	      0.000	      0.000	
 07/10-13:18	2132.400	2133.200	2131.200	2131.200	           2172	    153.000	   2135.260	   2138.309	   2140.975	   2137.421	           	      0.000	      0.000	      1.000	      0.000	      0.000	      0.000	      0.000	      0.000	      0.000	
 07/10-13:19	2131.400	2132.400	2131.000	2131.000	           1372	    154.000	   2135.046	   2138.247	   2140.813	   2137.388	           	      0.000	      0.000	      1.000	      0.000	      0.000	      0.000	      0.000	      0.000	      0.000	
 07/10-13:20	2131.000	2133.400	2131.000	2132.800	           2654	    155.000	   2134.954	   2138.173	   2140.625	   2137.362	           	      0.000	      0.000	      1.000	      0.000	      0.000	      0.000	      0.000	      0.000	      0.000	
 07/10-13:21	2133.000	2133.200	2131.400	2131.600	           1689	    156.000	   2134.815	   2138.074	   2140.387	   2137.336	           	      0.000	      0.000	      1.000	      0.000	      0.000	      0.000	      0.000	      0.000	      0.000	
 07/10-13:22	2131.600	2132.400	2131.000	2131.400	           1449	    157.000	   2134.633	   2137.953	   2140.170	   2137.309	           	      0.000	      0.000	      1.000	      0.000	      0.000	      0.000	      0.000	      0.000	      0.000	
 07/10-13:23	2131.600	2132.400	2131.200	2132.400	            961	    158.000	   2134.473	   2137.843	   2139.990	   2137.287	           	      0.000	      0.000	      1.000	      0.000	      0.000	      0.000	      0.000	      0.000	      0.000	
 07/10-13:24	2132.200	2133.600	2132.000	2133.400	           2255	    159.000	   2134.306	   2137.783	   2139.812	   2137.277	           	      0.000	      0.000	      1.000	      0.000	      0.000	      0.000	      0.000	      0.000	      0.000	
 07/10-13:25	2133.400	2133.400	2131.400	2131.800	           1513	    160.000	   2134.100	   2137.691	   2139.642	   2137.267	           	      0.000	      0.000	      1.000	      0.000	      0.000	      0.000	      0.000	      0.000	      0.000	
 07/10-13:26	2131.400	2134.400	2131.000	2134.400	           2782	    161.000	   2133.960	   2137.573	   2139.480	   2137.274	           	      0.000	      0.000	      1.000	      0.000	      0.000	      0.000	      0.000	      0.000	      0.000	
 07/10-13:27	2134.400	2134.600	2133.400	2134.000	           2763	    162.000	   2133.827	   2137.464	   2139.298	   2137.278	           	      0.000	      0.000	      1.000	      0.000	      0.000	      0.000	      0.000	      0.000	      0.000	
 07/10-13:28	2134.400	2134.800	2133.200	2133.600	           1915	    163.000	   2133.715	   2137.324	   2139.100	   2137.279	           	      0.000	      0.000	      1.000	      0.000	      0.000	      0.000	      0.000	      0.000	      0.000	
 07/10-13:29	2134.000	2135.600	2134.000	2134.800	           2330	    164.000	   2133.585	   2137.176	   2138.938	   2137.285	           	      0.000	      0.000	      1.000	      0.000	      0.000	      0.000	      0.000	      0.000	      0.000	
 07/10-13:30	2135.000	2135.400	2134.400	2135.000	           1586	    165.000	   2133.452	   2137.040	   2138.765	   2137.293	           	      0.000	      0.000	      1.000	      0.000	      0.000	      0.000	      0.000	      0.000	      0.000	
 07/10-13:31	2135.000	2135.000	2133.200	2133.400	           2309	    166.000	   2133.300	   2136.883	   2138.685	   2137.293	           	      0.000	      0.000	      1.000	      0.000	      0.000	      0.000	      0.000	      0.000	      0.000	
 07/10-13:32	2133.200	2133.600	2131.000	2131.400	           3731	    167.000	   2133.073	   2136.667	   2138.582	   2137.280	           	      0.000	      0.000	      1.000	      0.000	      0.000	      0.000	      0.000	      0.000	      0.000	
 07/10-13:33	2131.600	2136.400	2131.600	2135.400	           4387	    168.000	   2133.094	   2136.491	   2138.512	   2137.279	           	      0.000	      0.000	      1.000	      0.000	      0.000	      0.000	      0.000	      0.000	      0.000	
 07/10-13:34	2135.400	2137.600	2135.200	2136.800	           4774	    169.000	   2133.152	   2136.356	   2138.453	   2137.283	           	      0.000	      0.000	      1.000	      0.000	      0.000	      0.000	      0.000	      0.000	      0.000	
 07/10-13:35	2136.400	2138.800	2136.400	2138.000	           4262	    170.000	   2133.219	   2136.233	   2138.411	   2137.292	           	      0.000	      0.000	      1.000	      0.000	      0.000	      0.000	      0.000	      0.000	      0.000	
 07/10-13:36	2138.000	2139.000	2137.800	2138.200	           2988	    171.000	   2133.275	   2136.083	   2138.355	   2137.295	           	      0.000	      0.000	      1.000	      0.000	      0.000	      0.000	      0.000	      0.000	      0.000	
 07/10-13:37	2138.200	2139.800	2138.200	2139.600	           3320	    172.000	   2133.394	   2135.973	   2138.312	   2137.305	           	      0.000	      0.000	      1.000	      0.000	      0.000	      0.000	      0.000	      0.000	      0.000	
 07/10-13:38	2139.600	2139.600	2138.200	2138.200	           2044	    173.000	   2133.458	   2135.859	   2138.227	   2137.311	           	      0.000	      0.000	      1.000	      0.000	      0.000	      0.000	      0.000	      0.000	      0.000	
 07/10-13:39	2138.200	2141.600	2137.800	2140.400	           5328	    174.000	   2133.660	   2135.757	   2138.183	   2137.329	           	      0.000	      0.000	      1.000	      0.000	      0.000	      0.000	      0.000	      0.000	      0.000	
 07/10-13:40	2140.200	2143.000	2139.600	2142.600	           4868	    175.000	   2133.985	   2135.740	   2138.188	   2137.356	           	      0.000	      0.000	      1.000	      0.000	      0.000	      0.000	      0.000	      0.000	      0.000	
 07/10-13:41	2142.400	2145.800	2142.400	2145.000	           6503	    176.000	   2134.413	   2135.776	   2138.216	   2137.396	           	      0.000	      0.000	      1.000	      0.000	      0.000	      0.000	      0.000	      0.000	      0.000	
 07/10-13:42	2144.800	2148.600	2144.000	2147.000	           6727	    177.000	   2134.913	   2135.863	   2138.253	   2137.438	           	      0.000	      0.000	      1.000	      0.000	      0.000	      0.000	      0.000	      0.000	      0.000	
 07/10-13:43	2147.000	2147.600	2146.000	2146.400	           3564	    178.000	   2135.454	   2135.953	   2138.275	   2137.471	           	      0.000	      0.000	      1.000	      0.000	      0.000	      0.000	      0.000	      0.000	      0.000	
 07/10-13:44	2146.200	2147.600	2145.600	2146.800	           3467	    179.000	   2135.975	   2136.067	   2138.313	   2137.506	           	      0.000	      0.000	      1.000	      0.000	      0.000	      0.000	      0.000	      0.000	      0.000	
 07/10-13:45	2147.000	2157.200	2146.800	2155.200	          13484	    180.000	   2136.806	   2136.364	   2138.408	   2137.569	           	      1.000	      0.000	      0.000	      0.000	      0.000	      0.000	      0.000	      1.000	      0.000	
 07/10-13:46	2155.000	2157.000	2153.200	2153.800	           6454	    181.000	   2137.600	   2136.630	   2138.479	   2137.629	           	      1.000	      0.000	      0.000	      0.000	      0.000	      0.000	      0.000	      0.000	      0.000	
 07/10-13:47	2153.600	2165.000	2153.600	2163.000	          11747	    182.000	   2138.621	   2137.044	   2138.650	   2137.726	           	      1.000	      0.000	      0.000	      0.000	      0.000	      0.000	      0.000	      0.000	      0.000	
 07/10-13:48	2163.200	2165.600	2160.200	2161.400	          10564	    183.000	   2139.627	   2137.444	   2138.803	   2137.816	           	      1.000	      0.000	      0.000	      0.000	      0.000	      1.000	      0.000	      1.000	      0.000	
 07/10-13:49	2161.000	2161.400	2158.200	2159.800	           6857	    184.000	   2140.587	   2137.817	   2138.944	   2137.898	           	      1.000	      0.000	      0.000	      0.000	      0.000	      0.000	      0.000	      0.000	      0.000	
 07/10-13:50	2159.800	2161.000	2158.400	2161.000	           4654	    185.000	   2141.527	   2138.241	   2139.138	   2137.990	           	      1.000	      0.000	      0.000	      0.000	      0.000	      0.000	      0.000	      0.000	      0.000	
 07/10-13:51	2161.200	2163.000	2156.200	2160.600	           7127	    186.000	   2142.492	   2138.653	   2139.316	   2138.075	           	      1.000	      0.000	      0.000	      0.000	      0.000	      0.000	      0.000	      0.000	      0.000	
 07/10-13:52	2160.600	2163.600	2160.600	2162.200	           6269	    187.000	   2143.521	   2139.077	   2139.504	   2138.164	           	      1.000	      0.000	      0.000	      0.000	      0.000	      0.000	      0.000	      0.000	      0.000	
 07/10-13:53	2161.800	2162.400	2159.400	2162.000	           4177	    188.000	   2144.508	   2139.491	   2139.690	   2138.256	           	      1.000	      0.000	      0.000	      0.000	      0.000	      0.000	      0.000	      0.000	      0.000	
 07/10-13:54	2162.000	2175.000	2162.000	2174.400	          17102	    189.000	   2145.873	   2140.090	   2139.977	   2138.402	           	      1.000	      0.000	      0.000	      0.000	      0.000	      0.000	      0.000	      0.000	      0.000	
 07/10-13:55	2174.000	2178.000	2170.800	2178.000	          10137	    190.000	   2147.413	   2140.756	   2140.293	   2138.563	           	      1.000	      0.000	      0.000	      0.000	      0.000	      0.000	      0.000	      0.000	      0.000	
 07/10-13:56	2178.600	2190.000	2178.600	2183.800	          15051	    191.000	   2149.060	   2141.510	   2140.668	   2138.747	           	      1.000	      0.000	      0.000	      0.000	      0.000	      0.000	      0.000	      1.000	      0.000	
 07/10-13:57	2183.800	2185.800	2181.400	2181.400	           6698	    192.000	   2150.640	   2142.233	   2141.001	   2138.928	           	      1.000	      0.000	      0.000	      0.000	      0.000	      0.000	      0.000	      0.000	      0.000	
 07/10-13:58	2181.400	2182.600	2177.200	2177.400	           7244	    193.000	   2152.100	   2142.907	   2141.312	   2139.094	           	      1.000	      0.000	      0.000	      0.000	      0.000	      0.000	      0.000	      0.000	      0.000	
 07/10-13:59	2177.000	2178.600	2173.200	2177.600	           7942	    194.000	   2153.527	   2143.556	   2141.660	   2139.261	           	      1.000	      0.000	      0.000	      0.000	      0.000	      0.000	      0.000	      0.000	      0.000	
 07/10-14:00	2177.800	2181.000	2175.600	2180.400	           5182	    195.000	   2155.042	   2144.247	   2142.030	   2139.438	           	      1.000	      0.000	      0.000	      0.000	      0.000	      0.000	      0.000	      0.000	      0.000	
 07/10-14:01	2180.600	2183.600	2174.000	2174.600	           8350	    196.000	   2156.413	   2144.856	   2142.356	   2139.582	           	      1.000	      0.000	      0.000	      0.000	      0.000	      0.000	      0.000	      0.000	      0.000	
 07/10-14:02	2174.800	2175.800	2172.000	2174.800	           5715	    197.000	   2157.860	   2145.467	   2142.682	   2139.731	           	      1.000	      0.000	      0.000	      0.000	      0.000	      0.000	      0.000	      0.000	      0.000	
 07/10-14:03	2174.800	2177.800	2173.000	2174.200	           4416	    198.000	   2159.152	   2146.123	   2142.993	   2139.877	           	      1.000	      0.000	      0.000	      0.000	      0.000	      0.000	      0.000	      0.000	      0.000	
 07/10-14:04	2174.000	2179.200	2173.400	2177.600	           4285	    199.000	   2160.515	   2146.833	   2143.328	   2140.051	           	      1.000	      0.000	      0.000	      0.000	      0.000	      0.000	      0.000	      0.000	      0.000	
 07/10-14:05	2177.400	2178.400	2175.600	2176.400	           2763	    200.000	   2161.794	   2147.506	   2143.658	   2140.226	           	      1.000	      0.000	      0.000	      0.000	      0.000	      0.000	      0.000	      0.000	      0.000	
 07/10-14:06	2176.600	2183.600	2176.400	2178.200	           6566	    201.000	   2163.125	   2148.200	   2143.985	   2140.405	           	      1.000	      0.000	      0.000	      0.000	      0.000	      0.000	      0.000	      0.000	      0.000	
 07/10-14:07	2178.400	2180.000	2169.400	2170.400	           8367	    202.000	   2164.154	   2148.774	   2144.247	   2140.553	           	      1.000	      0.000	      0.000	      0.000	      0.000	      0.000	      0.000	      0.000	      0.000	
 07/10-14:08	2170.200	2173.600	2169.000	2172.000	           6629	    203.000	   2165.281	   2149.370	   2144.523	   2140.706	           	      1.000	      0.000	      0.000	      0.000	      0.000	      0.000	      0.000	      0.000	      0.000	
 07/10-14:09	2171.800	2173.800	2171.400	2171.800	           2920	    204.000	   2166.327	   2149.994	   2144.805	   2140.853	           	      1.000	      0.000	      0.000	      0.000	      0.000	      0.000	      0.000	      0.000	      0.000	
 07/10-14:10	2171.600	2176.400	2171.400	2171.400	           4288	    205.000	   2167.288	   2150.636	   2145.067	   2141.008	           	      1.000	      0.000	      0.000	      0.000	      0.000	      0.000	      0.000	      0.000	      0.000	
 07/10-14:11	2171.600	2174.600	2171.600	2172.800	           2587	    206.000	   2168.215	   2151.313	   2145.343	   2141.170	           	      1.000	      0.000	      0.000	      0.000	      0.000	      0.000	      0.000	      0.000	      0.000	
 07/10-14:12	2172.400	2173.600	2167.200	2170.400	           7016	    207.000	   2168.994	   2151.953	   2145.610	   2141.320	           	      1.000	      0.000	      0.000	      0.000	      0.000	      0.000	      0.000	      0.000	      0.000	
 07/10-14:13	2170.000	2172.600	2169.000	2170.800	           3203	    208.000	   2169.806	   2152.630	   2145.867	   2141.474	           	      1.000	      0.000	      0.000	      0.000	      0.000	      0.000	      0.000	      0.000	      0.000	
 07/10-14:14	2171.000	2174.400	2170.800	2173.600	           2908	    209.000	   2170.700	   2153.337	   2146.124	   2141.638	           	      1.000	      0.000	      0.000	      0.000	      0.000	      0.000	      0.000	      0.000	      0.000	
 07/10-14:15	2174.000	2176.600	2173.000	2176.600	           4548	    210.000	   2171.413	   2154.109	   2146.407	   2141.813	           	      1.000	      0.000	      0.000	      0.000	      0.000	      0.000	      0.000	      0.000	      0.000	
 07/10-14:16	2176.400	2176.400	2173.000	2174.000	           3205	    211.000	   2172.085	   2154.843	   2146.695	   2141.976	           	      1.000	      0.000	      0.000	      0.000	      0.000	      0.000	      0.000	      0.000	      0.000	
 07/10-14:17	2173.400	2177.800	2173.000	2177.400	           2758	    212.000	   2172.567	   2155.594	   2147.012	   2142.152	           	      1.000	      0.000	      0.000	      0.000	      0.000	      0.000	      0.000	      0.000	      0.000	
 07/10-14:18	2177.600	2184.800	2177.400	2181.000	           8693	    213.000	   2173.221	   2156.424	   2147.367	   2142.343	           	      1.000	      0.000	      0.000	      0.000	      0.000	      0.000	      0.000	      0.000	      0.000	
 07/10-14:19	2181.200	2183.800	2180.000	2180.000	           4022	    214.000	   2173.894	   2157.241	   2147.744	   2142.529	           	      1.000	      0.000	      0.000	      0.000	      0.000	      0.000	      0.000	      0.000	      0.000	
 07/10-14:20	2179.800	2181.000	2177.400	2179.400	           3399	    215.000	   2174.506	   2158.017	   2148.095	   2142.718	           	      1.000	      0.000	      0.000	      0.000	      0.000	      0.000	      0.000	      0.000	      0.000	
 07/10-14:21	2179.400	2181.000	2176.800	2181.000	           3259	    216.000	   2175.188	   2158.840	   2148.457	   2142.915	           	      1.000	      0.000	      0.000	      0.000	      0.000	      0.000	      0.000	      0.000	      0.000	
 07/10-14:22	2181.000	2183.400	2178.200	2181.800	           3834	    217.000	   2175.840	   2159.680	   2148.817	   2143.117	           	      1.000	      0.000	      0.000	      0.000	      0.000	      0.000	      0.000	      0.000	      0.000	
 07/10-14:23	2181.400	2181.600	2177.800	2179.400	           3495	    218.000	   2176.419	   2160.464	   2149.153	   2143.306	           	      1.000	      0.000	      0.000	      0.000	      0.000	      0.000	      0.000	      0.000	      0.000	
 07/10-14:24	2179.800	2182.600	2179.600	2180.800	           2201	    219.000	   2176.633	   2161.253	   2149.518	   2143.498	           	      1.000	      0.000	      0.000	      0.000	      0.000	      0.000	      0.000	      0.000	      0.000	
 07/10-14:25	2181.000	2185.600	2180.200	2183.400	           6271	    220.000	   2176.813	   2162.113	   2149.902	   2143.696	           	      1.000	      0.000	      0.000	      0.000	      0.000	      0.000	      0.000	      0.000	      0.000	
 07/10-14:26	2182.800	2183.200	2179.600	2180.000	           5240	    221.000	   2176.685	   2162.873	   2150.223	   2143.877	           	      1.000	      0.000	      0.000	      0.000	      0.000	      0.000	      0.000	      0.000	      0.000	
 07/10-14:27	2180.000	2185.400	2180.000	2182.400	           4374	    222.000	   2176.721	   2163.680	   2150.572	   2144.071	           	      1.000	      0.000	      0.000	      0.000	      0.000	      0.000	      0.000	      0.000	      0.000	
 07/10-14:28	2182.400	2184.800	2181.800	2183.800	           3167	    223.000	   2176.933	   2164.517	   2150.920	   2144.271	           	      1.000	      0.000	      0.000	      0.000	      0.000	      0.000	      0.000	      0.000	      0.000	
 07/10-14:29	2184.200	2186.800	2184.000	2184.200	           4687	    224.000	   2177.154	   2165.341	   2151.258	   2144.470	           	      1.000	      0.000	      0.000	      0.000	      0.000	      0.000	      0.000	      1.000	      0.000	
 07/10-14:30	2184.000	2185.600	2182.200	2183.800	           3515	    225.000	   2177.267	   2166.154	   2151.597	   2144.671	           	      1.000	      0.000	      0.000	      0.000	      0.000	      0.000	      0.000	      0.000	      0.000	
 07/10-14:31	2183.800	2185.400	2183.000	2183.600	           2387	    226.000	   2177.567	   2166.990	   2151.937	   2144.869	           	      1.000	      0.000	      0.000	      0.000	      0.000	      0.000	      0.000	      0.000	      0.000	
 07/10-14:32	2183.400	2183.400	2176.800	2177.400	           7885	    227.000	   2177.654	   2167.757	   2152.212	   2145.047	           	      1.000	      0.000	      0.000	      0.000	      0.000	      0.000	      0.000	      0.000	      0.000	
 07/10-14:33	2177.600	2179.400	2177.200	2178.400	           3528	    228.000	   2177.794	   2168.473	   2152.482	   2145.229	           	      1.000	      0.000	      0.000	      0.000	      0.000	      0.000	      0.000	      0.000	      0.000	
 07/10-14:34	2178.800	2181.000	2178.200	2180.400	           2960	    229.000	   2177.885	   2169.200	   2152.778	   2145.417	           	      1.000	      0.000	      0.000	      0.000	      0.000	      0.000	      0.000	      0.000	      0.000	
 07/10-14:35	2180.200	2180.800	2178.800	2179.800	           1963	    230.000	   2178.000	   2169.897	   2153.065	   2145.604	           	      1.000	      0.000	      0.000	      0.000	      0.000	      0.000	      0.000	      0.000	      0.000	
 07/10-14:36	2179.600	2181.600	2178.000	2180.400	           3047	    231.000	   2178.075	   2170.600	   2153.342	   2145.792	           	      1.000	      0.000	      0.000	      0.000	      0.000	      0.000	      0.000	      0.000	      0.000	
 07/10-14:37	2180.800	2181.200	2178.000	2178.800	           2850	    232.000	   2178.352	   2171.253	   2153.613	   2145.971	           	      1.000	      0.000	      0.000	      0.000	      0.000	      0.000	      0.000	      0.000	      0.000	
 07/10-14:38	2178.600	2180.800	2177.400	2178.200	           2452	    233.000	   2178.560	   2171.921	   2153.890	   2146.148	           	      1.000	      0.000	      0.000	      0.000	      0.000	      0.000	      0.000	      0.000	      0.000	
 07/10-14:39	2178.200	2179.000	2177.800	2178.800	           1729	    234.000	   2178.792	   2172.559	   2154.158	   2146.332	           	      1.000	      0.000	      0.000	      0.000	      0.000	      0.000	      0.000	      0.000	      0.000	
 07/10-14:40	2178.800	2179.200	2174.000	2175.400	           5103	    235.000	   2178.927	   2173.107	   2154.423	   2146.502	           	      1.000	      0.000	      0.000	      0.000	      0.000	      0.000	      0.000	      0.000	      0.000	
 07/10-14:41	2175.200	2176.200	2173.400	2174.000	           3835	    236.000	   2178.967	   2173.591	   2154.683	   2146.664	           	      1.000	      0.000	      0.000	      0.000	      0.000	      0.000	      0.000	      0.000	      0.000	
 07/10-14:42	2173.600	2174.200	2171.200	2172.000	           4783	    237.000	   2179.021	   2174.007	   2154.935	   2146.819	           	      1.000	      0.000	      0.000	      0.000	      0.000	      0.000	      0.000	      0.000	      0.000	
 07/10-14:43	2172.200	2174.600	2171.800	2174.000	           2652	    238.000	   2179.127	   2174.467	   2155.210	   2146.982	           	      1.000	      0.000	      0.000	      0.000	      0.000	      0.000	      0.000	      0.000	      0.000	
 07/10-14:44	2173.800	2175.400	2173.800	2174.400	           2895	    239.000	   2179.152	   2174.926	   2155.496	   2147.147	           	      1.000	      0.000	      0.000	      0.000	      0.000	      0.000	      0.000	      0.000	      0.000	
 07/10-14:45	2174.200	2177.200	2174.200	2176.400	           3182	    240.000	   2179.148	   2175.280	   2155.822	   2147.321	           	      1.000	      0.000	      0.000	      0.000	      0.000	      0.000	      0.000	      0.000	      0.000	
 07/10-14:46	2176.400	2177.200	2175.800	2177.200	           1888	    241.000	   2179.254	   2175.670	   2156.150	   2147.502	           	      1.000	      0.000	      0.000	      0.000	      0.000	      0.000	      0.000	      0.000	      0.000	
 07/10-14:47	2177.200	2183.400	2177.200	2181.600	           6016	    242.000	   2179.392	   2175.979	   2156.511	   2147.704	           	      1.000	      0.000	      0.000	      0.000	      0.000	      0.000	      0.000	      0.000	      0.000	
 07/10-14:48	2181.800	2183.800	2180.600	2183.000	           3983	    243.000	   2179.458	   2176.340	   2156.892	   2147.912	           	      1.000	      0.000	      0.000	      0.000	      0.000	      0.000	      0.000	      0.000	      0.000	
 07/10-14:49	2182.800	2184.400	2182.600	2183.800	           2966	    244.000	   2179.585	   2176.740	   2157.278	   2148.127	           	      1.000	      0.000	      0.000	      0.000	      0.000	      0.000	      0.000	      0.000	      0.000	
 07/10-14:50	2183.000	2184.800	2182.200	2184.000	           3677	    245.000	   2179.740	   2177.123	   2157.682	   2148.342	           	      1.000	      0.000	      0.000	      0.000	      0.000	      0.000	      0.000	      0.000	      0.000	
 07/10-14:51	2184.000	2184.200	2182.800	2183.000	           2032	    246.000	   2179.806	   2177.497	   2158.075	   2148.553	           	      1.000	      0.000	      0.000	      0.000	      0.000	      0.000	      0.000	      0.000	      0.000	
 07/10-14:52	2183.000	2183.400	2182.200	2183.000	           1778	    247.000	   2179.846	   2177.843	   2158.460	   2148.769	           	      1.000	      0.000	      0.000	      0.000	      0.000	      0.000	      0.000	      0.000	      0.000	
 07/10-14:53	2182.800	2187.800	2182.800	2186.200	           5199	    248.000	   2180.073	   2178.246	   2158.868	   2148.998	           	      1.000	      0.000	      0.000	      0.000	      0.000	      0.000	      0.000	      1.000	      0.000	
 07/10-14:54	2186.600	2186.800	2185.400	2186.000	           2542	    249.000	   2180.246	   2178.440	   2159.265	   2149.231	           	      1.000	      0.000	      0.000	      0.000	      0.000	      0.000	      0.000	      0.000	      0.000	
 07/10-14:55	2186.000	2187.400	2183.600	2183.800	           3072	    250.000	   2180.260	   2178.536	   2159.646	   2149.458	           	      1.000	      0.000	      0.000	      0.000	      0.000	      0.000	      0.000	      0.000	      0.000	
 07/10-14:56	2183.800	2185.800	2183.400	2184.800	           2142	    251.000	   2180.421	   2178.553	   2160.032	   2149.698	           	      1.000	      0.000	      0.000	      0.000	      0.000	      0.000	      0.000	      0.000	      0.000	
 07/10-14:57	2185.000	2185.200	2183.200	2184.400	           2149	    252.000	   2180.485	   2178.603	   2160.418	   2149.937	           	      1.000	      0.000	      0.000	      0.000	      0.000	      0.000	      0.000	      0.000	      0.000	
 07/10-14:58	2184.400	2188.200	2184.400	2186.000	           3566	    253.000	   2180.558	   2178.746	   2160.827	   2150.178	           	      1.000	      0.000	      0.000	      0.000	      0.000	      0.000	      0.000	      0.000	      0.000	
 07/10-14:59	2186.000	2188.400	2186.000	2187.800	           2269	    254.000	   2180.679	   2178.917	   2161.237	   2150.431	           	      1.000	      0.000	      0.000	      0.000	      0.000	      0.000	      0.000	      0.000	      0.000	
 07/10-15:00	2187.400	2188.800	2186.800	2186.800	           2703	    255.000	   2180.779	   2179.023	   2161.635	   2150.670	           	      1.000	      0.000	      0.000	      0.000	      0.000	      0.000	      0.000	      1.000	      0.000	
 07/10-15:01	2187.000	2187.000	2184.800	2185.400	           3048	    256.000	   2180.840	   2179.203	   2162.030	   2150.907	           	      1.000	      0.000	      0.000	      0.000	      0.000	      0.000	      0.000	      0.000	      0.000	
 07/10-15:02	2185.400	2189.600	2185.200	2189.400	           3268	    257.000	   2181.240	   2179.447	   2162.457	   2151.154	           	      1.000	      0.000	      0.000	      0.000	      0.000	      0.000	      0.000	      0.000	      0.000	
 07/10-15:03	2189.400	2196.600	2189.400	2194.600	           9065	    258.000	   2181.779	   2179.786	   2162.955	   2151.418	           	      1.000	      0.000	      0.000	      0.000	      0.000	      0.000	      0.000	      1.000	      0.000	
 07/10-15:04	2194.800	2196.400	2193.800	2194.400	           3703	    259.000	   2182.248	   2180.067	   2163.450	   2151.675	           	      1.000	      0.000	      0.000	      0.000	      0.000	      0.000	      0.000	      0.000	      0.000	
 07/10-15:05	2194.600	2194.600	2192.200	2192.400	           2762	    260.000	   2182.667	   2180.333	   2163.920	   2151.925	           	      1.000	      0.000	      0.000	      0.000	      0.000	      0.000	      0.000	      0.000	      0.000	
 07/10-15:06	2192.600	2194.400	2192.400	2193.200	           1866	    261.000	   2183.092	   2180.583	   2164.392	   2152.185	           	      1.000	      0.000	      0.000	      0.000	      0.000	      0.000	      0.000	      0.000	      0.000	
 07/10-15:07	2193.000	2194.400	2193.000	2193.600	           1374	    262.000	   2183.587	   2180.970	   2164.872	   2152.446	           	      1.000	      0.000	      0.000	      0.000	      0.000	      0.000	      0.000	      0.000	      0.000	
 07/10-15:08	2193.800	2196.400	2193.000	2194.400	           2582	    263.000	   2184.125	   2181.343	   2165.356	   2152.707	           	      1.000	      0.000	      0.000	      0.000	      0.000	      0.000	      0.000	      0.000	      0.000	
 07/10-15:09	2194.400	2194.600	2193.200	2193.200	           1786	    264.000	   2184.608	   2181.700	   2165.847	   2152.964	           	      1.000	      0.000	      0.000	      0.000	      0.000	      0.000	      0.000	      0.000	      0.000	
 07/10-15:10	2193.200	2194.200	2192.200	2193.600	           2927	    265.000	   2185.212	   2182.070	   2166.353	   2153.218	           	      1.000	      0.000	      0.000	      0.000	      0.000	      0.000	      0.000	      0.000	      0.000	
 07/10-15:11	2193.600	2197.400	2192.600	2197.400	           2982	    266.000	   2185.994	   2182.480	   2166.897	   2153.479	           	      1.000	      0.000	      0.000	      0.000	      0.000	      0.000	      0.000	      0.000	      0.000	
 07/10-15:12	2197.800	2201.800	2197.400	2199.000	           6149	    267.000	   2186.894	   2182.957	   2167.455	   2153.747	           	      1.000	      0.000	      0.000	      0.000	      0.000	      0.000	      0.000	      1.000	      0.000	
 07/10-15:13	2199.400	2201.000	2198.800	2199.800	           3092	    268.000	   2187.752	   2183.440	   2168.035	   2154.030	           	      1.000	      0.000	      0.000	      0.000	      0.000	      0.000	      0.000	      0.000	      0.000	
 07/10-15:14	2199.800	2202.200	2199.400	2200.200	           4117	    269.000	   2188.615	   2183.883	   2168.610	   2154.312	           	      1.000	      0.000	      0.000	      0.000	      0.000	      0.000	      0.000	      0.000	      0.000	
 07/10-15:15	2200.200	2206.600	2200.200	2204.000	           6113	    270.000	   2189.533	   2184.341	   2169.225	   2154.622	           	      1.000	      0.000	      0.000	      0.000	      0.000	      0.000	      0.000	      0.000	      0.000	