 11/06-09:16	2383.800	2383.800	2375.200	2375.800	           7031	
 11/06-09:17	2376.200	2376.400	2371.400	2373.200	           5699	
 11/06-09:18	2373.000	2375.800	2372.600	2375.000	           2984	
 11/06-09:19	2375.000	2375.000	2373.400	2374.000	           1656	
 11/06-09:20	2374.200	2374.400	2373.000	2373.000	           1459	
 11/06-09:21	2372.800	2375.600	2372.600	2375.000	           1902	
 11/06-09:22	2374.800	2375.400	2373.600	2373.600	           1191	
 11/06-09:23	2373.600	2375.000	2373.400	2374.400	           1007	
 11/06-09:24	2374.400	2374.400	2373.400	2373.400	            837	
 11/06-09:25	2373.600	2374.000	2372.600	2372.800	           1336	
 11/06-09:26	2372.600	2374.200	2372.200	2373.600	           1606	
 11/06-09:27	2373.400	2374.600	2373.400	2374.000	           1125	
 11/06-09:28	2373.800	2374.000	2373.000	2374.000	            891	
 11/06-09:29	2373.800	2374.600	2372.800	2372.800	            881	
 11/06-09:30	2373.000	2374.200	2372.400	2373.600	           1252	
 11/06-09:31	2373.600	2374.000	2372.400	2372.600	           1789	
 11/06-09:32	2372.800	2374.800	2372.800	2374.600	           1863	
 11/06-09:33	2374.600	2375.000	2373.400	2373.400	           2039	
 11/06-09:34	2373.600	2375.000	2372.800	2374.800	           1677	
 11/06-09:35	2374.800	2375.200	2373.800	2374.400	           1958	
 11/06-09:36	2374.400	2376.400	2374.400	2376.200	           2964	
 11/06-09:37	2376.200	2377.600	2375.600	2377.600	           2962	
 11/06-09:38	2377.400	2377.600	2376.000	2376.600	           1826	
 11/06-09:39	2376.800	2376.800	2374.400	2374.800	           2683	
 11/06-09:40	2374.400	2374.600	2372.400	2373.000	           3989	
 11/06-09:41	2373.000	2373.600	2370.200	2370.800	           4855	
 11/06-09:42	2370.800	2371.000	2369.000	2370.400	           3375	
 11/06-09:43	2370.600	2374.400	2370.600	2374.000	           3336	
 11/06-09:44	2374.000	2375.600	2373.200	2375.600	           2620	
 11/06-09:45	2375.800	2378.000	2375.200	2376.200	           5074	
 11/06-09:46	2376.000	2377.400	2375.200	2376.600	           2343	
 11/06-09:47	2376.600	2376.600	2374.800	2375.400	           2075	
 11/06-09:48	2375.200	2376.000	2374.400	2374.800	           1427	
 11/06-09:49	2374.600	2374.800	2373.000	2373.200	           2217	
 11/06-09:50	2373.000	2374.000	2372.000	2373.600	           1865	
 11/06-09:51	2373.400	2374.400	2372.600	2373.400	           1674	
 11/06-09:52	2373.200	2375.800	2373.000	2374.000	           2041	
 11/06-09:53	2374.000	2375.000	2373.000	2374.000	           1659	
 11/06-09:54	2374.000	2374.400	2373.200	2373.200	            775	
 11/06-09:55	2373.400	2374.000	2373.000	2373.400	           1233	
 11/06-09:56	2373.200	2373.600	2372.000	2373.400	           1944	
 11/06-09:57	2373.200	2375.200	2373.200	2374.800	           1490	
 11/06-09:58	2374.800	2375.400	2374.000	2375.200	           1064	
 11/06-09:59	2375.400	2377.400	2375.000	2376.800	           3180	
 11/06-10:00	2376.600	2377.400	2375.600	2377.000	           2003	
 11/06-10:01	2376.800	2378.000	2376.200	2377.600	           2777	
 11/06-10:02	2377.400	2378.800	2376.800	2378.600	           2816	
 11/06-10:03	2378.600	2378.800	2376.800	2377.600	           2843	
 11/06-10:04	2377.600	2377.600	2376.200	2376.400	           1714	
 11/06-10:05	2376.200	2377.400	2376.000	2376.800	           1505	
 11/06-10:06	2376.800	2377.000	2375.600	2375.600	           1538	
 11/06-10:07	2375.800	2375.800	2373.600	2373.800	           2684	
 11/06-10:08	2373.800	2374.000	2371.800	2372.200	           3524	
 11/06-10:09	2372.000	2373.000	2371.200	2372.000	           3094	
 11/06-10:10	2372.000	2373.000	2372.000	2372.400	           1384	
 11/06-10:11	2372.400	2373.000	2371.200	2373.000	           1878	
 11/06-10:12	2373.000	2373.000	2370.800	2371.800	           2318	
 11/06-10:13	2371.600	2373.200	2371.200	2372.600	           1407	
 11/06-10:14	2372.400	2373.200	2371.800	2373.200	           1351	
 11/06-10:15	2373.000	2373.000	2371.000	2372.000	           2225	
 11/06-10:16	2371.800	2373.000	2371.000	2372.200	           1834	
 11/06-10:17	2372.200	2372.600	2371.600	2372.200	            814	
 11/06-10:18	2372.400	2373.600	2372.000	2372.600	           1651	
 11/06-10:19	2372.600	2372.600	2371.200	2371.600	           1463	
 11/06-10:20	2371.600	2372.600	2371.400	2372.400	           1222	
 11/06-10:21	2372.400	2373.400	2371.800	2372.000	           1473	
 11/06-10:22	2372.000	2372.200	2370.400	2370.400	           1836	
 11/06-10:23	2370.600	2371.200	2367.200	2368.400	           6226	
 11/06-10:24	2368.000	2368.400	2365.200	2366.200	           4917	
 11/06-10:25	2366.200	2366.400	2364.000	2364.800	           4574	
 11/06-10:26	2365.000	2366.000	2364.600	2365.400	           2318	
 11/06-10:27	2365.600	2367.200	2365.400	2366.800	           2799	
 11/06-10:28	2366.800	2367.000	2366.000	2366.000	           1565	
 11/06-10:29	2366.000	2368.000	2366.000	2368.000	           1919	
 11/06-10:30	2367.800	2368.600	2367.200	2367.200	           2288	
 11/06-10:31	2367.600	2367.600	2366.600	2367.000	           1468	
 11/06-10:32	2367.000	2368.400	2366.800	2368.400	           1689	
 11/06-10:33	2368.400	2369.000	2368.200	2368.800	           2503	
 11/06-10:34	2368.400	2368.800	2367.800	2368.000	           1328	
 11/06-10:35	2368.000	2368.400	2367.000	2367.000	           1453	
 11/06-10:36	2367.000	2368.600	2366.800	2368.200	           1404	
 11/06-10:37	2368.000	2369.600	2367.600	2369.400	           2168	
 11/06-10:38	2369.200	2369.400	2367.600	2368.000	           1742	
 11/06-10:39	2368.000	2373.400	2368.000	2372.800	           5466	
 11/06-10:40	2373.000	2373.000	2371.000	2372.400	           3388	
 11/06-10:41	2372.800	2374.200	2372.600	2372.600	           3384	
 11/06-10:42	2372.600	2373.000	2372.000	2372.200	           1509	
 11/06-10:43	2372.400	2372.600	2371.400	2372.000	           1554	
 11/06-10:44	2372.200	2372.400	2368.200	2368.400	           3269	
 11/06-10:45	2368.400	2369.200	2367.000	2367.400	           3327	
 11/06-10:46	2367.200	2368.200	2366.000	2368.200	           3230	
 11/06-10:47	2368.200	2368.600	2367.200	2367.800	           1494	
 11/06-10:48	2367.800	2370.200	2367.800	2370.000	           2381	
 11/06-10:49	2370.000	2370.800	2369.000	2369.600	           2003	
 11/06-10:50	2369.800	2371.000	2369.400	2370.600	           1343	
 11/06-10:51	2370.600	2372.000	2369.800	2371.400	           2341	
 11/06-10:52	2371.400	2371.400	2369.600	2370.000	           1655	
 11/06-10:53	2369.800	2370.600	2368.000	2369.000	           2347	
 11/06-10:54	2369.400	2370.000	2368.600	2368.800	           1010	
 11/06-10:55	2368.600	2370.800	2368.600	2370.400	           1327	
 11/06-10:56	2370.400	2370.600	2369.000	2369.400	           1134	
 11/06-10:57	2369.600	2370.000	2368.200	2368.800	           1297	
 11/06-10:58	2368.800	2368.800	2368.000	2368.000	           1257	
 11/06-10:59	2368.000	2368.200	2366.400	2367.000	           2353	
 11/06-11:00	2366.600	2367.200	2363.200	2364.000	           5313	
 11/06-11:01	2363.800	2364.600	2361.200	2362.200	           6110	
 11/06-11:02	2362.200	2364.200	2362.200	2363.800	           3869	
 11/06-11:03	2364.000	2365.000	2364.000	2364.800	           3137	
 11/06-11:04	2364.800	2365.600	2364.000	2365.000	           2433	
 11/06-11:05	2364.800	2365.200	2364.200	2364.400	           1138	
 11/06-11:06	2364.600	2366.400	2364.000	2366.000	           2383	
 11/06-11:07	2365.800	2366.400	2365.200	2365.600	           1185	
 11/06-11:08	2365.600	2365.600	2363.800	2364.800	           1530	
 11/06-11:09	2365.200	2366.400	2364.400	2366.400	           1427	
 11/06-11:10	2366.400	2367.000	2365.600	2365.600	           1366	
 11/06-11:11	2365.600	2366.000	2364.400	2365.200	           1208	
 11/06-11:12	2365.600	2366.000	2364.400	2365.600	           1288	
 11/06-11:13	2365.800	2367.200	2365.800	2367.000	           1635	
 11/06-11:14	2367.200	2369.600	2367.000	2368.800	           3612	
 11/06-11:15	2369.000	2369.600	2368.000	2368.000	           2327	
 11/06-11:16	2368.000	2368.800	2367.600	2368.200	           1093	
 11/06-11:17	2368.200	2368.400	2366.600	2367.000	           1646	
 11/06-11:18	2367.000	2367.600	2365.200	2367.600	           2585	
 11/06-11:19	2367.600	2368.200	2366.400	2367.600	           1669	
 11/06-11:20	2367.800	2373.000	2367.600	2372.000	           6530	
 11/06-11:21	2372.200	2375.200	2371.800	2374.200	           6856	
 11/06-11:22	2374.200	2374.200	2372.600	2373.000	           2541	
 11/06-11:23	2373.000	2373.400	2372.000	2372.400	           2154	
 11/06-11:24	2372.600	2374.000	2371.400	2372.800	           2464	
 11/06-11:25	2372.800	2373.600	2372.000	2373.400	           1221	
 11/06-11:26	2373.200	2373.800	2371.800	2372.400	           1818	
 11/06-11:27	2372.400	2373.200	2372.400	2373.000	            833	
 11/06-11:28	2373.000	2374.000	2372.600	2372.800	           1384	
 11/06-11:29	2372.800	2373.000	2371.800	2372.400	           1141	
 11/06-11:30	2372.600	2376.800	2371.800	2376.800	           3131	
 11/06-13:01	2377.400	2380.000	2376.600	2379.800	           6721	
 11/06-13:02	2380.000	2380.800	2377.800	2377.800	           3404	
 11/06-13:03	2377.800	2378.000	2376.600	2377.000	           2278	
 11/06-13:04	2377.000	2377.400	2376.200	2376.400	           1664	
 11/06-13:05	2376.600	2378.000	2376.000	2377.800	           2432	
 11/06-13:06	2378.000	2378.000	2376.200	2376.600	           1418	
 11/06-13:07	2376.400	2378.400	2376.400	2378.000	           2144	
 11/06-13:08	2378.000	2378.000	2376.600	2376.800	           1350	
 11/06-13:09	2377.000	2378.000	2376.400	2377.800	           1551	
 11/06-13:10	2377.800	2378.400	2376.800	2377.400	           1770	
 11/06-13:11	2377.600	2379.800	2377.200	2378.200	           3627	
 11/06-13:12	2378.400	2379.200	2376.600	2377.200	           2475	
 11/06-13:13	2377.400	2377.600	2376.200	2377.200	           1749	
 11/06-13:14	2377.200	2377.800	2376.400	2377.600	           1140	
 11/06-13:15	2377.800	2378.000	2376.600	2377.800	           1442	
 11/06-13:16	2377.800	2378.400	2375.800	2376.200	           2628	
 11/06-13:17	2376.200	2376.400	2375.200	2376.000	           2578	
 11/06-13:18	2376.200	2377.200	2376.000	2376.800	           1455	
 11/06-13:19	2376.600	2378.600	2376.000	2377.600	           2420	
 11/06-13:20	2377.800	2378.400	2377.000	2377.800	           1755	
 11/06-13:21	2377.800	2380.000	2377.600	2380.000	           3239	
 11/06-13:22	2380.000	2380.200	2378.000	2378.200	           2906	
 11/06-13:23	2378.200	2378.600	2377.400	2378.200	           1725	
 11/06-13:24	2377.800	2378.000	2376.600	2377.800	           1754	
 11/06-13:25	2377.800	2378.000	2377.000	2377.200	           1290	
 11/06-13:26	2377.200	2379.400	2377.200	2379.000	           1646	
 11/06-13:27	2379.000	2379.200	2378.000	2378.800	           1433	
 11/06-13:28	2378.800	2382.200	2378.600	2381.200	           5729	
 11/06-13:29	2381.400	2381.800	2380.200	2381.000	           2247	
 11/06-13:30	2381.200	2383.000	2381.000	2381.400	           3411	
 11/06-13:31	2381.600	2382.200	2381.000	2381.800	           1845	
 11/06-13:32	2381.800	2382.000	2380.600	2381.000	           2047	
 11/06-13:33	2381.000	2383.000	2380.800	2382.600	           2233	
 11/06-13:34	2382.400	2382.800	2379.400	2379.800	           2600	
 11/06-13:35	2379.600	2379.800	2378.200	2379.400	           3211	
 11/06-13:36	2379.200	2379.400	2378.200	2378.200	           2221	
 11/06-13:37	2378.000	2380.000	2377.600	2380.000	           2495	
 11/06-13:38	2379.800	2381.800	2379.800	2381.000	           2384	
 11/06-13:39	2381.000	2383.800	2380.800	2382.200	           4966	
 11/06-13:40	2382.200	2383.000	2380.400	2380.800	           2571	
 11/06-13:41	2380.400	2382.800	2380.200	2382.800	           2005	
 11/06-13:42	2382.800	2384.600	2382.200	2383.800	           4134	
 11/06-13:43	2383.600	2384.200	2382.800	2383.800	           2669	
 11/06-13:44	2383.600	2383.600	2381.600	2382.000	           2528	
 11/06-13:45	2382.000	2382.600	2381.600	2382.200	           1679	
 11/06-13:46	2382.400	2383.400	2380.400	2380.600	           2972	
 11/06-13:47	2380.600	2381.000	2379.400	2380.000	           2987	
 11/06-13:48	2379.800	2382.200	2379.400	2381.400	           2203	
 11/06-13:49	2381.600	2382.200	2379.200	2379.600	           2667	
 11/06-13:50	2379.800	2380.200	2379.000	2379.800	           1792	
 11/06-13:51	2379.800	2381.800	2378.800	2381.600	           2970	
 11/06-13:52	2381.600	2382.600	2380.800	2382.200	           2563	
 11/06-13:53	2382.200	2382.200	2379.200	2379.600	           2434	
 11/06-13:54	2379.800	2380.200	2378.000	2379.000	           3272	
 11/06-13:55	2379.000	2379.200	2377.400	2377.400	           2382	
 11/06-13:56	2377.400	2377.400	2376.000	2376.600	           3366	
 11/06-13:57	2376.600	2377.400	2376.400	2376.800	           2067	
 11/06-13:58	2376.800	2377.200	2376.400	2377.000	           1224	
 11/06-13:59	2377.000	2377.800	2376.600	2377.000	           1602	
 11/06-14:00	2377.200	2377.400	2376.400	2377.200	           1154	
 11/06-14:01	2377.200	2377.400	2375.000	2375.800	           4232	
 11/06-14:02	2375.800	2376.000	2374.600	2375.600	           2415	
 11/06-14:03	2375.600	2376.000	2374.400	2375.200	           1707	
 11/06-14:04	2375.000	2375.600	2375.000	2375.200	           1345	
 11/06-14:05	2375.000	2376.400	2375.000	2375.600	           2153	
 11/06-14:06	2375.200	2376.200	2375.000	2376.200	           1363	
 11/06-14:07	2376.000	2376.400	2374.600	2374.600	           2129	
 11/06-14:08	2374.600	2374.800	2373.600	2374.000	           3160	
 11/06-14:09	2374.200	2374.400	2373.200	2374.000	           2859	
 11/06-14:10	2374.000	2374.000	2366.000	2366.600	           9699	
 11/06-14:11	2366.400	2367.800	2365.200	2365.600	           5487	
 11/06-14:12	2365.400	2365.600	2362.400	2364.000	           6116	
 11/06-14:13	2363.800	2364.800	2363.800	2364.000	           4261	
 11/06-14:14	2364.000	2364.400	2362.600	2362.800	           3033	
 11/06-14:15	2362.800	2363.000	2353.600	2355.000	          14082	
 11/06-14:16	2355.400	2358.800	2355.400	2358.400	           5446	
 11/06-14:17	2358.600	2358.800	2357.000	2358.400	           3297	
 11/06-14:18	2358.400	2360.000	2358.400	2359.400	           2969	
 11/06-14:19	2359.200	2360.600	2358.800	2360.600	           3060	
 11/06-14:20	2360.600	2361.000	2359.400	2359.800	           2876	
 11/06-14:21	2359.200	2360.600	2359.200	2359.200	           2453	
 11/06-14:22	2359.200	2359.200	2357.400	2358.400	           3790	
 11/06-14:23	2358.200	2360.200	2358.200	2360.000	           1579	
 11/06-14:24	2360.200	2360.200	2359.200	2359.800	           1372	
 11/06-14:25	2359.800	2359.800	2358.400	2358.600	           1337	
 11/06-14:26	2358.600	2358.800	2356.000	2357.400	           3597	
 11/06-14:27	2357.400	2358.600	2356.800	2356.800	           2270	
 11/06-14:28	2357.000	2358.800	2356.400	2358.000	           2199	
 11/06-14:29	2358.200	2358.400	2354.800	2356.000	           3360	
 11/06-14:30	2356.000	2356.400	2352.800	2355.400	           5194	
 11/06-14:31	2355.400	2355.600	2353.000	2354.000	           3239	
 11/06-14:32	2353.800	2353.800	2351.000	2351.800	           5343	
 11/06-14:33	2351.800	2356.600	2351.800	2356.600	           3941	
 11/06-14:34	2356.400	2357.800	2356.000	2356.600	           3742	
 11/06-14:35	2356.800	2357.600	2356.400	2357.000	           1636	
 11/06-14:36	2357.000	2358.600	2356.800	2358.000	           3307	
 11/06-14:37	2358.200	2358.400	2356.800	2357.600	           1665	
 11/06-14:38	2357.400	2358.400	2357.000	2358.200	           1517	
 11/06-14:39	2358.200	2358.600	2356.400	2357.000	           1879	
 11/06-14:40	2357.000	2357.200	2355.600	2357.200	           2232	
 11/06-14:41	2357.000	2357.400	2355.800	2356.400	           1334	
 11/06-14:42	2356.200	2358.000	2356.000	2358.000	           1867	
 11/06-14:43	2358.200	2358.200	2356.800	2357.800	           1345	
 11/06-14:44	2357.400	2357.400	2356.000	2357.200	           1489	
 11/06-14:45	2357.200	2357.800	2356.200	2356.400	           1353	
 11/06-14:46	2356.600	2357.000	2354.200	2354.800	           3712	
 11/06-14:47	2354.600	2355.600	2353.400	2355.200	           2433	
 11/06-14:48	2355.000	2355.600	2354.400	2354.800	           1559	
 11/06-14:49	2354.800	2356.800	2354.800	2355.600	           1968	
 11/06-14:50	2356.200	2356.400	2355.000	2355.800	           1019	
 11/06-14:51	2355.800	2357.200	2355.600	2356.600	           2528	
 11/06-14:52	2357.000	2357.200	2356.200	2356.400	           1121	
 11/06-14:53	2356.400	2357.000	2355.600	2357.000	           1487	
 11/06-14:54	2356.800	2357.200	2355.800	2356.000	           1136	
 11/06-14:55	2356.000	2356.600	2355.200	2356.200	           1472	
 11/06-14:56	2356.400	2356.400	2354.400	2355.200	           1566	
 11/06-14:57	2355.200	2355.600	2354.800	2355.400	            952	
 11/06-14:58	2355.400	2356.200	2355.200	2356.000	           1128	
 11/06-14:59	2356.000	2356.800	2355.800	2356.800	           1629	
 11/06-15:00	2356.800	2356.800	2356.000	2356.600	           1465	
 11/06-15:01	2356.600	2356.600	2355.600	2356.200	            885	
 11/06-15:02	2355.600	2356.600	2355.600	2356.000	            870	
 11/06-15:03	2356.200	2356.200	2355.600	2355.600	            792	
 11/06-15:04	2355.600	2355.800	2353.600	2354.400	           2498	
 11/06-15:05	2354.200	2354.800	2350.600	2351.800	           3973	
 11/06-15:06	2352.000	2352.000	2350.000	2351.600	           3075	
 11/06-15:07	2351.600	2352.200	2351.200	2351.400	           1716	
 11/06-15:08	2351.400	2351.800	2349.200	2350.800	           2972	
 11/06-15:09	2350.600	2352.400	2350.600	2352.200	           2084	
 11/06-15:10	2352.400	2353.000	2351.600	2353.000	           1722	
 11/06-15:11	2353.000	2354.000	2352.600	2353.000	           2092	
 11/06-15:12	2353.000	2354.200	2352.800	2354.000	           1870	
 11/06-15:13	2354.200	2354.200	2349.600	2350.800	           2726	
 11/06-15:14	2351.000	2351.000	2348.000	2350.200	           4030	
 11/06-15:15	2350.000	2351.600	2349.000	2350.800	           4227	