 03/31-09:16	2150.000	2161.400	2150.000	2159.600	          10828	
 03/31-09:17	2160.000	2161.400	2158.200	2159.800	           3425	
 03/31-09:18	2159.800	2159.800	2158.400	2159.000	           1779	
 03/31-09:19	2159.200	2161.000	2158.400	2160.600	           2013	
 03/31-09:20	2160.400	2161.400	2158.400	2158.800	           2486	
 03/31-09:21	2158.800	2160.000	2158.200	2159.000	           1322	
 03/31-09:22	2159.200	2160.600	2158.800	2159.800	           1042	
 03/31-09:23	2160.000	2160.200	2158.800	2159.200	            790	
 03/31-09:24	2159.000	2159.800	2158.800	2159.400	            696	
 03/31-09:25	2159.600	2161.000	2159.400	2160.800	           1940	
 03/31-09:26	2161.000	2163.800	2160.600	2160.800	           3885	
 03/31-09:27	2160.400	2162.600	2160.200	2162.200	           1409	
 03/31-09:28	2162.200	2163.000	2161.400	2162.600	           1523	
 03/31-09:29	2162.600	2164.800	2162.600	2163.400	           3156	
 03/31-09:30	2163.400	2163.600	2162.200	2162.200	           1520	
 03/31-09:31	2162.600	2162.600	2160.800	2162.000	           3048	
 03/31-09:32	2162.000	2162.400	2159.400	2159.400	           2597	
 03/31-09:33	2159.400	2162.600	2159.400	2162.600	           2526	
 03/31-09:34	2163.000	2168.000	2162.800	2167.600	           7495	
 03/31-09:35	2167.200	2167.400	2163.800	2166.200	           4023	
 03/31-09:36	2165.800	2165.800	2162.600	2162.600	           3694	
 03/31-09:37	2162.400	2162.600	2160.400	2160.400	           3611	
 03/31-09:38	2160.400	2160.400	2158.000	2158.000	           4894	
 03/31-09:39	2158.000	2160.000	2156.000	2157.000	           4514	
 03/31-09:40	2156.600	2158.000	2156.000	2156.800	           3803	
 03/31-09:41	2156.800	2158.800	2156.200	2157.600	           3610	
 03/31-09:42	2158.200	2158.200	2155.000	2155.200	           3931	
 03/31-09:43	2155.200	2155.800	2152.600	2153.000	           4679	
 03/31-09:44	2153.600	2156.400	2153.400	2155.600	           3810	
 03/31-09:45	2155.600	2157.400	2155.400	2157.400	           2804	
 03/31-09:46	2157.200	2157.200	2154.400	2155.000	           2431	
 03/31-09:47	2155.400	2156.800	2154.600	2156.000	           2183	
 03/31-09:48	2156.200	2156.800	2155.000	2155.400	           1710	
 03/31-09:49	2155.400	2156.600	2154.600	2155.600	           1895	
 03/31-09:50	2155.800	2156.400	2154.600	2154.800	           1751	
 03/31-09:51	2155.000	2157.000	2155.000	2156.400	           1934	
 03/31-09:52	2156.200	2156.600	2155.000	2156.200	           1669	
 03/31-09:53	2155.800	2156.600	2155.200	2155.800	           1184	
 03/31-09:54	2156.000	2156.400	2152.200	2152.600	           3297	
 03/31-09:55	2153.000	2156.200	2153.000	2154.200	           3057	
 03/31-09:56	2154.000	2155.000	2152.400	2152.400	           1908	
 03/31-09:57	2152.400	2154.000	2151.400	2152.000	           3058	
 03/31-09:58	2152.200	2153.200	2151.200	2151.400	           2097	
 03/31-09:59	2151.800	2153.600	2151.600	2153.400	           2587	
 03/31-10:00	2153.600	2156.200	2153.200	2155.800	           3651	
 03/31-10:01	2155.800	2156.600	2155.000	2155.800	           2076	
 03/31-10:02	2155.800	2157.800	2155.600	2157.200	           3110	
 03/31-10:03	2157.200	2159.800	2157.000	2159.600	           3769	
 03/31-10:04	2159.800	2159.800	2157.800	2158.000	           2520	
 03/31-10:05	2158.000	2158.000	2156.600	2157.400	           1912	
 03/31-10:06	2157.200	2158.400	2156.400	2158.000	           1766	
 03/31-10:07	2158.000	2158.800	2155.800	2156.600	           2235	
 03/31-10:08	2156.400	2157.400	2155.400	2156.600	           1758	
 03/31-10:09	2156.400	2156.600	2153.400	2153.800	           3001	
 03/31-10:10	2153.800	2154.800	2153.400	2153.600	           2328	
 03/31-10:11	2153.400	2154.400	2152.600	2152.800	           2410	
 03/31-10:12	2152.800	2153.000	2152.000	2152.600	           2033	
 03/31-10:13	2152.800	2154.000	2152.800	2154.000	           1608	
 03/31-10:14	2153.600	2153.800	2151.600	2152.600	           2398	
 03/31-10:15	2153.000	2153.200	2149.000	2149.000	           5648	
 03/31-10:16	2149.400	2150.200	2148.400	2149.400	           3734	
 03/31-10:17	2149.400	2149.400	2147.000	2148.200	           3232	
 03/31-10:18	2148.200	2148.400	2147.200	2147.800	           1661	
 03/31-10:19	2148.000	2150.400	2148.000	2150.000	           3372	
 03/31-10:20	2149.800	2150.200	2149.200	2149.800	           1526	
 03/31-10:21	2149.600	2152.000	2149.200	2151.600	           3072	
 03/31-10:22	2151.600	2152.800	2151.000	2152.600	           2155	
 03/31-10:23	2152.600	2153.400	2152.000	2153.000	           2287	
 03/31-10:24	2153.000	2153.000	2151.600	2152.400	           1799	
 03/31-10:25	2152.200	2153.400	2151.800	2153.000	           1695	
 03/31-10:26	2153.000	2153.000	2151.400	2152.600	           1817	
 03/31-10:27	2152.400	2152.600	2150.800	2150.800	           1710	
 03/31-10:28	2150.800	2150.800	2148.400	2150.200	           3436	
 03/31-10:29	2150.000	2151.400	2149.200	2150.000	           1385	
 03/31-10:30	2150.000	2152.200	2149.400	2152.200	           1485	
 03/31-10:31	2152.000	2153.000	2149.400	2150.000	           3603	
 03/31-10:32	2150.000	2151.000	2148.800	2151.000	           2241	
 03/31-10:33	2151.200	2151.200	2149.000	2149.600	           1390	
 03/31-10:34	2149.400	2149.800	2147.400	2148.600	           3097	
 03/31-10:35	2148.400	2150.200	2147.600	2147.600	           2267	
 03/31-10:36	2147.600	2149.200	2146.600	2149.200	           2709	
 03/31-10:37	2148.800	2151.400	2148.600	2150.600	           2443	
 03/31-10:38	2150.600	2150.800	2147.200	2147.200	           2569	
 03/31-10:39	2147.200	2149.000	2146.600	2148.200	           2207	
 03/31-10:40	2148.000	2148.200	2146.400	2148.000	           1881	
 03/31-10:41	2148.000	2149.200	2146.600	2147.800	           1753	
 03/31-10:42	2147.800	2148.400	2146.200	2146.600	           1810	
 03/31-10:43	2146.600	2147.000	2145.800	2147.000	           2385	
 03/31-10:44	2147.000	2148.600	2146.600	2147.200	           2017	
 03/31-10:45	2147.000	2149.000	2146.800	2149.000	           1763	
 03/31-10:46	2148.800	2152.000	2148.800	2150.600	           4576	
 03/31-10:47	2150.800	2151.000	2149.400	2150.800	           2101	
 03/31-10:48	2150.600	2150.600	2149.200	2150.000	           1237	
 03/31-10:49	2149.800	2149.800	2148.200	2148.200	           1739	
 03/31-10:50	2148.400	2150.400	2148.200	2150.200	           1521	
 03/31-10:51	2149.800	2151.400	2149.200	2150.600	           1731	
 03/31-10:52	2150.600	2151.000	2148.600	2148.600	           1458	
 03/31-10:53	2148.600	2149.000	2146.400	2147.000	           3058	
 03/31-10:54	2146.800	2147.800	2146.600	2147.000	           1497	
 03/31-10:55	2147.200	2147.800	2146.000	2147.800	           2482	
 03/31-10:56	2147.800	2147.800	2145.800	2146.600	           2651	
 03/31-10:57	2146.600	2148.200	2146.200	2148.000	           1323	
 03/31-10:58	2147.800	2148.000	2146.200	2147.200	           1286	
 03/31-10:59	2147.200	2148.000	2146.400	2148.000	           1010	
 03/31-11:00	2148.000	2148.600	2146.200	2146.400	           1822	
 03/31-11:01	2146.400	2147.000	2145.000	2147.000	           3746	
 03/31-11:02	2147.200	2147.600	2145.400	2147.000	           1779	
 03/31-11:03	2146.600	2147.200	2145.600	2147.000	           1053	
 03/31-11:04	2147.000	2151.200	2146.400	2150.800	           5418	
 03/31-11:05	2150.800	2153.200	2150.200	2152.400	           5326	
 03/31-11:06	2152.200	2152.200	2150.800	2151.600	           2333	
 03/31-11:07	2151.600	2153.000	2151.600	2152.000	           2632	
 03/31-11:08	2152.000	2152.400	2151.200	2152.000	           1757	
 03/31-11:09	2152.000	2154.600	2151.200	2154.000	           3272	
 03/31-11:10	2154.400	2154.400	2152.600	2153.200	           2625	
 03/31-11:11	2153.400	2154.200	2152.400	2154.200	           1951	
 03/31-11:12	2154.000	2154.600	2153.000	2154.400	           1749	
 03/31-11:13	2154.600	2154.600	2153.400	2154.600	           2387	
 03/31-11:14	2154.200	2157.800	2154.200	2157.200	           6030	
 03/31-11:15	2157.200	2158.400	2156.400	2157.200	           4148	
 03/31-11:16	2157.200	2157.800	2156.200	2157.200	           2466	
 03/31-11:17	2157.400	2158.200	2157.000	2157.600	           2041	
 03/31-11:18	2157.600	2159.000	2157.400	2158.400	           2924	
 03/31-11:19	2158.400	2159.000	2157.600	2159.000	           2085	
 03/31-11:20	2159.200	2159.200	2157.000	2158.200	           3465	
 03/31-11:21	2157.800	2158.200	2156.600	2157.600	           2216	
 03/31-11:22	2157.600	2158.600	2156.600	2158.200	           2354	
 03/31-11:23	2158.200	2159.000	2157.800	2158.600	           2286	
 03/31-11:24	2158.200	2159.200	2158.200	2158.600	           1897	
 03/31-11:25	2158.600	2159.000	2157.600	2159.000	           2165	
 03/31-11:26	2158.800	2159.600	2158.800	2159.200	           2919	
 03/31-11:27	2159.200	2159.400	2157.400	2157.400	           1864	
 03/31-11:28	2157.200	2157.800	2156.800	2157.400	           1842	
 03/31-11:29	2157.200	2159.200	2157.200	2158.600	           1717	
 03/31-11:30	2158.600	2159.600	2158.400	2159.400	           2184	
 03/31-13:01	2159.600	2159.600	2156.400	2157.000	           2615	
 03/31-13:02	2156.800	2157.400	2153.800	2155.000	           4333	
 03/31-13:03	2154.800	2155.200	2153.200	2155.000	           2507	
 03/31-13:04	2155.000	2155.000	2153.600	2155.000	           1618	
 03/31-13:05	2154.600	2155.000	2154.000	2154.400	           1383	
 03/31-13:06	2154.200	2155.200	2154.200	2155.200	            993	
 03/31-13:07	2155.200	2155.800	2154.600	2154.600	           1681	
 03/31-13:08	2154.400	2154.800	2153.800	2154.400	           1367	
 03/31-13:09	2154.200	2155.200	2154.200	2154.200	           1148	
 03/31-13:10	2154.200	2154.800	2153.600	2154.000	           1478	
 03/31-13:11	2154.000	2154.400	2153.600	2153.800	           1217	
 03/31-13:12	2153.800	2155.000	2153.600	2155.000	           1515	
 03/31-13:13	2154.800	2155.600	2154.600	2154.600	           1442	
 03/31-13:14	2154.600	2156.800	2154.400	2156.600	           1847	
 03/31-13:15	2156.800	2159.000	2156.200	2158.200	           4043	
 03/31-13:16	2158.800	2160.000	2158.200	2159.200	           3898	
 03/31-13:17	2159.000	2159.400	2158.600	2158.600	           1379	
 03/31-13:18	2159.000	2159.200	2158.000	2159.000	           1623	
 03/31-13:19	2158.600	2159.200	2157.600	2157.800	           1565	
 03/31-13:20	2157.400	2159.200	2157.400	2158.400	           1422	
 03/31-13:21	2158.200	2159.000	2157.400	2159.000	           1648	
 03/31-13:22	2159.200	2159.400	2157.600	2158.000	           1567	
 03/31-13:23	2158.000	2158.200	2156.200	2156.400	           2580	
 03/31-13:24	2156.600	2156.800	2154.400	2155.200	           3691	
 03/31-13:25	2155.000	2155.200	2153.600	2153.600	           2653	
 03/31-13:26	2153.800	2153.800	2151.200	2151.200	           5545	
 03/31-13:27	2151.200	2152.600	2151.000	2152.200	           2511	
 03/31-13:28	2152.000	2152.200	2151.400	2151.400	           1744	
 03/31-13:29	2151.600	2152.200	2151.400	2152.000	           1437	
 03/31-13:30	2151.600	2152.000	2150.600	2151.600	           2869	
 03/31-13:31	2151.400	2152.400	2151.200	2152.000	           1808	
 03/31-13:32	2152.000	2153.600	2152.000	2153.400	           2601	
 03/31-13:33	2153.600	2154.000	2152.600	2153.000	           2154	
 03/31-13:34	2153.000	2154.000	2152.200	2152.400	           1688	
 03/31-13:35	2152.200	2153.200	2152.200	2152.400	           1189	
 03/31-13:36	2152.200	2153.200	2151.000	2153.000	           2703	
 03/31-13:37	2152.800	2153.600	2152.000	2152.400	           1767	
 03/31-13:38	2152.600	2152.600	2151.200	2151.600	           1523	
 03/31-13:39	2151.600	2153.000	2151.600	2151.600	           1049	
 03/31-13:40	2151.800	2151.800	2150.800	2151.000	           1766	
 03/31-13:41	2150.800	2152.200	2150.400	2152.000	           1997	
 03/31-13:42	2151.800	2152.600	2150.800	2151.400	           1557	
 03/31-13:43	2151.200	2151.400	2150.400	2150.600	           1512	
 03/31-13:44	2150.600	2151.400	2150.400	2151.200	           1201	
 03/31-13:45	2151.200	2152.200	2150.600	2151.800	           1916	
 03/31-13:46	2151.600	2152.400	2150.800	2151.200	           1893	
 03/31-13:47	2151.400	2152.600	2151.200	2152.000	           1561	
 03/31-13:48	2151.800	2153.800	2151.800	2153.200	           2700	
 03/31-13:49	2153.200	2153.400	2151.600	2152.000	           1836	
 03/31-13:50	2151.800	2152.400	2151.000	2152.200	           2010	
 03/31-13:51	2152.200	2152.200	2149.000	2150.000	           4231	
 03/31-13:52	2150.400	2151.600	2150.000	2151.400	           1867	
 03/31-13:53	2151.400	2151.600	2150.200	2150.400	           1462	
 03/31-13:54	2150.400	2151.200	2149.000	2149.800	           2069	
 03/31-13:55	2149.600	2150.400	2149.000	2149.600	           1989	
 03/31-13:56	2149.400	2152.000	2148.800	2151.400	           2352	
 03/31-13:57	2151.000	2152.600	2150.800	2152.200	           2412	
 03/31-13:58	2152.200	2152.200	2151.200	2152.000	           1147	
 03/31-13:59	2152.000	2153.400	2151.600	2152.200	           2370	
 03/31-14:00	2152.000	2152.400	2150.000	2150.200	           2606	
 03/31-14:01	2150.600	2151.600	2150.200	2151.200	           1247	
 03/31-14:02	2151.400	2151.400	2149.400	2150.400	           1934	
 03/31-14:03	2150.200	2151.200	2149.600	2150.600	           1429	
 03/31-14:04	2150.800	2152.000	2150.400	2151.200	           1788	
 03/31-14:05	2151.200	2151.400	2149.800	2150.200	           1980	
 03/31-14:06	2150.400	2150.600	2148.200	2148.800	           3217	
 03/31-14:07	2149.000	2150.000	2148.600	2149.800	           1306	
 03/31-14:08	2149.800	2150.600	2149.000	2149.400	           1445	
 03/31-14:09	2149.400	2152.600	2149.400	2152.600	           3305	
 03/31-14:10	2152.400	2152.600	2149.800	2149.800	           2143	
 03/31-14:11	2149.400	2150.400	2148.800	2149.800	           1771	
 03/31-14:12	2149.600	2150.600	2149.200	2149.200	            967	
 03/31-14:13	2149.400	2149.600	2148.200	2148.400	           1879	
 03/31-14:14	2148.400	2148.800	2146.800	2146.800	           3722	
 03/31-14:15	2147.000	2147.000	2142.000	2143.600	           7595	
 03/31-14:16	2143.200	2143.800	2139.000	2139.400	           6271	
 03/31-14:17	2139.400	2139.400	2132.200	2133.400	           9014	
 03/31-14:18	2133.600	2136.600	2133.400	2136.400	           5792	
 03/31-14:19	2136.400	2139.000	2135.600	2137.600	           4656	
 03/31-14:20	2137.600	2137.600	2135.000	2135.000	           4707	
 03/31-14:21	2134.600	2135.400	2132.400	2133.600	           5800	
 03/31-14:22	2133.400	2133.800	2132.200	2132.200	           3846	
 03/31-14:23	2132.200	2132.200	2128.600	2130.000	           8245	
 03/31-14:24	2130.000	2131.600	2129.400	2131.400	           3870	
 03/31-14:25	2131.600	2132.400	2130.000	2131.000	           2775	
 03/31-14:26	2130.800	2132.200	2129.000	2131.600	           2704	
 03/31-14:27	2131.600	2132.400	2131.200	2131.600	           1835	
 03/31-14:28	2131.600	2133.400	2131.400	2133.400	           2668	
 03/31-14:29	2132.600	2134.800	2132.200	2133.800	           2956	
 03/31-14:30	2134.000	2134.000	2131.200	2131.200	           2779	
 03/31-14:31	2131.400	2133.400	2131.200	2133.200	           2265	
 03/31-14:32	2133.200	2134.000	2132.400	2133.000	           2034	
 03/31-14:33	2132.600	2132.800	2131.400	2132.200	           1948	
 03/31-14:34	2132.200	2133.400	2131.800	2133.400	           1569	
 03/31-14:35	2133.200	2134.200	2132.800	2133.600	           1589	
 03/31-14:36	2133.600	2134.400	2132.400	2133.200	           2472	
 03/31-14:37	2133.000	2134.000	2132.000	2133.600	           1382	
 03/31-14:38	2133.600	2134.600	2133.000	2134.000	           1714	
 03/31-14:39	2134.000	2138.000	2133.400	2138.000	           5120	
 03/31-14:40	2138.000	2142.400	2138.000	2141.400	           9070	
 03/31-14:41	2141.400	2143.400	2139.800	2141.600	           6091	
 03/31-14:42	2141.600	2141.800	2140.600	2141.800	           2752	
 03/31-14:43	2141.800	2144.000	2141.200	2143.600	           3816	
 03/31-14:44	2143.800	2143.800	2142.200	2143.400	           2694	
 03/31-14:45	2143.600	2143.600	2141.600	2142.600	           2877	
 03/31-14:46	2142.800	2142.800	2141.200	2142.200	           1815	
 03/31-14:47	2142.000	2143.000	2141.400	2142.400	           1976	
 03/31-14:48	2142.600	2142.800	2141.800	2142.600	           1455	
 03/31-14:49	2142.400	2142.600	2141.200	2142.200	           1511	
 03/31-14:50	2142.400	2145.200	2142.000	2143.600	           4100	
 03/31-14:51	2143.600	2143.600	2140.200	2140.600	           3448	
 03/31-14:52	2140.400	2142.200	2139.600	2141.400	           3081	
 03/31-14:53	2141.600	2143.600	2141.400	2143.000	           2620	
 03/31-14:54	2143.000	2144.200	2143.000	2144.000	           2186	
 03/31-14:55	2143.800	2144.000	2143.000	2143.600	           1865	
 03/31-14:56	2143.600	2144.400	2143.000	2143.800	           1532	
 03/31-14:57	2143.800	2144.200	2143.400	2144.000	           1011	
 03/31-14:58	2144.200	2144.800	2143.000	2143.200	           1920	
 03/31-14:59	2143.200	2144.000	2142.800	2143.600	           1345	
 03/31-15:00	2143.800	2145.000	2143.600	2144.200	           2493	
 03/31-15:01	2144.400	2144.400	2142.800	2143.400	           2175	
 03/31-15:02	2143.600	2143.600	2142.200	2142.400	           1910	
 03/31-15:03	2142.200	2143.200	2142.200	2142.800	           1072	
 03/31-15:04	2142.600	2143.000	2142.400	2142.800	            649	
 03/31-15:05	2142.600	2143.000	2142.400	2143.000	            833	
 03/31-15:06	2142.800	2143.200	2142.600	2143.200	            739	
 03/31-15:07	2143.200	2144.200	2143.000	2143.000	           1288	
 03/31-15:08	2143.000	2143.200	2142.000	2143.000	           1267	
 03/31-15:09	2142.800	2143.600	2142.600	2143.600	            635	
 03/31-15:10	2143.600	2143.600	2142.400	2142.600	            977	
 03/31-15:11	2142.600	2142.800	2142.000	2142.000	           1421	
 03/31-15:12	2142.000	2143.400	2141.600	2143.000	           1818	
 03/31-15:13	2143.000	2143.400	2142.400	2142.400	           1168	
 03/31-15:14	2142.400	2142.600	2141.400	2141.400	           2497	
 03/31-15:15	2141.200	2143.400	2141.200	2143.400	           3446	