 07/22-09:16	2140.000	2145.800	2128.600	2128.600	          10641	      1.000	   2214.200	   2216.827	   2224.058	           	           	      0.000	      0.000	      0.000	      0.000	      0.000	      0.000	      0.000	    -85.600	      0.000	      0.000	
 07/22-09:17	2129.000	2138.600	2126.600	2138.600	           8026	      2.000	   2211.559	   2215.457	   2223.220	           	           	      0.000	      0.000	      0.000	      0.000	      0.000	      0.000	      0.000	    -72.959	      0.000	      0.000	
 07/22-09:18	2138.200	2144.000	2137.200	2137.200	           4338	      3.000	   2208.874	   2214.037	   2222.385	           	           	      0.000	      0.000	      0.000	      0.000	      0.000	      0.000	      0.000	    -71.674	      0.000	      0.000	
 07/22-09:19	2135.800	2140.000	2133.600	2138.200	           3057	      4.000	   2206.233	   2212.633	   2221.548	           	           	      0.000	      0.000	      0.000	      0.000	      0.000	      0.000	      0.000	    -68.033	      0.000	      0.000	
 07/22-09:20	2138.400	2139.800	2136.800	2137.800	           1676	      5.000	   2203.567	   2211.230	   2220.707	           	           	      0.000	      0.000	      0.000	      0.000	      0.000	      0.000	      0.000	    -65.767	      0.000	      0.000	
 07/22-09:21	2138.000	2140.200	2135.000	2137.600	           2699	      6.000	   2200.907	   2209.833	   2219.870	           	           	      0.000	      0.000	      0.000	      0.000	      0.000	      0.000	      0.000	    -63.307	      0.000	      0.000	
 07/22-09:22	2137.400	2137.400	2130.800	2133.200	           3753	      7.000	   2198.093	   2208.380	   2219.022	           	           	      0.000	      0.000	      0.000	      0.000	      0.000	      0.000	      0.000	    -64.893	      0.000	      0.000	
 07/22-09:23	2133.400	2135.000	2131.600	2133.600	           2195	      8.000	   2195.300	   2206.970	   2218.173	           	           	      0.000	      0.000	      0.000	      0.000	      0.000	      0.000	      0.000	    -61.700	      0.000	      0.000	
 07/22-09:24	2133.800	2138.600	2131.600	2131.600	           2678	      9.000	   2192.447	   2205.523	   2217.298	           	           	      0.000	      0.000	      0.000	      0.000	      0.000	      0.000	      0.000	    -60.847	      0.000	      0.000	
 07/22-09:25	2131.400	2136.200	2130.000	2134.800	           2592	     10.000	   2189.693	   2204.113	   2216.430	           	           	      0.000	      0.000	      0.000	      0.000	      0.000	      0.000	      0.000	    -54.893	      0.000	      0.000	
 07/22-09:26	2134.800	2137.000	2132.400	2136.000	           1686	     11.000	   2186.987	   2202.703	   2215.583	           	           	      0.000	      0.000	      0.000	      0.000	      0.000	      0.000	      0.000	    -50.987	      0.000	      0.000	
 07/22-09:27	2136.000	2141.600	2135.000	2135.400	           3854	     12.000	   2184.267	   2201.297	   2214.738	           	           	      0.000	      0.000	      0.000	      0.000	      0.000	      0.000	      0.000	    -48.867	      0.000	      0.000	
 07/22-09:28	2135.400	2139.200	2133.400	2137.000	           2041	     13.000	   2181.606	   2199.920	   2213.900	           	           	      0.000	      0.000	      0.000	      0.000	      0.000	      0.000	      0.000	    -44.606	      0.000	      0.000	
 07/22-09:29	2137.200	2138.000	2134.200	2134.600	           1622	     14.000	   2178.867	   2198.510	   2213.047	           	           	      0.000	      0.000	      0.000	      0.000	      0.000	      0.000	      0.000	    -44.267	      0.000	      0.000	
 07/22-09:30	2134.800	2136.200	2133.200	2136.000	           1549	     15.000	   2176.173	   2197.113	   2212.213	           	           	      0.000	      0.000	      0.000	      0.000	      0.000	      0.000	      0.000	    -40.173	      0.000	      0.000	
 07/22-09:31	2136.400	2138.200	2135.000	2135.800	           2455	     16.000	   2173.467	   2195.730	   2211.375	           	           	      0.000	      0.000	      0.000	      0.000	      0.000	      0.000	      0.000	    -37.667	      0.000	      0.000	
 07/22-09:32	2135.800	2139.600	2134.200	2138.600	           2548	     17.000	   2170.853	   2194.400	   2210.580	           	           	      0.000	      0.000	      0.000	      0.000	      0.000	      0.000	      0.000	    -32.253	      0.000	      0.000	
 07/22-09:33	2138.600	2138.800	2134.200	2137.400	           2271	     18.000	   2168.200	   2193.040	   2209.770	           	           	      0.000	      0.000	      0.000	      0.000	      0.000	      0.000	      0.000	    -30.800	      0.000	      0.000	
 07/22-09:34	2137.800	2143.000	2137.400	2140.200	           4247	     19.000	   2165.640	   2191.727	   2208.972	           	           	      0.000	      0.000	      0.000	      0.000	      0.000	      0.000	      0.000	    -25.440	      0.000	      0.000	
 07/22-09:35	2140.000	2144.800	2139.200	2139.600	           3600	     20.000	   2163.059	   2190.410	   2208.175	           	           	      0.000	      0.000	      0.000	      0.000	      0.000	      0.000	      0.000	    -23.459	      0.000	      0.000	
 07/22-09:36	2139.600	2143.600	2139.200	2142.200	           2962	     21.000	   2160.567	   2189.127	   2207.405	           	           	      0.000	      0.000	      0.000	      0.000	      0.000	      0.000	      0.000	    -18.367	      0.000	      0.000	
 07/22-09:37	2142.200	2143.000	2139.400	2140.200	           2783	     22.000	   2158.006	   2187.806	   2206.622	           	           	      0.000	      0.000	      0.000	      0.000	      0.000	      0.000	      0.000	    -17.806	      0.000	      0.000	
 07/22-09:38	2140.600	2141.200	2137.000	2140.000	           3524	     23.000	   2155.440	   2186.480	   2205.853	           	           	      0.000	      0.000	      0.000	      0.000	      0.000	      0.000	      0.000	    -15.440	      0.000	      0.000	
 07/22-09:39	2139.400	2140.600	2136.800	2140.200	           2413	     24.000	   2152.880	   2185.167	   2205.078	           	           	      0.000	      0.000	      0.000	      0.000	      0.000	      0.000	      0.000	    -12.680	      0.000	      0.000	
 07/22-09:40	2140.200	2143.800	2139.200	2143.600	           2973	     25.000	   2150.433	   2183.917	   2204.323	           	           	      0.000	      0.000	      0.000	      0.000	      0.000	      0.000	      0.000	     -6.833	      0.000	      0.000	
 07/22-09:41	2144.000	2146.000	2141.200	2144.000	           4420	     26.000	   2148.000	   2182.670	   2203.570	           	           	      0.000	      0.000	      0.000	      0.000	      0.000	      0.000	      0.000	     -4.000	      0.000	      0.000	
 07/22-09:42	2144.000	2147.600	2143.000	2144.600	           4415	     27.000	   2145.586	   2181.433	   2202.808	           	           	      0.000	      0.000	      0.000	      0.000	      0.000	      0.000	      0.000	     -0.986	      0.000	      0.000	
 07/22-09:43	2144.200	2146.000	2143.600	2144.600	           2184	     28.000	   2143.173	   2180.207	   2202.048	           	           	      0.000	      0.000	      0.000	      0.000	      0.000	      0.000	      0.000	      1.427	      0.000	      0.000	
 07/22-09:44	2144.000	2154.000	2144.000	2151.600	           6582	     29.000	   2140.993	   2179.096	   2201.342	           	           	      0.000	      0.000	      0.000	      0.000	      0.000	      0.000	      0.000	     10.607	      0.000	      0.000	
 07/22-09:45	2151.800	2156.000	2150.200	2153.600	           6339	     30.000	   2138.880	   2178.030	   2200.650	           	           	      0.000	      0.000	      0.000	      0.000	      0.000	      0.000	      0.000	     14.720	      0.000	      0.000	
 07/22-09:46	2153.200	2153.200	2150.200	2150.600	           3745	     31.000	   2139.614	   2176.907	   2199.940	           	           	      0.000	      0.000	      0.000	      0.000	      0.000	      0.000	      0.000	     10.987	      0.000	      0.000	
 07/22-09:47	2150.400	2153.000	2149.000	2152.200	           3161	     32.000	   2140.067	   2175.813	   2199.242	           	           	      0.000	      0.000	      0.000	      0.000	      0.000	      0.000	      0.000	     12.133	      0.000	      0.000	
 07/22-09:48	2152.400	2154.800	2149.200	2149.200	           3354	     33.000	   2140.467	   2174.670	   2198.532	           	           	      0.000	      0.000	      0.000	      0.000	      0.000	      0.000	      0.000	      8.733	      0.000	      0.000	
 07/22-09:49	2149.400	2152.400	2149.000	2151.000	           2721	     34.000	   2140.894	   2173.563	   2197.837	           	           	      0.000	      0.000	      0.000	      0.000	      0.000	      0.000	      0.000	     10.106	      0.000	      0.000	
 07/22-09:50	2151.600	2157.000	2151.000	2154.000	           5247	     35.000	   2141.433	   2172.500	   2197.178	           	           	      0.000	      0.000	      0.000	      0.000	      0.000	      0.000	      0.000	     12.567	      0.000	      0.000	
 07/22-09:51	2153.600	2155.600	2152.400	2154.800	           2857	     36.000	   2142.006	   2171.457	   2196.532	           	           	      0.000	      0.000	      0.000	      0.000	      0.000	      0.000	      0.000	     12.794	      0.000	      0.000	
 07/22-09:52	2154.600	2155.600	2152.600	2153.200	           2579	     37.000	   2142.674	   2170.383	   2195.877	           	           	      0.000	      0.000	      0.000	      0.000	      0.000	      0.000	      0.000	     10.526	      0.000	      0.000	
 07/22-09:53	2153.200	2155.000	2152.600	2154.400	           1958	     38.000	   2143.367	   2169.333	   2195.233	           	           	      0.000	      0.000	      0.000	      0.000	      0.000	      0.000	      0.000	     11.033	      0.000	      0.000	
 07/22-09:54	2154.200	2154.600	2148.800	2149.000	           4480	     39.000	   2143.946	   2168.196	   2194.548	           	           	      0.000	      0.000	      0.000	      0.000	      0.000	      0.000	      0.000	      5.054	      0.000	      0.000	
 07/22-09:55	2149.200	2150.800	2148.000	2149.800	           2652	     40.000	   2144.447	   2167.070	   2193.888	           	           	      0.000	      0.000	      0.000	      0.000	      0.000	      0.000	      0.000	      5.353	      0.000	      0.000	
 07/22-09:56	2150.000	2150.200	2146.000	2146.400	           3575	     41.000	   2144.794	   2165.890	   2193.220	           	           	      0.000	      0.000	      0.000	      0.000	      0.000	      0.000	      0.000	      1.606	      0.000	      0.000	
 07/22-09:57	2146.200	2147.800	2145.000	2145.000	           2511	     42.000	   2145.114	   2164.690	   2192.537	           	           	      0.000	      0.000	      0.000	      0.000	      0.000	      0.000	      0.000	     -0.114	      0.000	      0.000	
 07/22-09:58	2144.800	2147.000	2143.400	2146.800	           3689	     43.000	   2145.440	   2163.523	   2191.868	           	           	      0.000	      0.000	      0.000	      0.000	      0.000	      0.000	      0.000	      1.360	      0.000	      0.000	
 07/22-09:59	2146.800	2147.000	2144.200	2145.600	           2007	     44.000	   2145.807	   2162.337	   2191.182	           	           	      0.000	      0.000	      0.000	      0.000	      0.000	      0.000	      0.000	     -0.207	      0.000	      0.000	
 07/22-10:00	2145.000	2149.800	2144.800	2149.400	           3348	     45.000	   2146.253	   2161.213	   2190.525	           	           	      0.000	      0.000	      0.000	      0.000	      0.000	      0.000	      0.000	      3.147	      0.000	      0.000	
 07/22-10:01	2149.400	2152.400	2149.400	2150.200	           3284	     46.000	   2146.733	   2160.100	   2189.908	           	           	      0.000	      0.000	      0.000	      0.000	      0.000	      0.000	      0.000	      3.467	      0.000	      0.000	
 07/22-10:02	2150.600	2153.200	2148.200	2153.200	           2752	     47.000	   2147.220	   2159.036	   2189.333	           	           	      0.000	      0.000	      0.000	      0.000	      0.000	      0.000	      0.000	      5.980	      0.000	      0.000	
 07/22-10:03	2152.800	2154.600	2151.600	2153.600	           3143	     48.000	   2147.759	   2157.980	   2188.751	           	           	      0.000	      0.000	      0.000	      0.000	      0.000	      0.000	      0.000	      5.841	      0.000	      0.000	
 07/22-10:04	2153.600	2153.600	2151.600	2153.000	           2110	     49.000	   2148.187	   2156.913	   2188.181	           	           	      0.000	      0.000	      0.000	      0.000	      0.000	      0.000	      0.000	      4.813	      0.000	      0.000	
 07/22-10:05	2153.000	2154.600	2151.000	2154.000	           2962	     50.000	   2148.667	   2155.863	   2187.618	           	           	      0.000	      0.000	      0.000	      0.000	      0.000	      0.000	      0.000	      5.333	      0.000	      0.000	
 07/22-10:06	2154.200	2155.400	2153.200	2153.600	           3271	     51.000	   2149.047	   2154.807	   2187.048	           	           	      0.000	      0.000	      0.000	      0.000	      0.000	      0.000	      0.000	      4.553	      0.000	      0.000	
 07/22-10:07	2153.400	2163.200	2153.400	2162.000	          10007	     52.000	   2149.774	   2153.890	   2186.543	           	           	      0.000	      0.000	      0.000	      0.000	      0.000	      0.000	      0.000	     12.226	      0.000	      0.000	
 07/22-10:08	2161.800	2164.000	2160.200	2162.400	           4587	     53.000	   2150.520	   2152.980	   2186.035	           	           	      0.000	      0.000	      0.000	      0.000	      0.000	      0.000	      0.000	     11.880	      0.000	      0.000	
 07/22-10:09	2162.600	2162.600	2160.000	2160.600	           2294	     54.000	   2151.200	   2152.040	   2185.502	           	           	      0.000	      0.000	      0.000	      0.000	      0.000	      0.000	      0.000	      9.400	      0.000	      0.000	
 07/22-10:10	2160.600	2161.600	2158.600	2158.600	           4427	     55.000	   2151.700	   2151.067	   2184.953	           	           	      0.000	      0.000	      0.000	      0.000	      0.000	      0.000	      0.000	      6.900	      0.000	      0.000	
 07/22-10:11	2158.600	2159.200	2155.600	2159.000	           3854	     56.000	   2152.200	   2150.100	   2184.418	           	           	      0.000	      0.000	      0.000	      0.000	      0.000	      0.000	      0.000	      6.800	      0.000	      0.000	
 07/22-10:12	2158.800	2162.000	2157.200	2161.600	           3053	     57.000	   2152.767	   2149.177	   2183.913	           	           	      0.000	      0.000	      0.000	      0.000	      0.000	      0.000	      0.000	      8.833	      0.000	      0.000	
 07/22-10:13	2161.800	2165.000	2160.000	2163.000	           4658	     58.000	   2153.380	   2148.277	   2183.417	           	           	      0.000	      0.000	      0.000	      0.000	      0.000	      0.000	      0.000	      9.620	      0.000	      0.000	
 07/22-10:14	2162.600	2162.800	2160.200	2161.600	           1591	     59.000	   2153.714	   2147.353	   2182.905	           	           	      0.000	      0.000	      0.000	      0.000	      0.000	      0.000	      0.000	      7.886	      0.000	      0.000	
 07/22-10:15	2161.400	2162.200	2156.800	2158.000	           3933	     60.000	   2153.859	   2146.370	   2182.370	           	           	      0.000	      0.000	      0.000	      0.000	      0.000	      0.000	      0.000	      4.141	      0.000	      0.000	
 07/22-10:16	2158.200	2159.600	2157.000	2157.000	           3040	     61.000	   2154.073	   2146.843	   2181.835	           	           	      0.000	      0.000	      0.000	      0.000	      0.000	      0.000	      0.000	      2.927	      0.000	      0.000	
 07/22-10:17	2157.400	2158.400	2153.600	2155.800	           4249	     62.000	   2154.194	   2147.130	   2181.293	           	           	      0.000	      0.000	      0.000	      0.000	      0.000	      0.000	      0.000	      1.606	      0.000	      0.000	
 07/22-10:18	2155.800	2162.200	2154.800	2161.600	           3018	     63.000	   2154.606	   2147.536	   2180.787	           	           	      0.000	      0.000	      0.000	      0.000	      0.000	      0.000	      0.000	      6.994	      0.000	      0.000	
 07/22-10:19	2161.200	2171.200	2161.200	2169.400	          11571	     64.000	   2155.220	   2148.057	   2180.345	           	           	      0.000	      0.000	      0.000	      0.000	      0.000	      0.000	      0.000	     14.180	      0.000	      0.000	
 07/22-10:20	2169.200	2171.400	2168.200	2168.200	           4850	     65.000	   2155.693	   2148.563	   2179.897	           	           	      0.000	      0.000	      0.000	      0.000	      0.000	      0.000	      0.000	     12.507	      0.000	      0.000	
 07/22-10:21	2168.000	2174.200	2167.600	2171.000	           6276	     66.000	   2156.233	   2149.120	   2179.477	           	           	      0.000	      0.000	      0.000	      0.000	      0.000	      0.000	      0.000	     14.767	      0.000	      0.000	
 07/22-10:22	2170.800	2179.600	2169.200	2178.000	           8270	     67.000	   2157.059	   2149.867	   2179.123	           	           	      0.000	      0.000	      0.000	      0.000	      0.000	      0.000	      0.000	     20.941	      0.000	      0.000	
 07/22-10:23	2178.000	2181.000	2176.000	2176.000	           7003	     68.000	   2157.780	   2150.573	   2178.772	           	           	      0.000	      0.000	      0.000	      0.000	      0.000	      0.000	      0.000	     18.220	      0.000	      0.000	
 07/22-10:24	2175.200	2177.600	2174.400	2174.800	           3923	     69.000	   2158.641	   2151.293	   2178.408	           	           	      0.000	      0.000	      0.000	      0.000	      0.000	      0.000	      0.000	     16.159	      0.000	      0.000	
 07/22-10:25	2174.200	2174.400	2171.600	2173.600	           4215	     70.000	   2159.433	   2151.940	   2178.027	           	           	      0.000	      0.000	      0.000	      0.000	      0.000	      0.000	      0.000	     14.167	      0.000	      0.000	
 07/22-10:26	2174.000	2175.600	2171.800	2174.800	           2838	     71.000	   2160.380	   2152.587	   2177.645	           	           	      0.000	      0.000	      0.000	      0.000	      0.000	      0.000	      0.000	     14.420	      0.000	      0.000	
 07/22-10:27	2174.800	2175.200	2170.000	2172.400	           4052	     72.000	   2161.293	   2153.203	   2177.250	           	           	      0.000	      0.000	      0.000	      0.000	      0.000	      0.000	      0.000	     11.107	      0.000	      0.000	
 07/22-10:28	2172.600	2178.000	2172.400	2173.400	           3204	     73.000	   2162.180	   2153.810	   2176.865	           	           	      0.000	      0.000	      0.000	      0.000	      0.000	      0.000	      0.000	     11.220	      0.000	      0.000	
 07/22-10:29	2173.400	2175.000	2169.200	2170.400	           3323	     74.000	   2163.006	   2154.407	   2176.458	           	           	      0.000	      0.000	      0.000	      0.000	      0.000	      0.000	      0.000	      7.394	      0.000	      0.000	
 07/22-10:30	2170.800	2172.200	2168.800	2171.800	           2766	     75.000	   2163.754	   2155.004	   2176.058	           	           	      0.000	      0.000	      0.000	      0.000	      0.000	      0.000	      0.000	      8.046	      0.000	      0.000	
 07/22-10:31	2171.200	2174.400	2170.200	2172.000	           2342	     76.000	   2164.480	   2155.607	   2175.668	           	           	      0.000	      0.000	      0.000	      0.000	      0.000	      0.000	      0.000	      7.520	      0.000	      0.000	
 07/22-10:32	2172.000	2175.200	2171.000	2173.400	           2916	     77.000	   2165.153	   2156.187	   2175.293	           	           	      0.000	      0.000	      0.000	      0.000	      0.000	      0.000	      0.000	      8.247	      0.000	      0.000	
 07/22-10:33	2173.400	2173.400	2167.200	2167.200	           4674	     78.000	   2165.607	   2156.683	   2174.862	           	           	      0.000	      0.000	      0.000	      0.000	      0.000	      0.000	      0.000	      1.593	      0.000	      0.000	
 07/22-10:34	2167.000	2168.200	2162.400	2163.200	           6002	     79.000	   2165.947	   2157.067	   2174.397	           	           	      0.000	      0.000	      0.000	      0.000	      0.000	      0.000	      0.000	     -2.747	      0.000	      0.000	
 07/22-10:35	2163.000	2165.000	2160.200	2161.000	           4392	     80.000	   2166.180	   2157.423	   2173.917	           	           	      0.000	      0.000	      0.000	      0.000	      0.000	      0.000	      0.000	     -5.180	      0.000	      0.000	
 07/22-10:36	2161.400	2164.600	2161.200	2162.400	           3776	     81.000	   2166.473	   2157.760	   2173.443	           	           	      0.000	      0.000	      0.000	      0.000	      0.000	      0.000	      0.000	     -4.073	      0.000	      0.000	
 07/22-10:37	2162.400	2164.600	2162.200	2162.200	           1795	     82.000	   2166.479	   2158.126	   2172.967	           	           	      0.000	      0.000	      0.000	      0.000	      0.000	      0.000	      0.000	     -4.279	      0.000	      0.000	
 07/22-10:38	2162.400	2165.200	2161.800	2162.000	           2374	     83.000	   2166.467	   2158.493	   2172.487	           	           	      0.000	      0.000	      0.000	      0.000	      0.000	      0.000	      0.000	     -4.467	      0.000	      0.000	
 07/22-10:39	2162.000	2164.600	2161.200	2162.600	           2244	     84.000	   2166.533	   2158.867	   2172.017	           	           	      0.000	      0.000	      0.000	      0.000	      0.000	      0.000	      0.000	     -3.933	      0.000	      0.000	
 07/22-10:40	2163.000	2163.800	2157.400	2158.000	           5010	     85.000	   2166.513	   2159.107	   2171.512	           	           	      0.000	      0.000	      0.000	      0.000	      0.000	      0.000	      0.000	     -8.513	      0.000	      0.000	
 07/22-10:41	2158.400	2165.000	2156.800	2165.000	           4860	     86.000	   2166.714	   2159.457	   2171.063	           	           	      0.000	      0.000	      0.000	      0.000	      0.000	      0.000	      0.000	     -1.714	      0.000	      0.000	
 07/22-10:42	2164.800	2168.200	2164.200	2165.800	           5084	     87.000	   2166.853	   2159.810	   2170.622	           	           	      0.000	      0.000	      0.000	      0.000	      0.000	      0.000	      0.000	     -1.053	      0.000	      0.000	
 07/22-10:43	2166.800	2166.800	2161.200	2162.400	           3062	     88.000	   2166.833	   2160.107	   2170.157	           	           	      0.000	      0.000	      0.000	      0.000	      0.000	      0.000	      0.000	     -4.433	      0.000	      0.000	
 07/22-10:44	2162.600	2163.600	2158.400	2159.000	           3606	     89.000	   2166.747	   2160.230	   2169.663	           	           	      0.000	      0.000	      0.000	      0.000	      0.000	      0.000	      0.000	     -7.747	      0.000	      0.000	
 07/22-10:45	2158.800	2160.800	2158.200	2160.000	           2293	     90.000	   2166.813	   2160.336	   2169.183	           	           	      0.000	      0.000	      0.000	      0.000	      0.000	      0.000	      0.000	     -6.813	      0.000	      0.000	
 07/22-10:46	2160.000	2163.000	2157.800	2161.000	           3115	     91.000	   2166.947	   2160.510	   2168.708	           	           	      0.000	      0.000	      0.000	      0.000	      0.000	      0.000	      0.000	     -5.947	      0.000	      0.000	
 07/22-10:47	2161.200	2161.400	2158.400	2160.400	           1860	     92.000	   2167.099	   2160.646	   2168.230	           	           	      0.000	      0.000	      0.000	      0.000	      0.000	      0.000	      0.000	     -6.699	      0.000	      0.000	
 07/22-10:48	2160.400	2162.800	2159.400	2161.200	           2442	     93.000	   2167.087	   2160.847	   2167.759	           	           	      0.000	      0.000	      0.000	      0.000	      0.000	      0.000	      0.000	     -5.887	      0.000	      0.000	
 07/22-10:49	2161.200	2161.400	2157.200	2158.200	           3384	     94.000	   2166.714	   2160.967	   2167.265	           	           	      0.000	      0.000	      0.000	      0.000	      0.000	      0.000	      0.000	     -8.514	      0.000	      0.000	
 07/22-10:50	2158.400	2159.800	2157.600	2158.800	           2188	     95.000	   2166.401	   2161.047	   2166.773	           	           	      0.000	      0.000	      0.000	      0.000	      0.000	      0.000	      0.000	     -7.601	      0.000	      0.000	
 07/22-10:51	2158.600	2159.400	2154.600	2155.400	           4841	     96.000	   2165.880	   2161.057	   2166.257	           	           	      0.000	      0.000	      0.000	      0.000	      0.000	      0.000	      0.000	    -10.480	      0.000	      0.000	
 07/22-10:52	2155.600	2156.800	2152.800	2154.400	           3228	     97.000	   2165.093	   2161.076	   2165.730	           	           	      0.000	      0.000	      0.000	      0.000	      0.000	      0.000	      0.000	    -10.693	      0.000	      0.000	
 07/22-10:53	2154.000	2154.800	2153.400	2153.800	           2194	     98.000	   2164.353	   2161.067	   2165.200	           	           	      0.000	      0.000	      0.000	      0.000	      0.000	      0.000	      0.000	    -10.553	      0.000	      0.000	
 07/22-10:54	2153.400	2154.200	2151.200	2151.200	           4261	     99.000	   2163.566	   2161.103	   2164.650	           	           	      0.000	      0.000	      0.000	      0.000	      0.000	      0.000	      0.000	    -12.366	      0.000	      0.000	
 07/22-10:55	2151.200	2153.600	2150.800	2153.000	           3088	    100.000	   2162.879	   2161.156	   2164.113	   2198.590	           	      0.000	      0.000	      0.000	      0.000	      0.000	      0.000	      0.000	     -9.879	      0.000	      0.000	
 07/22-10:56	2153.000	2153.200	2151.400	2151.800	           2121	    101.000	   2162.113	   2161.246	   2163.568	   2198.216	           	      0.000	      0.000	      0.000	      0.000	      0.000	      0.000	      0.000	    -10.313	      0.000	      0.000	
 07/22-10:57	2152.000	2154.200	2151.400	2153.200	           2130	    102.000	   2161.473	   2161.383	   2163.036	   2197.846	           	      0.000	      0.000	      0.000	      0.000	      0.000	      0.000	      0.000	     -8.273	      0.000	      0.000	
 07/22-10:58	2153.200	2154.200	2152.800	2153.000	           1610	    103.000	   2160.793	   2161.487	   2162.505	   2197.470	           	      0.000	      0.000	      0.000	      0.000	      0.000	      0.000	      0.000	     -7.793	      0.000	      0.000	
 07/22-10:59	2153.000	2157.200	2153.000	2155.800	           3190	    104.000	   2160.306	   2161.656	   2161.997	   2197.105	           	      0.000	      1.000	      0.000	      0.000	      0.000	      0.000	      0.000	     -4.506	      0.000	      0.000	
 07/22-11:00	2156.000	2157.800	2155.600	2157.000	           2499	    105.000	   2159.813	   2161.783	   2161.498	   2196.754	           	      0.000	      1.000	      0.000	      0.000	      0.000	      0.000	      0.000	     -2.813	      0.000	      0.000	
 07/22-11:01	2156.800	2157.600	2155.600	2156.800	           1580	    106.000	   2159.306	   2161.893	   2160.997	   2196.398	           	      0.000	      1.000	      0.000	      0.000	      0.000	      0.000	      0.000	     -2.506	      0.000	      0.000	
 07/22-11:02	2156.600	2161.800	2156.600	2160.400	           5012	    107.000	   2158.873	   2162.013	   2160.525	   2196.054	           	      0.000	      1.000	      0.000	      0.000	      0.000	      0.000	      0.000	      1.527	      0.000	      0.000	
 07/22-11:03	2160.200	2162.800	2159.000	2162.400	           3321	    108.000	   2158.714	   2162.160	   2160.070	   2195.724	           	      0.000	      1.000	      0.000	      0.000	      0.000	      0.000	      0.000	      3.686	      0.000	      0.000	
 07/22-11:04	2162.000	2163.000	2160.600	2161.800	           3054	    109.000	   2158.668	   2162.307	   2159.610	   2195.390	           	      0.000	      1.000	      0.000	      0.000	      0.000	      0.000	      0.000	      3.132	      0.000	      0.000	
 07/22-11:05	2161.200	2161.600	2160.200	2161.400	           2147	    110.000	   2158.680	   2162.430	   2159.147	   2195.062	           	      0.000	      1.000	      0.000	      0.000	      0.000	      0.000	      0.000	      2.720	      0.000	      0.000	
 07/22-11:06	2161.400	2164.200	2159.400	2163.000	           4929	    111.000	   2158.700	   2162.586	   2158.697	   2194.743	           	      0.000	      1.000	      0.000	      0.000	      0.000	      0.000	      0.000	      4.300	      0.000	      0.000	
 07/22-11:07	2163.000	2163.800	2160.400	2162.000	           3223	    112.000	   2158.694	   2162.586	   2158.238	   2194.415	           	      0.000	      1.000	      0.000	      0.000	      0.000	      0.000	      0.000	      3.306	      0.000	      0.000	
 07/22-11:08	2161.800	2161.800	2160.000	2160.200	           1941	    113.000	   2158.633	   2162.550	   2157.765	   2194.085	           	      0.000	      1.000	      0.000	      0.000	      0.000	      0.000	      0.000	      1.567	      0.000	      0.000	
 07/22-11:09	2160.000	2160.400	2155.400	2156.600	           5777	    114.000	   2158.433	   2162.483	   2157.262	   2193.742	           	      0.000	      1.000	      0.000	      0.000	      0.000	      0.000	      0.000	     -1.833	      0.000	      0.000	
 07/22-11:10	2156.800	2156.800	2152.000	2152.400	           4442	    115.000	   2158.246	   2162.380	   2156.723	   2193.380	           	      0.000	      1.000	      0.000	      0.000	      0.000	      0.000	      0.000	     -5.846	      0.000	      0.000	
 07/22-11:11	2152.600	2154.200	2152.600	2154.000	           2247	    116.000	   2157.879	   2162.296	   2156.198	   2193.020	           	      0.000	      1.000	      0.000	      0.000	      0.000	      0.000	      0.000	     -3.879	      0.000	      0.000	
 07/22-11:12	2153.800	2154.000	2151.400	2152.200	           2554	    117.000	   2157.426	   2162.140	   2155.658	   2192.655	           	      0.000	      1.000	      0.000	      0.000	      0.000	      0.000	      0.000	     -5.226	      0.000	      0.000	
 07/22-11:13	2152.400	2152.400	2147.600	2149.600	           6184	    118.000	   2157.000	   2161.917	   2155.097	   2192.282	           	      0.000	      1.000	      0.000	      0.000	      0.000	      0.000	      0.000	     -7.400	      0.000	      0.000	
 07/22-11:14	2149.800	2153.000	2148.800	2152.600	           3209	    119.000	   2156.788	   2161.767	   2154.560	   2191.932	           	      0.000	      1.000	      0.000	      0.000	      0.000	      0.000	      0.000	     -4.188	      0.000	      0.000	
 07/22-11:15	2152.600	2154.400	2151.000	2152.800	           3176	    120.000	   2156.546	   2161.680	   2154.025	   2191.585	           	      0.000	      1.000	      0.000	      0.000	      0.000	      0.000	      0.000	     -3.746	      0.000	      0.000	
 07/22-11:16	2152.800	2153.800	2151.800	2151.800	           1535	    121.000	   2156.240	   2161.593	   2154.218	   2191.228	           	      0.000	      1.000	      0.000	      0.000	      0.000	      0.000	      0.000	     -4.439	      0.000	      0.000	
 07/22-11:17	2152.000	2154.200	2150.200	2153.800	           2658	    122.000	   2156.021	   2161.560	   2154.345	   2190.875	           	      0.000	      1.000	      0.000	      0.000	      0.000	      0.000	      0.000	     -2.221	      0.000	      0.000	
 07/22-11:18	2153.800	2156.000	2152.000	2153.400	           3200	    123.000	   2155.758	   2161.423	   2154.480	   2190.521	           	      0.000	      1.000	      0.000	      0.000	      0.000	      0.000	      0.000	     -2.358	      0.000	      0.000	
 07/22-11:19	2153.600	2154.400	2151.400	2153.600	           1573	    124.000	   2155.606	   2161.160	   2154.608	   2190.167	           	      0.000	      1.000	      0.000	      0.000	      0.000	      0.000	      0.000	     -2.006	      0.000	      0.000	
 07/22-11:20	2153.600	2153.800	2148.200	2150.200	           4089	    125.000	   2155.319	   2160.860	   2154.711	   2189.797	           	      0.000	      1.000	      0.000	      0.000	      0.000	      0.000	      0.000	     -5.119	      0.000	      0.000	
 07/22-11:21	2150.200	2150.200	2147.400	2148.600	           3069	    126.000	   2155.094	   2160.487	   2154.803	   2189.426	           	      0.000	      1.000	      0.000	      0.000	      0.000	      0.000	      0.000	     -6.494	      0.000	      0.000	
 07/22-11:22	2148.400	2148.800	2146.800	2148.600	           2790	    127.000	   2154.900	   2159.996	   2154.931	   2189.050	           	      0.000	      1.000	      0.000	      0.000	      0.000	      0.000	      0.000	     -6.300	      0.000	      0.000	
 07/22-11:23	2148.200	2151.400	2148.200	2150.000	           2443	    128.000	   2154.773	   2159.563	   2155.068	   2188.681	           	      0.000	      1.000	      0.000	      0.000	      0.000	      0.000	      0.000	     -4.773	      0.000	      0.000	
 07/22-11:24	2149.400	2151.000	2146.800	2149.400	           2985	    129.000	   2154.715	   2159.140	   2155.217	   2188.318	           	      0.000	      1.000	      0.000	      0.000	      0.000	      0.000	      0.000	     -5.315	      0.000	      0.000	
 07/22-11:25	2149.400	2150.200	2148.400	2148.600	           1432	    130.000	   2154.567	   2158.723	   2155.332	   2187.958	           	      0.000	      1.000	      0.000	      0.000	      0.000	      0.000	      0.000	     -5.967	      0.000	      0.000	
 07/22-11:26	2148.600	2149.400	2146.000	2149.200	           3007	    131.000	   2154.481	   2158.297	   2155.442	   2187.594	           	      0.000	      1.000	      0.000	      0.000	      0.000	      0.000	      0.000	     -5.281	      0.000	      0.000	
 07/22-11:27	2149.200	2154.800	2148.200	2153.200	           4396	    132.000	   2154.481	   2157.977	   2155.590	   2187.250	           	      0.000	      1.000	      0.000	      0.000	      0.000	      0.000	      0.000	     -1.281	      0.000	      0.000	
 07/22-11:28	2153.000	2153.800	2152.000	2152.800	           1905	    133.000	   2154.475	   2157.634	   2155.722	   2186.912	           	      0.000	      1.000	      0.000	      0.000	      0.000	      0.000	      0.000	     -1.675	      0.000	      0.000	
 07/22-11:29	2152.400	2153.400	2151.400	2152.400	           1414	    134.000	   2154.360	   2157.333	   2155.870	   2186.567	           	      0.000	      1.000	      0.000	      0.000	      0.000	      0.000	      0.000	     -1.960	      0.000	      0.000	
 07/22-11:30	2152.400	2154.400	2151.800	2153.400	           1818	    135.000	   2154.240	   2157.026	   2156.015	   2186.226	           	      0.000	      1.000	      0.000	      0.000	      0.000	      0.000	      0.000	     -0.840	      0.000	      0.000	
 07/22-13:01	2153.400	2159.400	2153.400	2157.200	           4708	    136.000	   2154.254	   2156.780	   2156.194	   2185.903	           	      0.000	      1.000	      0.000	      0.000	      0.000	      0.000	      0.000	      2.946	      0.000	      0.000	
 07/22-13:02	2157.200	2157.600	2156.000	2156.400	           2025	    137.000	   2154.121	   2156.497	   2156.342	   2185.588	           	      0.000	      1.000	      0.000	      0.000	      0.000	      0.000	      0.000	      2.279	      0.000	      0.000	
 07/22-13:03	2156.600	2157.200	2153.000	2153.200	           2024	    138.000	   2153.813	   2156.263	   2156.473	   2185.259	           	      0.000	      1.000	      0.000	      0.000	      0.000	      0.000	      0.000	     -0.613	      0.000	      0.000	
 07/22-13:04	2153.400	2155.200	2153.200	2154.600	           1554	    139.000	   2153.573	   2156.120	   2156.594	   2184.931	           	      0.000	      1.000	      0.000	      0.000	      0.000	      0.000	      0.000	      1.027	      0.000	      0.000	
 07/22-13:05	2154.600	2154.800	2152.400	2154.200	           1468	    140.000	   2153.333	   2156.007	   2156.715	   2184.592	           	      0.000	      1.000	      0.000	      0.000	      0.000	      0.000	      0.000	      0.867	      0.000	      0.000	
 07/22-13:06	2154.200	2154.200	2151.600	2153.200	           1669	    141.000	   2153.006	   2155.853	   2156.806	   2184.254	           	      0.000	      1.000	      0.000	      0.000	      0.000	      0.000	      0.000	      0.194	      0.000	      0.000	
 07/22-13:07	2153.600	2155.200	2152.600	2155.200	           1392	    142.000	   2152.779	   2155.737	   2156.931	   2183.928	           	      0.000	      1.000	      0.000	      0.000	      0.000	      0.000	      0.000	      2.421	      0.000	      0.000	
 07/22-13:08	2155.800	2157.000	2152.200	2153.200	           2925	    143.000	   2152.548	   2155.591	   2157.042	   2183.591	           	      0.000	      1.000	      0.000	      0.000	      0.000	      0.000	      0.000	      0.652	      0.000	      0.000	
 07/22-13:09	2152.800	2153.400	2149.800	2151.000	           3030	    144.000	   2152.360	   2155.397	   2157.132	   2183.247	           	      0.000	      1.000	      0.000	      0.000	      0.000	      0.000	      0.000	     -1.360	      0.000	      0.000	
 07/22-13:10	2151.000	2151.400	2149.400	2151.400	           2194	    145.000	   2152.327	   2155.286	   2157.197	   2182.908	           	      0.000	      1.000	      0.000	      0.000	      0.000	      0.000	      0.000	     -0.927	      0.000	      0.000	
 07/22-13:11	2151.400	2151.400	2149.200	2150.800	           1843	    146.000	   2152.221	   2155.050	   2157.253	   2182.566	           	      0.000	      1.000	      0.000	      0.000	      0.000	      0.000	      0.000	     -1.421	      0.000	      0.000	
 07/22-13:12	2151.000	2151.600	2150.200	2151.600	           1374	    147.000	   2152.200	   2154.813	   2157.312	   2182.236	           	      0.000	      1.000	      0.000	      0.000	      0.000	      0.000	      0.000	     -0.600	      0.000	      0.000	
 07/22-13:13	2151.200	2152.800	2150.000	2152.600	           2010	    148.000	   2152.300	   2154.650	   2157.378	   2181.908	           	      0.000	      1.000	      0.000	      0.000	      0.000	      0.000	      0.000	      0.300	      0.000	      0.000	
 07/22-13:14	2152.800	2152.800	2150.600	2151.800	           1273	    149.000	   2152.273	   2154.530	   2157.380	   2181.571	           	      0.000	      1.000	      0.000	      0.000	      0.000	      0.000	      0.000	     -0.473	      0.000	      0.000	
 07/22-13:15	2151.400	2152.800	2150.600	2151.600	           1466	    150.000	   2152.233	   2154.390	   2157.363	   2181.237	           	      0.000	      1.000	      0.000	      0.000	      0.000	      0.000	      0.000	     -0.633	      0.000	      0.000	
 07/22-13:16	2151.800	2154.400	2151.600	2151.800	           2437	    151.000	   2152.233	   2154.237	   2157.373	   2180.906	           	      0.000	      1.000	      0.000	      0.000	      0.000	      0.000	      0.000	     -0.433	      0.000	      0.000	
 07/22-13:17	2152.000	2154.800	2152.000	2154.800	           2208	    152.000	   2152.267	   2154.144	   2157.395	   2180.588	           	      0.000	      1.000	      0.000	      0.000	      0.000	      0.000	      0.000	      2.533	      0.000	      0.000	
 07/22-13:18	2154.600	2157.800	2154.400	2157.400	           4868	    153.000	   2152.400	   2154.079	   2157.463	   2180.289	           	      0.000	      1.000	      0.000	      0.000	      0.000	      0.000	      0.000	      5.000	      0.000	      0.000	
 07/22-13:19	2157.600	2157.600	2155.800	2157.400	           2350	    154.000	   2152.527	   2154.067	   2157.517	   2179.986	           	      0.000	      1.000	      0.000	      0.000	      0.000	      0.000	      0.000	      4.873	      0.000	      0.000	
 07/22-13:20	2157.400	2161.000	2156.800	2160.200	           4055	    155.000	   2152.860	   2154.090	   2157.568	   2179.690	           	      0.000	      1.000	      0.000	      0.000	      0.000	      0.000	      0.000	      7.340	      0.000	      0.000	
 07/22-13:21	2160.200	2164.800	2160.000	2164.600	           5920	    156.000	   2153.394	   2154.244	   2157.650	   2179.410	           	      0.000	      1.000	      0.000	      0.000	      0.000	      0.000	      0.000	     11.206	      0.000	      0.000	
 07/22-13:22	2164.400	2164.400	2162.800	2163.400	           3657	    157.000	   2153.887	   2154.394	   2157.735	   2179.120	           	      0.000	      1.000	      0.000	      0.000	      0.000	      0.000	      0.000	      9.512	      0.000	      0.000	
 07/22-13:23	2163.400	2164.000	2162.200	2163.400	           2398	    158.000	   2154.333	   2154.553	   2157.810	   2178.830	           	      0.000	      1.000	      0.000	      0.000	      0.000	      0.000	      0.000	      9.067	      0.000	      0.000	
 07/22-13:24	2163.400	2165.600	2162.200	2162.200	           4407	    159.000	   2154.760	   2154.738	   2157.920	   2178.534	           	      0.000	      1.000	      0.000	      0.000	      0.000	      0.000	      0.000	      7.439	      0.000	      0.000	
 07/22-13:25	2162.400	2164.200	2162.200	2163.600	           2571	    160.000	   2155.260	   2154.914	   2158.035	   2178.241	           	      0.000	      1.000	      0.000	      0.000	      0.000	      0.000	      0.000	      8.340	      0.000	      0.000	
 07/22-13:26	2163.800	2167.800	2163.600	2167.200	           5310	    161.000	   2155.858	   2155.170	   2158.208	   2177.967	           	      0.000	      1.000	      0.000	      0.000	      0.000	      0.000	      0.000	     11.342	      0.000	      0.000	
 07/22-13:27	2167.200	2168.000	2165.200	2165.200	           3589	    162.000	   2156.260	   2155.371	   2158.377	   2177.684	           	      0.000	      1.000	      0.000	      0.000	      0.000	      0.000	      0.000	      8.939	      0.000	      0.000	
 07/22-13:28	2165.000	2165.600	2162.200	2163.600	           4364	    163.000	   2156.619	   2155.547	   2158.517	   2177.401	           	      0.000	      1.000	      0.000	      0.000	      0.000	      0.000	      0.000	      6.981	      0.000	      0.000	
 07/22-13:29	2164.000	2164.400	2162.400	2163.000	           2021	    164.000	   2156.973	   2155.667	   2158.661	   2177.115	           	      0.000	      1.000	      0.000	      0.000	      0.000	      0.000	      0.000	      6.027	      0.000	      0.000	
 07/22-13:30	2163.200	2164.400	2162.600	2163.000	           2185	    165.000	   2157.294	   2155.767	   2158.775	   2176.835	           	      0.000	      1.000	      0.000	      0.000	      0.000	      0.000	      0.000	      5.706	      0.000	      0.000	
 07/22-13:31	2163.200	2164.200	2161.000	2161.000	           2807	    166.000	   2157.419	   2155.836	   2158.865	   2176.550	           	      0.000	      1.000	      0.000	      0.000	      0.000	      0.000	      0.000	      3.581	      0.000	      0.000	
 07/22-13:32	2160.400	2161.200	2159.200	2159.800	           4140	    167.000	   2157.533	   2155.827	   2158.920	   2176.262	           	      0.000	      1.000	      0.000	      0.000	      0.000	      0.000	      0.000	      2.267	      0.000	      0.000	
 07/22-13:33	2160.000	2164.800	2159.800	2164.800	           4009	    168.000	   2157.921	   2155.867	   2159.013	   2175.994	           	      0.000	      1.000	      0.000	      0.000	      0.000	      0.000	      0.000	      6.879	      0.000	      0.000	
 07/22-13:34	2165.000	2168.400	2165.000	2167.800	           6072	    169.000	   2158.360	   2155.967	   2159.137	   2175.741	           	      0.000	      1.000	      0.000	      0.000	      0.000	      0.000	      0.000	      9.440	      0.000	      0.000	
 07/22-13:35	2167.400	2169.000	2165.400	2166.200	           3911	    170.000	   2158.760	   2156.047	   2159.239	   2175.490	           	      0.000	      1.000	      0.000	      0.000	      0.000	      0.000	      0.000	      7.439	      0.000	      0.000	
 07/22-13:36	2166.400	2168.400	2165.000	2166.200	           3073	    171.000	   2159.194	   2156.100	   2159.343	   2175.248	           	      0.000	      1.000	      0.000	      0.000	      0.000	      0.000	      0.000	      7.006	      0.000	      0.000	
 07/22-13:37	2166.000	2170.000	2166.000	2169.000	           3394	    172.000	   2159.654	   2156.217	   2159.402	   2175.016	           	      0.000	      1.000	      0.000	      0.000	      0.000	      0.000	      0.000	      9.346	      0.000	      0.000	
 07/22-13:38	2168.600	2169.000	2162.600	2163.000	           4068	    173.000	   2159.979	   2156.263	   2159.407	   2174.760	           	      0.000	      1.000	      0.000	      0.000	      0.000	      0.000	      0.000	      3.021	      0.000	      0.000	
 07/22-13:39	2162.800	2165.000	2162.000	2164.400	           2509	    174.000	   2160.425	   2156.393	   2159.438	   2174.506	           	      0.000	      1.000	      0.000	      0.000	      0.000	      0.000	      0.000	      3.975	      0.000	      0.000	
 07/22-13:40	2164.600	2164.600	2161.000	2161.000	           3286	    175.000	   2160.746	   2156.536	   2159.458	   2174.237	           	      0.000	      1.000	      0.000	      0.000	      0.000	      0.000	      0.000	      0.254	      0.000	      0.000	
 07/22-13:41	2161.200	2162.000	2160.400	2161.800	           2062	    176.000	   2161.113	   2156.667	   2159.481	   2173.987	           	      0.000	      1.000	      0.000	      0.000	      0.000	      0.000	      0.000	      0.688	      0.000	      0.000	
 07/22-13:42	2161.400	2162.400	2160.400	2161.800	           1870	    177.000	   2161.454	   2156.827	   2159.483	   2173.746	           	      0.000	      1.000	      0.000	      0.000	      0.000	      0.000	      0.000	      0.346	      0.000	      0.000	
 07/22-13:43	2161.800	2161.800	2158.400	2159.600	           3559	    178.000	   2161.688	   2156.994	   2159.455	   2173.490	           	      0.000	      1.000	      0.000	      0.000	      0.000	      0.000	      0.000	     -2.087	      0.000	      0.000	
 07/22-13:44	2159.600	2159.800	2157.200	2158.800	           3013	    179.000	   2161.919	   2157.096	   2159.431	   2173.240	           	      0.000	      1.000	      0.000	      0.000	      0.000	      0.000	      0.000	     -3.119	      0.000	      0.000	
 07/22-13:45	2158.400	2160.400	2158.400	2160.400	           2334	    180.000	   2162.215	   2157.224	   2159.452	   2172.995	           	      0.000	      1.000	      0.000	      0.000	      0.000	      0.000	      0.000	     -1.815	      0.000	      0.000	
 07/22-13:46	2160.400	2161.800	2158.400	2159.600	           3093	    181.000	   2162.473	   2157.353	   2159.473	   2172.746	           	      0.000	      1.000	      0.000	      0.000	      0.000	      0.000	      0.000	     -2.873	      0.000	      0.000	
 07/22-13:47	2159.600	2161.400	2158.800	2160.600	           1512	    182.000	   2162.667	   2157.467	   2159.513	   2172.498	           	      0.000	      1.000	      0.000	      0.000	      0.000	      0.000	      0.000	     -2.067	      0.000	      0.000	
 07/22-13:48	2160.800	2162.000	2159.600	2159.600	           1602	    183.000	   2162.742	   2157.571	   2159.497	   2172.242	           	      0.000	      1.000	      0.000	      0.000	      0.000	      0.000	      0.000	     -3.142	      0.000	      0.000	
 07/22-13:49	2159.800	2161.800	2159.000	2161.800	           1716	    184.000	   2162.885	   2157.706	   2159.433	   2171.991	           	      0.000	      1.000	      0.000	      0.000	      0.000	      0.000	      0.000	     -1.085	      0.000	      0.000	
 07/22-13:50	2162.400	2164.000	2158.200	2158.800	           4692	    185.000	   2162.840	   2157.850	   2159.355	   2171.729	           	      0.000	      1.000	      0.000	      0.000	      0.000	      0.000	      0.000	     -4.040	      0.000	      0.000	
 07/22-13:51	2159.200	2160.800	2157.800	2158.000	           3040	    186.000	   2162.619	   2158.006	   2159.247	   2171.468	           	      0.000	      1.000	      0.000	      0.000	      0.000	      0.000	      0.000	     -4.619	      0.000	      0.000	
 07/22-13:52	2157.600	2159.400	2154.800	2154.800	           4438	    187.000	   2162.333	   2158.110	   2159.053	   2171.198	           	      0.000	      1.000	      0.000	      0.000	      0.000	      0.000	      0.000	     -7.533	      0.000	      0.000	
 07/22-13:53	2154.600	2156.400	2153.400	2155.800	           4083	    188.000	   2162.081	   2158.207	   2158.885	   2170.931	           	      0.000	      1.000	      0.000	      0.000	      0.000	      0.000	      0.000	     -6.281	      0.000	      0.000	
 07/22-13:54	2155.600	2157.200	2155.000	2156.600	           2343	    189.000	   2161.892	   2158.326	   2158.733	   2170.666	           	      0.000	      1.000	      0.000	      0.000	      0.000	      0.000	      0.000	     -5.292	      0.000	      0.000	
 07/22-13:55	2156.400	2161.200	2156.200	2160.200	           3713	    190.000	   2161.781	   2158.521	   2158.622	   2170.418	           	      0.000	      1.000	      0.000	      0.000	      0.000	      0.000	      0.000	     -1.581	      0.000	      0.000	
 07/22-13:56	2160.000	2164.600	2160.000	2162.200	           4946	    191.000	   2161.615	   2158.737	   2158.517	   2170.182	           	      0.000	      1.000	      0.000	      0.000	      0.000	      0.000	      0.000	      0.585	      0.000	      0.000	
 07/22-13:57	2162.800	2165.200	2162.400	2163.200	           3271	    192.000	   2161.546	   2158.903	   2158.440	   2169.951	           	      0.000	      1.000	      0.000	      0.000	      0.000	      0.000	      0.000	      1.654	      0.000	      0.000	
 07/22-13:58	2163.400	2164.000	2162.400	2163.200	           1738	    193.000	   2161.533	   2159.076	   2158.355	   2169.714	           	      0.000	      1.000	      0.000	      0.000	      0.000	      0.000	      0.000	      1.667	      0.000	      0.000	
 07/22-13:59	2163.600	2165.000	2161.600	2163.200	           2660	    194.000	   2161.540	   2159.256	   2158.295	   2169.478	           	      0.000	      1.000	      0.000	      0.000	      0.000	      0.000	      0.000	      1.660	      0.000	      0.000	
 07/22-14:00	2163.000	2164.400	2162.000	2163.800	           1890	    195.000	   2161.567	   2159.430	   2158.228	   2169.245	           	      0.000	      1.000	      0.000	      0.000	      0.000	      0.000	      0.000	      2.233	      0.000	      0.000	
 07/22-14:01	2164.000	2165.400	2163.000	2164.600	           2806	    196.000	   2161.688	   2159.553	   2158.167	   2169.018	           	      0.000	      1.000	      0.000	      0.000	      0.000	      0.000	      0.000	      2.913	      0.000	      0.000	
 07/22-14:02	2164.800	2164.800	2160.800	2161.400	           3088	    197.000	   2161.740	   2159.636	   2158.067	   2168.781	           	      0.000	      1.000	      0.000	      0.000	      0.000	      0.000	      0.000	     -0.340	      0.000	      0.000	
 07/22-14:03	2161.200	2163.600	2160.600	2162.600	           2218	    198.000	   2161.667	   2159.794	   2158.028	   2168.559	           	      0.000	      1.000	      0.000	      0.000	      0.000	      0.000	      0.000	      0.933	      0.000	      0.000	
 07/22-14:04	2162.800	2166.200	2161.800	2164.400	           3721	    199.000	   2161.552	   2159.956	   2158.038	   2168.343	           	      0.000	      1.000	      0.000	      0.000	      0.000	      0.000	      0.000	      2.848	      0.000	      0.000	
 07/22-14:05	2164.400	2164.600	2160.400	2163.000	           2964	    200.000	   2161.446	   2160.103	   2158.055	   2168.118	           	      0.000	      1.000	      0.000	      0.000	      0.000	      0.000	      0.000	      1.554	      0.000	      0.000	
 07/22-14:06	2163.200	2165.000	2161.600	2162.200	           2383	    201.000	   2161.313	   2160.253	   2158.053	   2167.884	           	      0.000	      1.000	      0.000	      0.000	      0.000	      0.000	      0.000	      0.887	      0.000	      0.000	
 07/22-14:07	2162.200	2167.000	2161.600	2165.600	           3425	    202.000	   2161.200	   2160.427	   2158.082	   2167.667	           	      0.000	      1.000	      0.000	      0.000	      0.000	      0.000	      0.000	      4.400	      0.000	      0.000	
 07/22-14:08	2165.600	2166.600	2164.600	2165.200	           2347	    203.000	   2161.273	   2160.626	   2158.108	   2167.449	           	      0.000	      1.000	      0.000	      0.000	      0.000	      0.000	      0.000	      3.927	      0.000	      0.000	
 07/22-14:09	2165.200	2165.200	2162.800	2164.000	           2619	    204.000	   2161.260	   2160.843	   2158.120	   2167.229	           	      0.000	      1.000	      0.000	      0.000	      0.000	      0.000	      0.000	      2.740	      0.000	      0.000	
 07/22-14:10	2163.800	2164.200	2158.000	2158.400	           5389	    205.000	   2161.175	   2160.960	   2158.124	   2166.983	           	      0.000	      1.000	      0.000	      0.000	      0.000	      0.000	      0.000	     -2.775	      0.000	      0.000	
 07/22-14:11	2158.600	2160.000	2157.200	2159.800	           3255	    206.000	   2161.106	   2161.109	   2158.080	   2166.747	           	      0.000	      1.000	      0.000	      0.000	      0.000	      0.000	      0.000	     -1.306	      0.000	      0.000	
 07/22-14:12	2159.800	2161.200	2158.400	2158.400	           2251	    207.000	   2160.994	   2161.224	   2158.019	   2166.507	           	      0.000	      1.000	      0.000	      0.000	      0.000	      0.000	      0.000	     -2.594	      0.000	      0.000	
 07/22-14:13	2158.400	2160.200	2158.400	2158.600	           1771	    208.000	   2160.958	   2161.323	   2157.987	   2166.265	           	      0.000	      1.000	      0.000	      0.000	      0.000	      0.000	      0.000	     -2.358	      0.000	      0.000	
 07/22-14:14	2158.800	2158.800	2155.200	2156.000	           3893	    209.000	   2160.867	   2161.393	   2157.961	   2166.013	           	      0.000	      1.000	      0.000	      0.000	      0.000	      0.000	      0.000	     -4.867	      0.000	      0.000	
 07/22-14:15	2155.800	2156.800	2155.000	2156.400	           2858	    210.000	   2160.733	   2161.474	   2157.932	   2165.765	           	      0.000	      1.000	      0.000	      0.000	      0.000	      0.000	      0.000	     -4.333	      0.000	      0.000	
 07/22-14:16	2156.600	2158.600	2156.000	2157.600	           2690	    211.000	   2160.667	   2161.570	   2157.903	   2165.518	           	      0.000	      1.000	      0.000	      0.000	      0.000	      0.000	      0.000	     -3.067	      0.000	      0.000	
 07/22-14:17	2157.400	2158.400	2156.800	2157.200	           1688	    212.000	   2160.554	   2161.610	   2157.877	   2165.270	           	      0.000	      1.000	      0.000	      0.000	      0.000	      0.000	      0.000	     -3.354	      0.000	      0.000	
 07/22-14:18	2157.400	2159.600	2157.200	2158.800	           2078	    213.000	   2160.525	   2161.633	   2157.856	   2165.026	           	      0.000	      1.000	      0.000	      0.000	      0.000	      0.000	      0.000	     -1.725	      0.000	      0.000	
 07/22-14:19	2159.000	2159.400	2157.800	2159.000	           1286	    214.000	   2160.433	   2161.659	   2157.863	   2164.786	           	      0.000	      1.000	      0.000	      0.000	      0.000	      0.000	      0.000	     -1.433	      0.000	      0.000	
 07/22-14:20	2158.600	2163.600	2158.600	2162.600	           3596	    215.000	   2160.560	   2161.700	   2157.895	   2164.562	           	      0.000	      1.000	      0.000	      0.000	      0.000	      0.000	      0.000	      2.040	      0.000	      0.000	
 07/22-14:21	2162.600	2164.400	2162.200	2163.200	           3590	    216.000	   2160.733	   2161.676	   2157.960	   2164.340	           	      0.000	      1.000	      0.000	      0.000	      0.000	      0.000	      0.000	      2.467	      0.000	      0.000	
 07/22-14:22	2163.000	2165.000	2162.600	2165.000	           3059	    217.000	   2161.073	   2161.703	   2158.048	   2164.125	           	      0.000	      1.000	      0.000	      0.000	      0.000	      0.000	      0.000	      3.927	      0.000	      0.000	
 07/22-14:23	2164.600	2168.200	2163.800	2166.800	           4609	    218.000	   2161.440	   2161.760	   2158.157	   2163.919	           	      0.000	      1.000	      0.000	      0.000	      0.000	      0.000	      0.000	      5.360	      0.000	      0.000	
 07/22-14:24	2166.800	2168.600	2165.600	2167.400	           4053	    219.000	   2161.800	   2161.846	   2158.292	   2163.716	           	      0.000	      1.000	      0.000	      0.000	      0.000	      0.000	      0.000	      5.600	      0.000	      0.000	
 07/22-14:25	2168.400	2171.800	2167.400	2171.400	           5469	    220.000	   2162.173	   2161.977	   2158.445	   2163.531	           	      0.000	      1.000	      0.000	      0.000	      0.000	      0.000	      0.000	      9.227	      0.000	      0.000	
 07/22-14:26	2171.200	2173.800	2169.800	2169.800	           6007	    221.000	   2162.427	   2162.021	   2158.595	   2163.338	           	      0.000	      1.000	      0.000	      0.000	      0.000	      0.000	      0.000	      7.373	      0.000	      0.000	
 07/22-14:27	2170.000	2170.600	2168.800	2170.000	           3410	    222.000	   2162.654	   2162.100	   2158.735	   2163.147	           	      0.000	      1.000	      0.000	      0.000	      0.000	      0.000	      0.000	      7.346	      0.000	      0.000	
 07/22-14:28	2170.000	2170.800	2167.800	2170.000	           3327	    223.000	   2162.881	   2162.207	   2158.877	   2162.956	           	      0.000	      1.000	      0.000	      0.000	      0.000	      0.000	      0.000	      7.119	      0.000	      0.000	
 07/22-14:29	2170.200	2171.000	2167.400	2168.400	           3098	    224.000	   2163.054	   2162.297	   2158.982	   2162.760	           	      0.000	      1.000	      0.000	      0.000	      0.000	      0.000	      0.000	      5.346	      0.000	      0.000	
 07/22-14:30	2168.600	2174.000	2168.400	2173.400	           5043	    225.000	   2163.373	   2162.470	   2159.118	   2162.582	           	      0.000	      1.000	      0.000	      0.000	      0.000	      0.000	      0.000	     10.027	      0.000	      0.000	
 07/22-14:31	2173.200	2173.400	2168.400	2169.400	           3962	    226.000	   2163.533	   2162.610	   2159.223	   2162.390	           	      0.000	      1.000	      0.000	      0.000	      0.000	      0.000	      0.000	      5.866	      0.000	      0.000	
 07/22-14:32	2168.800	2169.400	2166.400	2167.800	           3072	    227.000	   2163.748	   2162.744	   2159.285	   2162.191	           	      0.000	      1.000	      0.000	      0.000	      0.000	      0.000	      0.000	      4.052	      0.000	      0.000	
 07/22-14:33	2168.000	2171.000	2167.600	2169.400	           2314	    228.000	   2163.973	   2162.820	   2159.343	   2161.999	           	      0.000	      1.000	      0.000	      0.000	      0.000	      0.000	      0.000	      5.427	      0.000	      0.000	
 07/22-14:34	2169.800	2173.000	2168.400	2171.000	           3487	    229.000	   2164.194	   2162.873	   2159.420	   2161.814	           	      0.000	      1.000	      0.000	      0.000	      0.000	      0.000	      0.000	      6.806	      0.000	      0.000	
 07/22-14:35	2171.400	2173.200	2170.400	2172.200	           2855	    230.000	   2164.500	   2162.973	   2159.510	   2161.634	           	      0.000	      1.000	      0.000	      0.000	      0.000	      0.000	      0.000	      7.700	      0.000	      0.000	
 07/22-14:36	2172.200	2173.400	2169.600	2172.000	           2694	    231.000	   2164.827	   2163.070	   2159.585	   2161.453	           	      0.000	      1.000	      0.000	      0.000	      0.000	      0.000	      0.000	      7.173	      0.000	      0.000	
 07/22-14:37	2171.800	2175.600	2171.200	2172.400	           4749	    232.000	   2165.054	   2163.127	   2159.672	   2161.274	           	      0.000	      1.000	      0.000	      0.000	      0.000	      0.000	      0.000	      7.346	      0.000	      0.000	
 07/22-14:38	2172.400	2172.400	2169.200	2171.200	           3847	    233.000	   2165.254	   2163.263	   2159.763	   2161.092	           	      0.000	      1.000	      0.000	      0.000	      0.000	      0.000	      0.000	      5.946	      0.000	      0.000	
 07/22-14:39	2171.000	2171.000	2168.600	2169.600	           2485	    234.000	   2165.440	   2163.350	   2159.871	   2160.903	           	      0.000	      1.000	      0.000	      0.000	      0.000	      0.000	      0.000	      4.160	      0.000	      0.000	
 07/22-14:40	2169.800	2169.800	2167.000	2168.200	           3185	    235.000	   2165.767	   2163.471	   2160.004	   2160.709	           	      0.000	      1.000	      0.000	      0.000	      0.000	      0.000	      0.000	      2.433	      0.000	      0.000	
 07/22-14:41	2168.000	2171.800	2167.800	2171.400	           2780	    236.000	   2166.154	   2163.630	   2160.148	   2160.526	           	      0.000	      1.000	      0.000	      0.000	      0.000	      0.000	      0.000	      5.246	      0.000	      0.000	
 07/22-14:42	2171.800	2172.600	2169.200	2171.600	           2903	    237.000	   2166.594	   2163.794	   2160.310	   2160.345	           	      0.000	      1.000	      0.000	      0.000	      0.000	      0.000	      0.000	      5.006	      0.000	      0.000	
 07/22-14:43	2171.400	2173.000	2171.200	2173.000	           2182	    238.000	   2167.075	   2164.017	   2160.505	   2160.169	           	      0.000	      1.000	      0.000	      0.000	      0.000	      0.000	      0.000	      5.925	      0.000	      0.000	
 07/22-14:44	2172.600	2172.600	2169.200	2171.000	           2629	    239.000	   2167.575	   2164.221	   2160.658	   2159.985	           	      0.000	      1.000	      0.000	      0.000	      0.000	      0.000	      0.000	      3.425	      0.000	      0.000	
 07/22-14:45	2171.400	2173.800	2170.600	2172.800	           2807	    240.000	   2168.119	   2164.426	   2160.825	   2159.808	           	      0.000	      1.000	      0.000	      0.000	      0.000	      0.000	      0.000	      4.681	      0.000	      0.000	
 07/22-14:46	2172.800	2177.800	2172.400	2175.200	           5494	    241.000	   2168.708	   2164.688	   2161.020	   2159.641	           	      0.000	      1.000	      0.000	      0.000	      0.000	      0.000	      0.000	      6.492	      0.000	      0.000	
 07/22-14:47	2175.000	2176.600	2173.800	2174.200	           2794	    242.000	   2169.273	   2164.914	   2161.190	   2159.470	           	      0.000	      1.000	      0.000	      0.000	      0.000	      0.000	      0.000	      4.927	      0.000	      0.000	
 07/22-14:48	2175.000	2175.000	2173.600	2174.800	           1892	    243.000	   2169.808	   2165.167	   2161.369	   2159.301	           	      0.000	      1.000	      0.000	      0.000	      0.000	      0.000	      0.000	      4.992	      0.000	      0.000	
 07/22-14:49	2174.800	2175.800	2172.800	2174.000	           2531	    244.000	   2170.308	   2165.371	   2161.539	   2159.129	           	      0.000	      1.000	      0.000	      0.000	      0.000	      0.000	      0.000	      3.692	      0.000	      0.000	
 07/22-14:50	2174.000	2175.200	2173.200	2174.400	           1669	    245.000	   2170.700	   2165.630	   2161.740	   2158.958	           	      0.000	      1.000	      0.000	      0.000	      0.000	      0.000	      0.000	      3.700	      0.000	      0.000	
 07/22-14:51	2174.400	2174.800	2171.400	2171.600	           3248	    246.000	   2170.981	   2165.857	   2161.932	   2158.777	           	      0.000	      1.000	      0.000	      0.000	      0.000	      0.000	      0.000	      0.619	      0.000	      0.000	
 07/22-14:52	2171.600	2174.400	2171.600	2173.400	           2580	    247.000	   2171.260	   2166.167	   2162.138	   2158.602	           	      0.000	      1.000	      0.000	      0.000	      0.000	      0.000	      0.000	      2.139	      0.000	      0.000	
 07/22-14:53	2173.400	2174.000	2172.400	2174.000	           1675	    248.000	   2171.500	   2166.470	   2162.339	   2158.430	           	      0.000	      1.000	      0.000	      0.000	      0.000	      0.000	      0.000	      2.500	      0.000	      0.000	
 07/22-14:54	2173.800	2175.000	2172.400	2175.000	           1924	    249.000	   2171.754	   2166.777	   2162.552	   2158.262	           	      0.000	      1.000	      0.000	      0.000	      0.000	      0.000	      0.000	      3.246	      0.000	      0.000	
 07/22-14:55	2175.600	2175.800	2173.000	2173.600	           1719	    250.000	   2171.827	   2167.000	   2162.760	   2158.089	           	      0.000	      1.000	      0.000	      0.000	      0.000	      0.000	      0.000	      1.773	      0.000	      0.000	
 07/22-14:56	2173.600	2173.600	2172.000	2172.400	           2084	    251.000	   2171.913	   2167.170	   2162.953	   2158.264	           	      0.000	      1.000	      0.000	      0.000	      0.000	      0.000	      0.000	      0.487	      0.000	      0.000	
 07/22-14:57	2172.600	2173.400	2171.600	2172.400	           1690	    252.000	   2171.992	   2167.323	   2163.113	   2158.399	           	      0.000	      0.000	      1.000	      0.000	      0.000	      0.000	      0.000	      0.408	      0.000	      0.000	
 07/22-14:58	2172.400	2174.600	2172.400	2174.000	           1609	    253.000	   2172.125	   2167.503	   2163.290	   2158.546	           	      1.000	      0.000	      0.000	      0.000	      0.000	      0.000	      0.000	      1.875	      0.000	      0.000	
 07/22-14:59	2174.000	2174.400	2173.000	2173.200	           1045	    254.000	   2172.288	   2167.671	   2163.464	   2158.687	           	      1.000	      0.000	      0.000	      0.000	      0.000	      0.000	      0.000	      0.912	      0.000	      0.000	
 07/22-15:00	2173.400	2173.400	2172.000	2172.400	           1576	    255.000	   2172.254	   2167.813	   2163.622	   2158.825	           	      1.000	      0.000	      0.000	      0.000	      0.000	      0.000	      0.000	      0.146	      0.000	      0.000	
 07/22-15:01	2172.400	2173.400	2171.600	2173.200	           1854	    256.000	   2172.379	   2167.956	   2163.755	   2158.967	           	      1.000	      0.000	      0.000	      0.000	      0.000	      0.000	      0.000	      0.821	      0.000	      0.000	
 07/22-15:02	2173.200	2174.400	2172.600	2173.800	           1641	    257.000	   2172.579	   2168.164	   2163.900	   2159.130	           	      1.000	      0.000	      0.000	      0.000	      0.000	      0.000	      0.000	      1.221	      0.000	      0.000	
 07/22-15:03	2174.000	2174.000	2173.200	2173.400	            882	    258.000	   2172.712	   2168.343	   2164.068	   2159.289	           	      1.000	      0.000	      0.000	      0.000	      0.000	      0.000	      0.000	      0.688	      0.000	      0.000	
 07/22-15:04	2173.400	2173.400	2172.000	2172.000	           1463	    259.000	   2172.746	   2168.470	   2164.213	   2159.450	           	      1.000	      0.000	      0.000	      0.000	      0.000	      0.000	      0.000	     -0.746	      0.000	      0.000	
 07/22-15:05	2172.000	2172.600	2170.600	2172.200	           2454	    260.000	   2172.748	   2168.624	   2164.364	   2159.600	           	      1.000	      0.000	      0.000	      0.000	      0.000	      0.000	      0.000	     -0.548	      0.000	      0.000	
 07/22-15:06	2172.000	2172.400	2171.400	2171.400	           1009	    261.000	   2172.727	   2168.777	   2164.515	   2159.742	           	      1.000	      0.000	      0.000	      0.000	      0.000	      0.000	      0.000	     -1.327	      0.000	      0.000	
 07/22-15:07	2171.400	2172.200	2170.600	2171.800	           1656	    262.000	   2172.706	   2168.880	   2164.654	   2159.887	           	      1.000	      0.000	      0.000	      0.000	      0.000	      0.000	      0.000	     -0.906	      0.000	      0.000	
 07/22-15:08	2171.600	2172.000	2171.000	2171.400	            829	    263.000	   2172.712	   2168.983	   2164.805	   2160.025	           	      1.000	      0.000	      0.000	      0.000	      0.000	      0.000	      0.000	     -1.313	      0.000	      0.000	
 07/22-15:09	2171.400	2171.800	2170.600	2170.800	           1738	    264.000	   2172.754	   2169.097	   2164.970	   2160.170	           	      1.000	      0.000	      0.000	      0.000	      0.000	      0.000	      0.000	     -1.954	      0.000	      0.000	
 07/22-15:10	2170.800	2171.000	2169.600	2169.600	           2838	    265.000	   2172.800	   2169.283	   2165.122	   2160.304	           	      1.000	      0.000	      0.000	      0.000	      0.000	      0.000	      0.000	     -3.200	      0.000	      0.000	
 07/22-15:11	2170.000	2170.800	2169.600	2169.800	           1255	    266.000	   2172.746	   2169.450	   2165.280	   2160.440	           	      1.000	      0.000	      0.000	      0.000	      0.000	      0.000	      0.000	     -2.946	      0.000	      0.000	
 07/22-15:12	2169.600	2170.200	2169.600	2169.600	           1033	    267.000	   2172.679	   2169.636	   2165.430	   2160.564	           	      1.000	      0.000	      0.000	      0.000	      0.000	      0.000	      0.000	     -3.079	      0.000	      0.000	
 07/22-15:13	2169.800	2169.800	2168.600	2168.800	           2281	    268.000	   2172.540	   2169.807	   2165.565	   2160.690	           	      1.000	      0.000	      0.000	      0.000	      0.000	      0.000	      0.000	     -3.740	      0.000	      0.000	
 07/22-15:14	2168.800	2169.400	2168.000	2168.200	           2584	    269.000	   2172.446	   2170.010	   2165.702	   2160.802	           	      1.000	      0.000	      0.000	      0.000	      0.000	      0.000	      0.000	     -4.246	      0.000	      0.000	
 07/22-15:15	2168.200	2171.600	2167.800	2171.600	           3321	    270.000	   2172.408	   2170.263	   2165.869	   2160.930	           	      1.000	      0.000	      0.000	      0.000	      0.000	      0.000	      0.000	     -0.808	      0.000	      0.000	