 07/30-09:16	2158.000	2163.600	2157.800	2159.400	           8331	      1.000	   2146.946	   2142.650	   2141.983	   2146.299	           	      0.000	      0.000	      1.000	      0.000	      0.000	      0.000	      0.000	     12.454	      0.000	      0.000	      0.000	
 07/30-09:17	2159.400	2161.000	2158.800	2159.200	           2737	      2.000	   2147.500	   2142.967	   2142.067	   2146.281	           	      0.000	      0.000	      1.000	      0.000	      0.000	      0.000	      0.000	     11.700	      0.000	      0.000	      0.000	
 07/30-09:18	2159.000	2159.400	2157.400	2159.400	           2373	      3.000	   2148.075	   2143.288	   2142.130	   2146.290	           	      0.000	      0.000	      1.000	      0.000	      0.000	      0.000	      0.000	     11.325	      0.000	      0.000	      0.000	
 07/30-09:19	2159.600	2160.000	2155.800	2156.400	           2738	      4.000	   2148.567	   2143.544	   2142.172	   2146.280	           	      0.000	      0.000	      1.000	      0.000	      0.000	      0.000	      0.000	      7.833	      0.000	      0.000	      0.000	
 07/30-09:20	2156.200	2158.600	2156.000	2158.000	           2147	      5.000	   2149.188	   2143.823	   2142.222	   2146.313	           	      0.000	      0.000	      1.000	      0.000	      0.000	      0.000	      0.000	      8.813	      0.000	      0.000	      0.000	
 07/30-09:21	2158.000	2158.800	2156.000	2158.800	           1678	      6.000	   2149.817	   2144.127	   2142.263	   2146.343	           	      0.000	      0.000	      1.000	      0.000	      0.000	      0.000	      0.000	      8.983	      0.000	      0.000	      0.000	
 07/30-09:22	2158.800	2160.200	2158.200	2158.600	           2109	      7.000	   2150.446	   2144.452	   2142.320	   2146.375	           	      0.000	      0.000	      1.000	      0.000	      0.000	      0.000	      0.000	      8.154	      0.000	      0.000	      0.000	
 07/30-09:23	2158.200	2159.800	2157.600	2159.200	           1076	      8.000	   2151.054	   2144.840	   2142.381	   2146.417	           	      0.000	      0.000	      1.000	      0.000	      0.000	      0.000	      0.000	      8.146	      0.000	      0.000	      0.000	
 07/30-09:24	2159.000	2161.200	2158.000	2161.200	           1573	      9.000	   2151.717	   2145.258	   2142.454	   2146.460	           	      0.000	      0.000	      1.000	      0.000	      0.000	      0.000	      0.000	      9.483	      0.000	      0.000	      0.000	
 07/30-09:25	2161.200	2163.800	2157.600	2158.400	           4121	     10.000	   2152.267	   2145.637	   2142.499	   2146.518	           	      1.000	      0.000	      0.000	      0.000	      0.000	      1.000	      0.000	      6.133	      0.000	      0.000	      0.000	
 07/30-09:26	2158.000	2166.800	2158.000	2166.800	           3372	     11.000	   2153.092	   2146.167	   2142.625	   2146.594	           	      1.000	      0.000	      0.000	      0.000	      0.000	      0.000	      0.000	     13.708	      0.000	      0.000	      0.000	
 07/30-09:27	2166.400	2168.800	2162.600	2168.200	           5923	     12.000	   2153.967	   2146.706	   2142.760	   2146.669	           	      1.000	      0.000	      0.000	      0.000	      0.000	      0.000	      0.000	     14.233	      0.000	      0.000	      0.000	
 07/30-09:28	2168.400	2173.000	2168.400	2169.800	           6712	     13.000	   2154.925	   2147.296	   2142.909	   2146.760	           	      1.000	      0.000	      0.000	      0.000	      0.000	      0.000	      0.000	     14.875	      1.000	      0.000	      0.000	
 07/30-09:29	2170.000	2170.400	2168.000	2169.000	           2404	     14.000	   2155.858	   2147.896	   2143.063	   2146.843	           	      1.000	      0.000	      0.000	      0.000	      0.000	      0.000	      0.000	     13.142	      0.000	      0.000	      0.000	
 07/30-09:30	2168.800	2173.600	2165.600	2167.400	           5985	     15.000	   2156.704	   2148.458	   2143.209	   2146.920	           	      1.000	      0.000	      0.000	      0.000	      0.000	      0.000	      0.000	     10.696	      0.000	      0.000	      0.000	
 07/30-09:31	2167.200	2171.400	2166.800	2167.400	           3421	     16.000	   2157.508	   2148.992	   2143.371	   2147.031	           	      1.000	      0.000	      0.000	      0.000	      0.000	      0.000	      0.000	      9.892	      0.000	      0.000	      0.000	
 07/30-09:32	2167.600	2168.400	2166.600	2168.400	           2268	     17.000	   2158.308	   2149.556	   2143.547	   2147.139	           	      1.000	      0.000	      0.000	      0.000	      0.000	      0.000	      0.000	     10.092	      0.000	      0.000	      0.000	
 07/30-09:33	2168.200	2169.400	2165.800	2167.800	           2893	     18.000	   2159.071	   2150.083	   2143.737	   2147.242	           	      1.000	      0.000	      0.000	      0.000	      0.000	      0.000	      0.000	      8.729	      0.000	      0.000	      0.000	
 07/30-09:34	2167.600	2168.000	2160.600	2162.000	           6359	     19.000	   2159.667	   2150.485	   2143.875	   2147.333	           	      1.000	      0.000	      0.000	      0.000	      0.000	      0.000	      0.000	      2.333	      0.000	      0.000	      0.000	
 07/30-09:35	2162.600	2163.400	2160.600	2161.600	           3933	     20.000	   2160.225	   2150.850	   2144.036	   2147.385	           	      1.000	      0.000	      0.000	      0.000	      0.000	      0.000	      0.000	      1.375	      0.000	      0.000	      0.000	
 07/30-09:36	2161.400	2162.000	2158.000	2161.200	           4914	     21.000	   2160.783	   2151.215	   2144.275	   2147.431	           	      1.000	      0.000	      0.000	      0.000	      0.000	      0.000	      0.000	      0.417	      0.000	      0.000	      0.000	
 07/30-09:37	2161.000	2163.600	2160.800	2163.000	           2875	     22.000	   2161.350	   2151.583	   2144.525	   2147.468	           	      1.000	      0.000	      0.000	      0.000	      0.000	      0.000	      0.000	      1.650	      0.000	      0.000	      0.000	
 07/30-09:38	2163.200	2164.800	2162.600	2162.600	           3248	     23.000	   2161.712	   2151.962	   2144.767	   2147.515	           	      1.000	      0.000	      0.000	      0.000	      0.000	      0.000	      0.000	      0.888	      0.000	      0.000	      0.000	
 07/30-09:39	2162.800	2166.400	2161.600	2164.600	           3644	     24.000	   2162.113	   2152.352	   2145.034	   2147.573	           	      1.000	      0.000	      0.000	      0.000	      0.000	      0.000	      0.000	      2.488	      0.000	      0.000	      0.000	
 07/30-09:40	2164.600	2169.000	2164.400	2166.000	           4091	     25.000	   2162.479	   2152.760	   2145.305	   2147.642	           	      1.000	      0.000	      0.000	      0.000	      0.000	      0.000	      0.000	      3.521	      0.000	      0.000	      0.000	
 07/30-09:41	2165.600	2166.200	2159.600	2162.000	           4489	     26.000	   2162.600	   2153.119	   2145.530	   2147.699	           	      1.000	      0.000	      0.000	      0.000	      0.000	      0.000	      0.000	     -0.600	      0.000	      0.000	      0.000	
 07/30-09:42	2162.000	2162.000	2159.800	2161.000	           3283	     27.000	   2162.721	   2153.469	   2145.759	   2147.759	           	      1.000	      0.000	      0.000	      0.000	      0.000	      0.000	      0.000	     -1.721	      0.000	      0.000	      0.000	
 07/30-09:43	2160.600	2165.800	2160.400	2160.800	           3789	     28.000	   2162.733	   2153.815	   2145.994	   2147.811	           	      1.000	      0.000	      0.000	      0.000	      0.000	      0.000	      0.000	     -1.933	      0.000	      0.000	      0.000	
 07/30-09:44	2160.800	2162.000	2158.600	2159.400	           2748	     29.000	   2162.708	   2154.133	   2146.222	   2147.858	           	      1.000	      0.000	      0.000	      0.000	      0.000	      0.000	      0.000	     -3.308	      0.000	      0.000	      0.000	
 07/30-09:45	2159.400	2161.800	2159.200	2161.800	           2296	     30.000	   2162.646	   2154.490	   2146.492	   2147.902	           	      1.000	      0.000	      0.000	      0.000	      0.000	      0.000	      0.000	     -0.846	      0.000	      0.000	      0.000	
 07/30-09:46	2161.800	2162.200	2154.000	2157.200	           7733	     31.000	   2162.575	   2154.760	   2146.702	   2147.955	           	      1.000	      0.000	      0.000	      0.000	      0.000	      0.000	      0.000	     -5.375	      0.000	      0.000	      0.000	
 07/30-09:47	2157.200	2157.800	2156.200	2156.400	           2807	     32.000	   2162.479	   2154.990	   2146.902	   2147.999	           	      1.000	      0.000	      0.000	      0.000	      0.000	      0.000	      0.000	     -6.079	      0.000	      0.000	      0.000	
 07/30-09:48	2156.400	2157.000	2155.400	2156.400	           2415	     33.000	   2162.379	   2155.227	   2147.093	   2148.018	           	      1.000	      0.000	      0.000	      0.000	      0.000	      0.000	      0.000	     -5.979	      0.000	      0.000	      0.000	
 07/30-09:49	2156.000	2159.600	2155.800	2158.600	           3395	     34.000	   2162.454	   2155.510	   2147.292	   2148.049	           	      0.000	      0.000	      1.000	      0.000	      0.000	      0.000	      0.000	     -3.854	      0.000	      0.000	      0.000	
 07/30-09:50	2158.800	2159.200	2155.000	2156.600	           3270	     35.000	   2162.408	   2155.798	   2147.499	   2148.074	           	      0.000	      0.000	      1.000	      0.000	      0.000	      0.000	      0.000	     -5.808	      0.000	      0.000	      0.000	
 07/30-09:51	2155.600	2157.400	2155.000	2156.000	           2640	     36.000	   2162.313	   2156.065	   2147.699	   2148.100	           	      0.000	      0.000	      1.000	      0.000	      0.000	      0.000	      0.000	     -6.313	      0.000	      0.000	      0.000	
 07/30-09:52	2156.000	2161.600	2154.800	2161.600	           4532	     37.000	   2162.417	   2156.431	   2147.944	   2148.138	           	      0.000	      0.000	      1.000	      0.000	      0.000	      0.000	      0.000	     -0.817	      0.000	      0.000	      0.000	
 07/30-09:53	2161.800	2162.400	2159.600	2160.000	           4821	     38.000	   2162.442	   2156.748	   2148.164	   2148.168	           	      0.000	      0.000	      1.000	      0.000	      0.000	      0.000	      0.000	     -2.442	      0.000	      0.000	      0.000	
 07/30-09:54	2159.600	2162.200	2159.200	2159.200	           2883	     39.000	   2162.371	   2157.044	   2148.372	   2148.198	           	      0.000	      0.000	      1.000	      0.000	      0.000	      0.000	      0.000	     -3.171	      0.000	      0.000	      0.000	
 07/30-09:55	2159.400	2161.200	2158.200	2158.600	           2397	     40.000	   2162.379	   2157.323	   2148.510	   2148.229	           	      0.000	      0.000	      1.000	      0.000	      0.000	      0.000	      0.000	     -3.779	      0.000	      0.000	      0.000	
 07/30-09:56	2158.600	2159.600	2157.000	2157.600	           2184	     41.000	   2162.075	   2157.583	   2148.627	   2148.252	           	      0.000	      0.000	      1.000	      0.000	      0.000	      0.000	      0.000	     -4.475	      0.000	      0.000	      0.000	
 07/30-09:57	2157.600	2157.600	2156.200	2157.000	           2351	     42.000	   2161.700	   2157.833	   2148.749	   2148.225	           	      0.000	      0.000	      1.000	      0.000	      0.000	      0.000	      0.000	     -4.700	      0.000	      0.000	      0.000	
 07/30-09:58	2156.800	2156.800	2152.800	2155.600	           5749	     43.000	   2161.229	   2158.077	   2148.852	   2148.207	           	      0.000	      0.000	      1.000	      0.000	      0.000	      0.000	      0.000	     -5.629	      0.000	      0.000	      0.000	
 07/30-09:59	2155.800	2156.200	2154.000	2154.200	           2067	     44.000	   2160.733	   2158.296	   2148.943	   2148.183	           	      0.000	      0.000	      1.000	      0.000	      0.000	      0.000	      0.000	     -6.533	      0.000	      0.000	      0.000	
 07/30-10:00	2154.000	2156.600	2153.800	2154.200	           2553	     45.000	   2160.296	   2158.500	   2149.036	   2148.158	           	      0.000	      0.000	      1.000	      0.000	      0.000	      0.000	      0.000	     -6.096	      0.000	      0.000	      0.000	
 07/30-10:01	2154.200	2154.800	2151.800	2152.000	           4322	     46.000	   2159.779	   2158.644	   2149.125	   2148.132	           	      0.000	      0.000	      1.000	      0.000	      0.000	      0.000	      0.000	     -7.779	      0.000	      0.000	      0.000	
 07/30-10:02	2152.400	2153.400	2151.800	2151.800	           2309	     47.000	   2159.225	   2158.767	   2149.211	   2148.110	           	      0.000	      0.000	      1.000	      0.000	      0.000	      0.000	      0.000	     -7.425	      0.000	      0.000	      0.000	
 07/30-10:03	2151.800	2152.000	2150.000	2150.800	           4294	     48.000	   2158.663	   2158.867	   2149.294	   2148.086	           	      0.000	      0.000	      1.000	      0.000	      0.000	      0.000	      0.000	     -7.863	      0.000	      0.000	      1.000	
 07/30-10:04	2150.400	2154.200	2150.200	2153.400	           3672	     49.000	   2158.375	   2159.021	   2149.399	   2148.073	           	      0.000	      0.000	      1.000	      0.000	      0.000	      0.000	      0.000	     -4.975	      0.000	      0.000	      0.000	
 07/30-10:05	2153.400	2154.200	2151.000	2152.200	           3196	     50.000	   2158.058	   2159.142	   2149.498	   2148.056	           	      0.000	      0.000	      1.000	      0.000	      0.000	      0.000	      0.000	     -5.858	      0.000	      0.000	      0.000	
 07/30-10:06	2152.200	2154.800	2152.000	2154.000	           3176	     51.000	   2157.817	   2159.300	   2149.618	   2148.058	           	      0.000	      0.000	      1.000	      0.000	      0.000	      0.000	      0.000	     -3.817	      0.000	      0.000	      0.000	
 07/30-10:07	2153.800	2154.000	2151.400	2151.800	           1983	     52.000	   2157.446	   2159.398	   2149.719	   2148.059	           	      0.000	      0.000	      1.000	      0.000	      0.000	      0.000	      0.000	     -5.646	      0.000	      0.000	      0.000	
 07/30-10:08	2152.000	2153.200	2152.000	2153.000	           1379	     53.000	   2157.129	   2159.421	   2149.822	   2148.065	           	      0.000	      0.000	      1.000	      0.000	      0.000	      0.000	      0.000	     -4.129	      0.000	      0.000	      0.000	
 07/30-10:09	2153.000	2153.000	2151.000	2151.200	           2176	     54.000	   2156.679	   2159.396	   2149.893	   2148.062	           	      0.000	      0.000	      1.000	      0.000	      0.000	      0.000	      0.000	     -5.479	      0.000	      0.000	      0.000	
 07/30-10:10	2151.600	2153.000	2149.000	2149.400	           3437	     55.000	   2156.129	   2159.304	   2149.974	   2148.054	           	      0.000	      0.000	      1.000	      0.000	      0.000	      0.000	      0.000	     -6.729	      0.000	      0.000	      0.000	
 07/30-10:11	2149.200	2154.600	2149.000	2154.200	           4798	     56.000	   2155.867	   2159.233	   2150.092	   2148.079	           	      0.000	      0.000	      1.000	      0.000	      0.000	      0.000	      0.000	     -1.667	      0.000	      0.000	      0.000	
 07/30-10:12	2154.200	2155.000	2153.800	2153.800	           3043	     57.000	   2155.629	   2159.175	   2150.207	   2148.086	           	      0.000	      0.000	      1.000	      0.000	      0.000	      0.000	      0.000	     -1.829	      0.000	      0.000	      0.000	
 07/30-10:13	2153.800	2154.200	2151.000	2151.000	           2313	     58.000	   2155.300	   2159.017	   2150.313	   2148.066	           	      0.000	      0.000	      1.000	      0.000	      0.000	      0.000	      0.000	     -4.300	      0.000	      0.000	      0.000	
 07/30-10:14	2150.800	2152.600	2150.600	2151.200	           1895	     59.000	   2155.025	   2158.867	   2150.409	   2148.043	           	      0.000	      0.000	      1.000	      0.000	      0.000	      0.000	      0.000	     -3.825	      0.000	      0.000	      0.000	
 07/30-10:15	2151.200	2152.000	2146.000	2146.800	           6312	     60.000	   2154.529	   2158.587	   2150.477	   2147.999	           	      0.000	      0.000	      1.000	      0.000	      0.000	      0.000	      0.000	     -7.729	      0.000	      0.000	      0.000	
 07/30-10:16	2147.000	2150.400	2147.000	2150.400	           3774	     61.000	   2154.300	   2158.438	   2150.544	   2147.973	           	      0.000	      0.000	      1.000	      0.000	      0.000	      0.000	      0.000	     -3.900	      0.000	      0.000	      0.000	
 07/30-10:17	2149.600	2150.200	2144.800	2146.800	           4850	     62.000	   2153.979	   2158.229	   2150.598	   2147.933	           	      0.000	      0.000	      1.000	      0.000	      0.000	      0.000	      0.000	     -7.179	      0.000	      0.000	      0.000	
 07/30-10:18	2146.800	2147.200	2144.600	2145.400	           3565	     63.000	   2153.613	   2157.996	   2150.642	   2147.900	           	      0.000	      0.000	      1.000	      0.000	      0.000	      0.000	      0.000	     -8.213	      0.000	      0.000	      0.000	
 07/30-10:19	2145.600	2147.400	2145.400	2147.200	           2394	     64.000	   2153.233	   2157.844	   2150.694	   2147.878	           	      0.000	      0.000	      1.000	      0.000	      0.000	      0.000	      0.000	     -6.033	      0.000	      0.000	      0.000	
 07/30-10:20	2147.400	2148.800	2146.000	2148.800	           2684	     65.000	   2152.971	   2157.690	   2150.756	   2147.865	           	      0.000	      0.000	      1.000	      0.000	      0.000	      0.000	      0.000	     -4.171	      0.000	      0.000	      0.000	
 07/30-10:21	2148.600	2151.600	2148.200	2150.600	           5285	     66.000	   2152.792	   2157.552	   2150.840	   2147.871	           	      0.000	      0.000	      1.000	      0.000	      0.000	      0.000	      0.000	     -2.192	      0.000	      0.000	      0.000	
 07/30-10:22	2150.200	2152.200	2149.600	2151.400	           3149	     67.000	   2152.450	   2157.433	   2150.943	   2147.880	           	      0.000	      0.000	      1.000	      0.000	      0.000	      0.000	      0.000	     -1.050	      0.000	      0.000	      0.000	
 07/30-10:23	2152.000	2152.800	2151.000	2152.000	           3041	     68.000	   2152.183	   2157.313	   2151.076	   2147.877	           	      0.000	      0.000	      1.000	      0.000	      0.000	      0.000	      0.000	     -0.183	      0.000	      0.000	      0.000	
 07/30-10:24	2152.000	2152.800	2151.000	2152.800	           2194	     69.000	   2151.975	   2157.173	   2151.216	   2147.872	           	      0.000	      0.000	      1.000	      0.000	      0.000	      0.000	      0.000	      0.825	      0.000	      0.000	      0.000	
 07/30-10:25	2152.600	2154.800	2152.400	2154.800	           3460	     70.000	   2151.846	   2157.113	   2151.375	   2147.896	           	      0.000	      0.000	      1.000	      0.000	      0.000	      0.000	      0.000	      2.954	      0.000	      0.000	      0.000	
 07/30-10:26	2154.600	2156.600	2154.200	2155.200	           5898	     71.000	   2151.767	   2156.921	   2151.544	   2147.918	           	      0.000	      0.000	      1.000	      0.000	      0.000	      0.000	      0.000	      3.433	      0.000	      0.000	      0.000	
 07/30-10:27	2155.000	2158.800	2154.800	2157.800	           5321	     72.000	   2151.792	   2156.746	   2151.726	   2147.940	           	      0.000	      0.000	      1.000	      0.000	      0.000	      0.000	      0.000	      6.008	      0.000	      0.000	      0.000	
 07/30-10:28	2157.800	2158.000	2155.400	2156.000	           3060	     73.000	   2151.804	   2156.517	   2151.906	   2147.972	           	      0.000	      0.000	      1.000	      0.000	      0.000	      0.000	      0.000	      4.196	      0.000	      0.000	      0.000	
 07/30-10:29	2156.200	2158.400	2155.400	2157.800	           3443	     74.000	   2151.929	   2156.331	   2152.114	   2148.010	           	      0.000	      0.000	      1.000	      0.000	      0.000	      0.000	      0.000	      5.871	      0.000	      0.000	      0.000	
 07/30-10:30	2158.000	2160.000	2157.000	2159.400	           5329	     75.000	   2152.100	   2156.198	   2152.328	   2148.051	           	      0.000	      0.000	      1.000	      0.000	      0.000	      0.000	      0.000	      7.300	      0.000	      0.000	      0.000	
 07/30-10:31	2159.000	2159.400	2158.200	2158.800	           2337	     76.000	   2152.325	   2156.052	   2152.522	   2148.064	           	      0.000	      0.000	      1.000	      0.000	      0.000	      0.000	      0.000	      6.475	      0.000	      0.000	      0.000	
 07/30-10:32	2159.200	2161.400	2158.400	2160.200	           3716	     77.000	   2152.608	   2155.917	   2152.737	   2148.101	           	      0.000	      0.000	      1.000	      0.000	      0.000	      0.000	      0.000	      7.592	      0.000	      0.000	      0.000	
 07/30-10:33	2160.400	2160.400	2158.400	2158.400	           2662	     78.000	   2152.858	   2155.760	   2152.922	   2148.135	           	      0.000	      0.000	      1.000	      0.000	      0.000	      0.000	      0.000	      5.542	      0.000	      0.000	      0.000	
 07/30-10:34	2158.400	2163.200	2158.000	2163.200	           3665	     79.000	   2153.188	   2155.781	   2153.133	   2148.181	           	      0.000	      0.000	      1.000	      0.000	      0.000	      0.000	      0.000	     10.012	      0.000	      0.000	      0.000	
 07/30-10:35	2163.400	2164.400	2162.200	2164.200	           4968	     80.000	   2153.587	   2155.823	   2153.336	   2148.242	           	      1.000	      0.000	      0.000	      0.000	      0.000	      0.000	      0.000	     10.613	      0.000	      0.000	      0.000	
 07/30-10:36	2164.200	2167.000	2163.600	2165.600	           6140	     81.000	   2153.975	   2155.896	   2153.555	   2148.287	           	      1.000	      0.000	      0.000	      0.000	      0.000	      0.000	      0.000	     11.625	      0.000	      0.000	      0.000	
 07/30-10:37	2165.000	2165.800	2164.400	2164.600	           3103	     82.000	   2154.396	   2155.921	   2153.752	   2148.346	           	      1.000	      0.000	      0.000	      0.000	      0.000	      0.000	      0.000	     10.204	      0.000	      0.000	      0.000	
 07/30-10:38	2164.600	2165.000	2162.000	2162.000	           3386	     83.000	   2154.696	   2155.913	   2153.938	   2148.393	           	      1.000	      0.000	      0.000	      0.000	      0.000	      0.000	      0.000	      7.304	      0.000	      0.000	      0.000	
 07/30-10:39	2161.800	2163.000	2161.000	2163.000	           3333	     84.000	   2155.092	   2155.885	   2154.119	   2148.453	           	      1.000	      0.000	      0.000	      0.000	      0.000	      0.000	      0.000	      7.908	      0.000	      0.000	      0.000	
 07/30-10:40	2163.200	2164.600	2161.000	2161.000	           3355	     85.000	   2155.475	   2155.802	   2154.281	   2148.490	           	      1.000	      0.000	      0.000	      0.000	      0.000	      0.000	      0.000	      5.525	      0.000	      0.000	      0.000	
 07/30-10:41	2161.000	2168.400	2161.000	2167.800	           5927	     86.000	   2155.938	   2155.902	   2154.510	   2148.545	           	      1.000	      0.000	      0.000	      0.000	      0.000	      0.000	      0.000	     11.863	      0.000	      0.000	      1.000	
 07/30-10:42	2167.600	2169.600	2166.800	2167.600	           6585	     87.000	   2156.392	   2156.010	   2154.740	   2148.611	           	      1.000	      0.000	      0.000	      0.000	      0.000	      0.000	      0.000	     11.208	      0.000	      0.000	      0.000	
 07/30-10:43	2168.000	2168.000	2164.000	2164.000	           3984	     88.000	   2156.825	   2156.063	   2154.938	   2148.660	           	      1.000	      0.000	      0.000	      0.000	      0.000	      0.000	      0.000	      7.175	      0.000	      0.000	      0.000	
 07/30-10:44	2163.600	2164.200	2161.600	2163.800	           4749	     89.000	   2157.246	   2156.135	   2155.134	   2148.708	           	      1.000	      0.000	      0.000	      0.000	      0.000	      0.000	      0.000	      6.554	      0.000	      0.000	      0.000	
 07/30-10:45	2163.800	2165.000	2163.200	2164.200	           2769	     90.000	   2157.825	   2156.177	   2155.333	   2148.755	           	      1.000	      0.000	      0.000	      0.000	      0.000	      0.000	      0.000	      6.375	      0.000	      0.000	      0.000	
 07/30-10:46	2164.200	2164.600	2161.400	2162.800	           2950	     91.000	   2158.238	   2156.269	   2155.515	   2148.794	           	      1.000	      0.000	      0.000	      0.000	      0.000	      0.000	      0.000	      4.563	      0.000	      0.000	      0.000	
 07/30-10:47	2162.800	2163.800	2160.800	2161.800	           3327	     92.000	   2158.738	   2156.358	   2155.674	   2148.830	           	      1.000	      0.000	      0.000	      0.000	      0.000	      0.000	      0.000	      3.063	      0.000	      0.000	      0.000	
 07/30-10:48	2162.000	2162.600	2160.600	2160.600	           2811	     93.000	   2159.250	   2156.431	   2155.829	   2148.865	           	      1.000	      0.000	      0.000	      0.000	      0.000	      0.000	      0.000	      1.350	      0.000	      0.000	      0.000	
 07/30-10:49	2160.600	2161.200	2159.200	2160.600	           4358	     94.000	   2159.692	   2156.462	   2155.987	   2148.899	           	      0.000	      0.000	      1.000	      0.000	      0.000	      0.000	      0.000	      0.908	      0.000	      0.000	      0.000	
 07/30-10:50	2160.800	2165.000	2160.600	2164.000	           3540	     95.000	   2160.200	   2156.585	   2156.192	   2148.958	           	      1.000	      0.000	      0.000	      0.000	      0.000	      0.000	      0.000	      3.800	      0.000	      0.000	      0.000	
 07/30-10:51	2164.000	2164.200	2160.600	2161.600	           2624	     96.000	   2160.571	   2156.681	   2156.373	   2148.998	           	      1.000	      0.000	      0.000	      0.000	      0.000	      0.000	      0.000	      1.029	      0.000	      0.000	      0.000	
 07/30-10:52	2161.600	2162.400	2160.200	2161.800	           2253	     97.000	   2160.917	   2156.683	   2156.557	   2149.042	           	      1.000	      0.000	      0.000	      0.000	      0.000	      0.000	      0.000	      0.883	      0.000	      0.000	      0.000	
 07/30-10:53	2161.400	2163.000	2161.000	2161.800	           1634	     98.000	   2161.242	   2156.712	   2156.730	   2149.087	           	      1.000	      0.000	      0.000	      0.000	      0.000	      0.000	      0.000	      0.558	      0.000	      0.000	      0.000	
 07/30-10:54	2161.800	2164.400	2161.800	2163.600	           2311	     99.000	   2161.596	   2156.785	   2156.915	   2149.147	           	      1.000	      0.000	      0.000	      0.000	      0.000	      0.000	      0.000	      2.004	      0.000	      0.000	      0.000	
 07/30-10:55	2163.600	2166.600	2162.200	2166.400	           2932	    100.000	   2161.988	   2156.917	   2157.120	   2149.225	           	      1.000	      0.000	      0.000	      0.000	      0.000	      0.000	      0.000	      4.412	      0.000	      0.000	      0.000	
 07/30-10:56	2166.200	2166.800	2164.400	2165.200	           3777	    101.000	   2162.321	   2157.044	   2157.313	   2149.292	           	      1.000	      0.000	      0.000	      0.000	      0.000	      0.000	      0.000	      2.879	      0.000	      0.000	      0.000	
 07/30-10:57	2165.600	2168.800	2165.200	2168.800	           3035	    102.000	   2162.688	   2157.240	   2157.536	   2149.365	           	      1.000	      0.000	      0.000	      0.000	      0.000	      0.000	      0.000	      6.113	      0.000	      0.000	      0.000	
 07/30-10:58	2168.800	2194.400	2168.800	2188.600	          26445	    103.000	   2163.771	   2157.788	   2157.932	   2149.523	           	      1.000	      0.000	      0.000	      0.000	      0.000	      0.000	      0.000	     24.829	      1.000	      0.000	      0.000	
 07/30-10:59	2188.400	2190.800	2186.000	2188.200	           8363	    104.000	   2164.783	   2158.356	   2158.326	   2149.680	           	      1.000	      0.000	      0.000	      0.000	      0.000	      0.000	      0.000	     23.417	      0.000	      0.000	      0.000	
 07/30-11:00	2187.400	2193.400	2185.800	2190.800	           8813	    105.000	   2165.829	   2158.965	   2158.732	   2149.853	           	      1.000	      0.000	      0.000	      0.000	      0.000	      0.000	      0.000	     24.971	      0.000	      0.000	      0.000	
 07/30-11:01	2190.800	2191.400	2186.000	2188.000	           5713	    106.000	   2166.804	   2159.565	   2159.104	   2150.011	           	      1.000	      0.000	      0.000	      0.000	      0.000	      0.000	      0.000	     21.196	      0.000	      0.000	      0.000	
 07/30-11:02	2187.800	2188.200	2186.000	2187.000	           3060	    107.000	   2167.696	   2160.152	   2159.459	   2150.165	           	      1.000	      0.000	      0.000	      0.000	      0.000	      0.000	      0.000	     19.304	      0.000	      0.000	      0.000	
 07/30-11:03	2187.000	2189.400	2186.000	2186.400	           3522	    108.000	   2168.633	   2160.746	   2159.806	   2150.324	           	      1.000	      0.000	      0.000	      0.000	      0.000	      0.000	      0.000	     17.767	      0.000	      0.000	      0.000	
 07/30-11:04	2186.200	2188.000	2185.600	2187.200	           2738	    109.000	   2169.433	   2161.310	   2160.166	   2150.493	           	      1.000	      0.000	      0.000	      0.000	      0.000	      0.000	      0.000	     17.767	      0.000	      0.000	      0.000	
 07/30-11:05	2187.000	2190.800	2186.200	2190.600	           4640	    110.000	   2170.313	   2161.950	   2160.546	   2150.686	           	      1.000	      0.000	      0.000	      0.000	      0.000	      0.000	      0.000	     20.288	      0.000	      0.000	      0.000	
 07/30-11:06	2191.000	2200.600	2191.000	2195.400	          16529	    111.000	   2171.308	   2162.642	   2160.971	   2150.898	           	      1.000	      0.000	      0.000	      0.000	      0.000	      0.000	      0.000	     24.092	      0.000	      0.000	      0.000	
 07/30-11:07	2195.800	2210.200	2195.000	2206.000	          14308	    112.000	   2172.692	   2163.544	   2161.471	   2151.150	           	      1.000	      0.000	      0.000	      0.000	      0.000	      0.000	      0.000	     33.308	      1.000	      0.000	      0.000	
 07/30-11:08	2206.600	2208.400	2203.600	2204.400	           6551	    113.000	   2174.100	   2164.398	   2161.909	   2151.373	           	      1.000	      0.000	      0.000	      0.000	      1.000	      0.000	      0.000	     30.300	      0.000	      0.000	      0.000	
 07/30-11:09	2203.800	2204.400	2201.200	2203.800	           4825	    114.000	   2175.467	   2165.279	   2162.337	   2151.601	           	      1.000	      0.000	      0.000	      0.000	      0.000	      0.000	      0.000	     28.333	      0.000	      0.000	      0.000	
 07/30-11:10	2204.000	2207.600	2200.600	2200.600	           6214	    115.000	   2176.783	   2166.129	   2162.717	   2151.820	           	      1.000	      0.000	      0.000	      0.000	      0.000	      0.000	      0.000	     23.817	      0.000	      0.000	      0.000	
 07/30-11:11	2201.200	2202.200	2200.000	2201.600	           5208	    116.000	   2177.900	   2166.919	   2163.076	   2152.039	           	      1.000	      0.000	      0.000	      0.000	      0.000	      0.000	      0.000	     23.700	      0.000	      0.000	      0.000	
 07/30-11:12	2201.600	2202.000	2200.200	2201.600	           2809	    117.000	   2179.042	   2167.717	   2163.446	   2152.262	           	      1.000	      0.000	      0.000	      0.000	      0.000	      0.000	      0.000	     22.558	      0.000	      0.000	      0.000	
 07/30-11:13	2201.000	2205.000	2201.000	2203.000	           4790	    118.000	   2180.342	   2168.583	   2163.800	   2152.486	           	      1.000	      0.000	      0.000	      0.000	      0.000	      0.000	      0.000	     22.658	      0.000	      0.000	      0.000	
 07/30-11:14	2203.000	2203.400	2199.600	2199.800	           4491	    119.000	   2181.542	   2169.394	   2164.130	   2152.697	           	      1.000	      0.000	      0.000	      0.000	      0.000	      0.000	      0.000	     18.258	      0.000	      0.000	      0.000	
 07/30-11:15	2199.200	2200.600	2195.800	2200.600	           8324	    120.000	   2182.750	   2170.288	   2164.438	   2152.925	           	      1.000	      0.000	      0.000	      0.000	      0.000	      0.000	      0.000	     17.850	      0.000	      0.000	      0.000	
 07/30-11:16	2200.400	2200.400	2197.000	2197.200	           3287	    121.000	   2183.900	   2171.069	   2164.753	   2153.134	           	      1.000	      0.000	      0.000	      0.000	      0.000	      0.000	      0.000	     13.300	      0.000	      0.000	      0.000	
 07/30-11:17	2197.400	2197.400	2191.000	2193.400	           8211	    122.000	   2184.958	   2171.848	   2165.039	   2153.325	           	      1.000	      0.000	      0.000	      0.000	      0.000	      0.000	      0.000	      8.442	      0.000	      0.000	      0.000	
 07/30-11:18	2193.400	2194.000	2191.600	2191.600	           3683	    123.000	   2185.983	   2172.617	   2165.306	   2153.506	           	      1.000	      0.000	      0.000	      0.000	      0.000	      0.000	      0.000	      5.617	      0.000	      0.000	      0.000	
 07/30-11:19	2191.200	2191.200	2186.200	2189.400	           8545	    124.000	   2186.950	   2173.321	   2165.582	   2153.678	           	      1.000	      0.000	      0.000	      0.000	      0.000	      0.000	      0.000	      2.450	      0.000	      0.000	      0.000	
 07/30-11:20	2189.400	2189.400	2181.000	2183.000	           8298	    125.000	   2187.583	   2173.892	   2165.791	   2153.822	           	      1.000	      0.000	      0.000	      0.000	      0.000	      0.000	      0.000	     -4.583	      0.000	      0.000	      0.000	
 07/30-11:21	2183.400	2184.600	2182.000	2183.200	           5451	    126.000	   2188.300	   2174.435	   2165.994	   2153.958	           	      1.000	      0.000	      0.000	      0.000	      0.000	      0.000	      0.000	     -5.100	      0.000	      0.000	      0.000	
 07/30-11:22	2183.200	2186.200	2183.200	2185.400	           3943	    127.000	   2189.083	   2175.000	   2166.217	   2154.104	           	      1.000	      0.000	      0.000	      0.000	      0.000	      0.000	      0.000	     -3.683	      0.000	      0.000	      0.000	
 07/30-11:23	2185.000	2187.200	2184.200	2187.200	           2503	    128.000	   2189.933	   2175.587	   2166.450	   2154.261	           	      1.000	      0.000	      0.000	      0.000	      0.000	      0.000	      0.000	     -2.733	      0.000	      0.000	      0.000	
 07/30-11:24	2187.000	2187.600	2185.000	2186.400	           3196	    129.000	   2190.700	   2176.148	   2166.660	   2154.417	           	      1.000	      0.000	      0.000	      0.000	      0.000	      0.000	      0.000	     -4.300	      0.000	      0.000	      0.000	
 07/30-11:25	2186.400	2187.800	2181.800	2184.200	           4303	    130.000	   2191.283	   2176.635	   2166.874	   2154.558	           	      1.000	      0.000	      0.000	      0.000	      0.000	      0.000	      0.000	     -7.083	      0.000	      0.000	      0.000	
 07/30-11:26	2183.800	2186.600	2183.800	2184.600	           2505	    131.000	   2191.933	   2177.127	   2167.024	   2154.708	           	      1.000	      0.000	      0.000	      0.000	      0.000	      0.000	      0.000	     -7.333	      0.000	      0.000	      0.000	
 07/30-11:27	2184.400	2186.600	2184.400	2186.000	           1822	    132.000	   2192.508	   2177.598	   2167.172	   2154.854	           	      1.000	      0.000	      0.000	      0.000	      0.000	      0.000	      0.000	     -6.508	      0.000	      0.000	      0.000	
 07/30-11:28	2185.800	2190.800	2185.600	2187.600	           4569	    133.000	   2192.475	   2178.123	   2167.320	   2154.998	           	      1.000	      0.000	      0.000	      0.000	      0.000	      0.000	      0.000	     -4.875	      0.000	      0.000	      0.000	
 07/30-11:29	2187.800	2188.800	2185.600	2186.000	           1959	    134.000	   2192.400	   2178.592	   2167.461	   2155.136	           	      1.000	      0.000	      0.000	      0.000	      0.000	      0.000	      0.000	     -6.400	      0.000	      0.000	      0.000	
 07/30-11:30	2185.600	2187.000	2182.400	2184.600	           4096	    135.000	   2192.200	   2179.015	   2167.606	   2155.267	           	      1.000	      0.000	      0.000	      0.000	      0.000	      0.000	      0.000	     -7.600	      0.000	      0.000	      0.000	
 07/30-13:01	2184.200	2184.400	2175.800	2177.800	           6452	    136.000	   2191.858	   2179.331	   2167.692	   2155.363	           	      1.000	      0.000	      0.000	      0.000	      0.000	      0.000	      0.000	    -14.058	      0.000	      0.000	      0.000	
 07/30-13:02	2177.600	2179.600	2177.200	2178.600	           3912	    137.000	   2191.575	   2179.635	   2167.776	   2155.469	           	      1.000	      0.000	      0.000	      0.000	      0.000	      0.000	      0.000	    -12.975	      0.000	      0.000	      0.000	
 07/30-13:03	2179.000	2179.800	2178.000	2179.800	           2541	    138.000	   2191.350	   2179.992	   2167.876	   2155.581	           	      1.000	      0.000	      0.000	      0.000	      0.000	      0.000	      0.000	    -11.550	      0.000	      0.000	      0.000	
 07/30-13:04	2180.000	2183.200	2179.400	2181.800	           3106	    139.000	   2191.175	   2180.304	   2168.043	   2155.699	           	      1.000	      0.000	      0.000	      0.000	      0.000	      0.000	      0.000	     -9.375	      0.000	      0.000	      0.000	
 07/30-13:05	2181.800	2184.200	2181.600	2184.200	           2798	    140.000	   2190.958	   2180.635	   2168.229	   2155.823	           	      1.000	      0.000	      0.000	      0.000	      0.000	      0.000	      0.000	     -6.758	      0.000	      0.000	      0.000	
 07/30-13:06	2184.000	2184.000	2182.000	2183.000	           1873	    141.000	   2190.542	   2180.925	   2168.410	   2155.948	           	      1.000	      0.000	      0.000	      0.000	      0.000	      0.000	      0.000	     -7.542	      0.000	      0.000	      0.000	
 07/30-13:07	2182.800	2184.800	2182.800	2183.800	           2334	    142.000	   2189.808	   2181.250	   2168.585	   2156.076	           	      1.000	      0.000	      0.000	      0.000	      0.000	      0.000	      0.000	     -6.008	      0.000	      0.000	      0.000	
 07/30-13:08	2183.400	2183.800	2181.000	2181.600	           2216	    143.000	   2189.050	   2181.575	   2168.744	   2156.195	           	      1.000	      0.000	      0.000	      0.000	      0.000	      0.000	      0.000	     -7.450	      0.000	      0.000	      0.000	
 07/30-13:09	2181.600	2182.400	2177.400	2178.600	           4630	    144.000	   2188.200	   2181.833	   2168.859	   2156.307	           	      1.000	      0.000	      0.000	      0.000	      0.000	      0.000	      0.000	     -9.600	      0.000	      0.000	      0.000	
 07/30-13:10	2178.400	2180.600	2178.000	2180.200	           2113	    145.000	   2187.525	   2182.154	   2168.978	   2156.428	           	      1.000	      0.000	      0.000	      0.000	      0.000	      0.000	      0.000	     -7.325	      0.000	      0.000	      0.000	
 07/30-13:11	2180.400	2181.400	2179.400	2180.800	           2213	    146.000	   2186.833	   2182.367	   2169.134	   2156.559	           	      1.000	      0.000	      0.000	      0.000	      0.000	      0.000	      0.000	     -6.033	      0.000	      0.000	      0.000	
 07/30-13:12	2180.800	2181.000	2176.800	2178.000	           3329	    147.000	   2186.042	   2182.542	   2169.276	   2156.682	           	      1.000	      0.000	      0.000	      0.000	      0.000	      0.000	      0.000	     -8.042	      0.000	      0.000	      0.000	
 07/30-13:13	2178.000	2178.200	2176.400	2176.400	           2638	    148.000	   2185.158	   2182.750	   2169.406	   2156.808	           	      1.000	      0.000	      0.000	      0.000	      0.000	      0.000	      0.000	     -8.759	      0.000	      0.000	      0.000	
 07/30-13:14	2176.200	2180.000	2176.000	2179.000	           2843	    149.000	   2184.467	   2183.004	   2169.570	   2156.942	           	      1.000	      0.000	      0.000	      0.000	      0.000	      0.000	      0.000	     -5.467	      0.000	      0.000	      0.000	
 07/30-13:15	2179.000	2179.000	2176.600	2177.400	           3162	    150.000	   2183.700	   2183.225	   2169.701	   2157.083	           	      1.000	      0.000	      0.000	      0.000	      0.000	      0.000	      0.000	     -6.300	      0.000	      0.000	      0.000	
 07/30-13:16	2177.400	2179.000	2175.200	2178.600	           3890	    151.000	   2183.075	   2183.488	   2169.878	   2157.267	           	      1.000	      0.000	      0.000	      0.000	      0.000	      0.000	      0.000	     -4.475	      0.000	      0.000	      1.000	
 07/30-13:17	2178.400	2178.600	2176.600	2178.400	           1863	    152.000	   2182.575	   2183.767	   2170.063	   2157.449	           	      1.000	      0.000	      0.000	      0.000	      0.000	      0.000	      0.000	     -4.175	      0.000	      0.000	      0.000	
 07/30-13:18	2178.000	2178.600	2176.000	2177.600	           2026	    153.000	   2182.108	   2184.046	   2170.239	   2157.625	           	      1.000	      0.000	      0.000	      0.000	      0.000	      0.000	      0.000	     -4.508	      0.000	      0.000	      0.000	
 07/30-13:19	2177.600	2178.400	2176.400	2178.000	           1525	    154.000	   2181.725	   2184.337	   2170.400	   2157.807	           	      1.000	      0.000	      0.000	      0.000	      0.000	      0.000	      0.000	     -3.725	      0.000	      0.000	      0.000	
 07/30-13:20	2178.000	2181.600	2177.800	2181.600	           3194	    155.000	   2181.675	   2184.629	   2170.607	   2157.999	           	      1.000	      0.000	      0.000	      0.000	      0.000	      0.000	      0.000	     -0.075	      0.000	      0.000	      0.000	
 07/30-13:21	2181.400	2181.800	2179.200	2179.600	           2312	    156.000	   2181.558	   2184.929	   2170.805	   2158.178	           	      1.000	      0.000	      0.000	      0.000	      0.000	      0.000	      0.000	     -1.958	      0.000	      0.000	      0.000	
 07/30-13:22	2179.600	2180.400	2178.200	2180.400	           1820	    157.000	   2181.392	   2185.238	   2170.960	   2158.365	           	      1.000	      0.000	      0.000	      0.000	      0.000	      0.000	      0.000	     -0.992	      0.000	      0.000	      0.000	
 07/30-13:23	2180.400	2181.800	2179.800	2179.800	           2121	    158.000	   2181.150	   2185.542	   2171.127	   2158.554	           	      1.000	      0.000	      0.000	      0.000	      0.000	      0.000	      0.000	     -1.350	      0.000	      0.000	      0.000	
 07/30-13:24	2180.000	2180.600	2178.200	2179.600	           2054	    159.000	   2180.917	   2185.808	   2171.297	   2158.744	           	      1.000	      0.000	      0.000	      0.000	      0.000	      0.000	      0.000	     -1.317	      0.000	      0.000	      0.000	
 07/30-13:25	2179.000	2179.400	2177.200	2179.200	           2688	    160.000	   2180.758	   2186.021	   2171.469	   2158.944	           	      1.000	      0.000	      0.000	      0.000	      0.000	      0.000	      0.000	     -1.558	      0.000	      0.000	      0.000	
 07/30-13:26	2179.000	2179.000	2175.200	2175.200	           2982	    161.000	   2180.442	   2186.188	   2171.616	   2159.116	           	      1.000	      0.000	      0.000	      0.000	      0.000	      0.000	      0.000	     -5.242	      0.000	      0.000	      0.000	
 07/30-13:27	2175.600	2179.000	2175.600	2179.000	           2722	    162.000	   2180.208	   2186.358	   2171.799	   2159.303	           	      1.000	      0.000	      0.000	      0.000	      0.000	      0.000	      0.000	     -1.208	      0.000	      0.000	      0.000	
 07/30-13:28	2178.800	2178.800	2177.200	2178.200	           1342	    163.000	   2179.892	   2186.183	   2171.985	   2159.481	           	      1.000	      0.000	      0.000	      0.000	      0.000	      0.000	      0.000	     -1.692	      0.000	      0.000	      0.000	
 07/30-13:29	2178.400	2178.800	2176.200	2178.200	           1672	    164.000	   2179.633	   2186.017	   2172.187	   2159.655	           	      1.000	      0.000	      0.000	      0.000	      0.000	      0.000	      0.000	     -1.433	      0.000	      0.000	      0.000	
 07/30-13:30	2178.600	2179.200	2173.800	2174.000	           5564	    165.000	   2179.275	   2185.738	   2172.351	   2159.824	           	      1.000	      0.000	      0.000	      0.000	      0.000	      0.000	      0.000	     -5.275	      0.000	      0.000	      0.000	
 07/30-13:31	2173.800	2177.400	2173.800	2176.600	           2533	    166.000	   2179.242	   2185.550	   2172.557	   2160.003	           	      1.000	      0.000	      0.000	      0.000	      0.000	      0.000	      0.000	     -2.642	      0.000	      0.000	      0.000	
 07/30-13:32	2176.600	2176.800	2173.400	2174.200	           3236	    167.000	   2179.092	   2185.333	   2172.743	   2160.170	           	      1.000	      0.000	      0.000	      0.000	      0.000	      0.000	      0.000	     -4.892	      0.000	      0.000	      0.000	
 07/30-13:33	2174.200	2174.400	2172.000	2173.800	           4688	    168.000	   2178.900	   2185.125	   2172.935	   2160.332	           	      1.000	      0.000	      0.000	      0.000	      0.000	      0.000	      0.000	     -5.100	      0.000	      0.000	      0.000	
 07/30-13:34	2173.600	2174.000	2172.000	2173.800	           2699	    169.000	   2178.625	   2184.900	   2173.105	   2160.490	           	      1.000	      0.000	      0.000	      0.000	      0.000	      0.000	      0.000	     -4.825	      0.000	      0.000	      0.000	
 07/30-13:35	2174.000	2174.600	2173.400	2174.000	           2313	    170.000	   2178.292	   2184.625	   2173.288	   2160.618	           	      1.000	      0.000	      0.000	      0.000	      0.000	      0.000	      0.000	     -4.292	      0.000	      0.000	      0.000	
 07/30-13:36	2174.000	2175.200	2173.400	2174.600	           1857	    171.000	   2178.008	   2184.275	   2173.458	   2160.741	           	      1.000	      0.000	      0.000	      0.000	      0.000	      0.000	      0.000	     -3.408	      0.000	      0.000	      0.000	
 07/30-13:37	2174.400	2177.600	2174.000	2176.200	           3569	    172.000	   2177.750	   2183.779	   2173.661	   2160.877	           	      1.000	      0.000	      0.000	      0.000	      0.000	      0.000	      0.000	     -1.550	      0.000	      0.000	      0.000	
 07/30-13:38	2176.400	2178.000	2176.200	2177.200	           2438	    173.000	   2177.608	   2183.329	   2173.864	   2161.013	           	      1.000	      0.000	      0.000	      0.000	      0.000	      0.000	      0.000	     -0.408	      0.000	      0.000	      0.000	
 07/30-13:39	2177.200	2177.600	2176.000	2177.200	           1782	    174.000	   2177.567	   2182.883	   2174.081	   2161.149	           	      1.000	      0.000	      0.000	      0.000	      0.000	      0.000	      0.000	     -0.367	      0.000	      0.000	      0.000	
 07/30-13:40	2177.600	2177.800	2176.200	2176.800	           1334	    175.000	   2177.450	   2182.488	   2174.308	   2161.284	           	      1.000	      0.000	      0.000	      0.000	      0.000	      0.000	      0.000	     -0.650	      0.000	      0.000	      0.000	
 07/30-13:41	2176.800	2179.200	2175.600	2178.800	           2605	    176.000	   2177.383	   2182.108	   2174.513	   2161.434	           	      1.000	      0.000	      0.000	      0.000	      0.000	      0.000	      0.000	      1.417	      0.000	      0.000	      0.000	
 07/30-13:42	2178.800	2180.400	2178.400	2179.000	           4037	    177.000	   2177.417	   2181.729	   2174.723	   2161.584	           	      1.000	      0.000	      0.000	      0.000	      0.000	      0.000	      0.000	      1.583	      0.000	      0.000	      0.000	
 07/30-13:43	2178.600	2179.200	2177.600	2178.000	           2314	    178.000	   2177.467	   2181.313	   2174.948	   2161.732	           	      1.000	      0.000	      0.000	      0.000	      0.000	      0.000	      0.000	      0.533	      0.000	      0.000	      0.000	
 07/30-13:44	2177.600	2178.000	2170.200	2171.800	           8441	    179.000	   2177.225	   2180.846	   2175.120	   2161.856	           	      1.000	      0.000	      0.000	      0.000	      0.000	      0.000	      0.000	     -5.425	      0.000	      0.000	      0.000	
 07/30-13:45	2171.800	2172.800	2171.400	2171.400	           3334	    180.000	   2177.025	   2180.363	   2175.325	   2161.981	           	      1.000	      0.000	      0.000	      0.000	      0.000	      0.000	      0.000	     -5.625	      0.000	      0.000	      0.000	
 07/30-13:46	2171.200	2173.400	2171.000	2172.000	           3042	    181.000	   2176.808	   2179.942	   2175.505	   2162.111	           	      1.000	      0.000	      0.000	      0.000	      0.000	      0.000	      0.000	     -4.808	      0.000	      0.000	      0.000	
 07/30-13:47	2171.800	2173.600	2171.000	2173.600	           1971	    182.000	   2176.642	   2179.608	   2175.728	   2162.246	           	      1.000	      0.000	      0.000	      0.000	      0.000	      0.000	      0.000	     -3.042	      0.000	      0.000	      0.000	
 07/30-13:48	2173.200	2173.400	2171.400	2172.200	           2588	    183.000	   2176.467	   2179.288	   2175.952	   2162.372	           	      1.000	      0.000	      0.000	      0.000	      0.000	      0.000	      0.000	     -4.267	      0.000	      0.000	      0.000	
 07/30-13:49	2172.200	2174.400	2170.800	2174.400	           2660	    184.000	   2176.350	   2179.038	   2176.179	   2162.500	           	      1.000	      0.000	      0.000	      0.000	      0.000	      0.000	      0.000	     -1.950	      0.000	      0.000	      0.000	
 07/30-13:50	2174.800	2179.000	2174.000	2178.400	           5095	    185.000	   2176.242	   2178.958	   2176.425	   2162.654	           	      1.000	      0.000	      0.000	      0.000	      0.000	      0.000	      0.000	      2.158	      0.000	      0.000	      0.000	
 07/30-13:51	2178.400	2179.400	2177.600	2177.600	           3720	    186.000	   2176.175	   2178.867	   2176.651	   2162.804	           	      1.000	      0.000	      0.000	      0.000	      0.000	      0.000	      0.000	      1.425	      0.000	      0.000	      0.000	
 07/30-13:52	2178.000	2179.400	2177.000	2178.400	           2866	    187.000	   2176.108	   2178.750	   2176.875	   2162.958	           	      1.000	      0.000	      0.000	      0.000	      0.000	      0.000	      0.000	      2.292	      0.000	      0.000	      0.000	
 07/30-13:53	2178.600	2179.400	2178.200	2178.600	           1729	    188.000	   2176.067	   2178.608	   2177.098	   2163.119	           	      1.000	      0.000	      0.000	      0.000	      0.000	      0.000	      0.000	      2.533	      0.000	      0.000	      0.000	
 07/30-13:54	2179.000	2183.800	2178.600	2183.800	           6433	    189.000	   2176.208	   2178.563	   2177.355	   2163.296	           	      1.000	      0.000	      0.000	      0.000	      0.000	      0.000	      0.000	      7.592	      0.000	      0.000	      0.000	
 07/30-13:55	2183.600	2183.800	2180.000	2180.200	           4260	    190.000	   2176.242	   2178.500	   2177.568	   2163.462	           	      1.000	      0.000	      0.000	      0.000	      0.000	      0.000	      0.000	      3.958	      0.000	      0.000	      0.000	
 07/30-13:56	2179.800	2181.600	2179.600	2180.600	           2288	    191.000	   2176.417	   2178.429	   2177.778	   2163.615	           	      1.000	      0.000	      0.000	      0.000	      0.000	      0.000	      0.000	      4.183	      0.000	      0.000	      0.000	
 07/30-13:57	2180.600	2184.800	2180.600	2183.600	           4862	    192.000	   2176.567	   2178.387	   2177.993	   2163.788	           	      1.000	      0.000	      0.000	      0.000	      0.000	      0.000	      0.000	      7.033	      0.000	      0.000	      0.000	
 07/30-13:58	2183.600	2183.600	2180.600	2182.000	           3337	    193.000	   2176.700	   2178.296	   2178.209	   2163.955	           	      1.000	      0.000	      0.000	      0.000	      0.000	      0.000	      0.000	      5.300	      0.000	      0.000	      0.000	
 07/30-13:59	2181.800	2183.600	2180.600	2182.000	           2555	    194.000	   2176.825	   2178.229	   2178.410	   2164.119	           	      1.000	      0.000	      0.000	      0.000	      0.000	      0.000	      0.000	      5.175	      0.000	      0.000	      0.000	
 07/30-14:00	2181.800	2182.800	2178.800	2179.200	           4498	    195.000	   2177.000	   2178.137	   2178.576	   2164.271	           	      1.000	      0.000	      0.000	      0.000	      0.000	      0.000	      0.000	      2.200	      0.000	      0.000	      0.000	
 07/30-14:01	2179.200	2182.600	2179.200	2182.600	           2211	    196.000	   2177.200	   2178.221	   2178.776	   2164.439	           	      1.000	      0.000	      0.000	      0.000	      0.000	      0.000	      0.000	      5.400	      0.000	      0.000	      0.000	
 07/30-14:02	2182.200	2184.200	2180.400	2180.800	           3971	    197.000	   2177.425	   2178.258	   2178.947	   2164.606	           	      1.000	      0.000	      0.000	      0.000	      0.000	      0.000	      0.000	      3.375	      0.000	      0.000	      0.000	
 07/30-14:03	2180.600	2181.400	2179.400	2180.200	           2483	    198.000	   2177.633	   2178.267	   2179.129	   2164.783	           	      1.000	      0.000	      0.000	      0.000	      0.000	      0.000	      0.000	      2.567	      0.000	      0.000	      0.000	
 07/30-14:04	2180.200	2180.200	2173.600	2174.400	           6317	    199.000	   2177.650	   2178.137	   2179.221	   2164.936	           	      1.000	      0.000	      0.000	      0.000	      0.000	      0.000	      0.000	     -3.250	      0.000	      0.000	      0.000	
 07/30-14:05	2174.200	2174.400	2172.000	2173.800	           4382	    200.000	   2177.642	   2177.967	   2179.301	   2165.088	           	      1.000	      0.000	      0.000	      0.000	      0.000	      0.000	      0.000	     -3.842	      0.000	      0.000	      0.000	
 07/30-14:06	2173.800	2173.800	2171.600	2172.800	           3467	    201.000	   2177.592	   2177.800	   2179.363	   2165.240	           	      1.000	      0.000	      0.000	      0.000	      0.000	      0.000	      0.000	     -4.792	      0.000	      0.000	      0.000	
 07/30-14:07	2172.600	2173.400	2172.000	2172.400	           2180	    202.000	   2177.458	   2177.604	   2179.427	   2165.386	           	      1.000	      0.000	      0.000	      0.000	      0.000	      0.000	      0.000	     -5.058	      0.000	      0.000	      0.000	
 07/30-14:08	2172.600	2174.000	2172.400	2174.000	           2243	    203.000	   2177.350	   2177.479	   2179.527	   2165.544	           	      1.000	      0.000	      0.000	      0.000	      0.000	      0.000	      0.000	     -3.350	      0.000	      0.000	      0.000	
 07/30-14:09	2173.800	2174.200	2171.800	2172.800	           2540	    204.000	   2177.200	   2177.383	   2179.608	   2165.704	           	      1.000	      0.000	      0.000	      0.000	      0.000	      0.000	      0.000	     -4.400	      0.000	      0.000	      0.000	
 07/30-14:10	2172.200	2174.000	2172.200	2172.600	           2433	    205.000	   2177.067	   2177.258	   2179.706	   2165.860	           	      1.000	      0.000	      0.000	      0.000	      0.000	      0.000	      0.000	     -4.467	      0.000	      0.000	      0.000	
 07/30-14:11	2172.800	2173.000	2166.000	2167.600	           9197	    206.000	   2176.692	   2177.038	   2179.702	   2165.988	           	      1.000	      0.000	      0.000	      0.000	      0.000	      0.000	      0.000	     -9.092	      0.000	      0.000	      0.000	
 07/30-14:12	2167.800	2167.800	2164.200	2164.600	           5046	    207.000	   2176.217	   2176.817	   2179.679	   2166.109	           	      1.000	      0.000	      0.000	      0.000	      0.000	      0.000	      0.000	    -11.616	      0.000	      0.000	      0.000	
 07/30-14:13	2165.000	2166.800	2164.600	2166.400	           2714	    208.000	   2175.825	   2176.646	   2179.698	   2166.229	           	      1.000	      0.000	      0.000	      0.000	      0.000	      0.000	      0.000	     -9.425	      0.000	      0.000	      0.000	
 07/30-14:14	2166.200	2166.400	2163.400	2165.400	           3579	    209.000	   2175.617	   2176.421	   2179.712	   2166.340	           	      1.000	      0.000	      0.000	      0.000	      0.000	      0.000	      0.000	    -10.217	      0.000	      0.000	      0.000	
 07/30-14:15	2165.400	2166.600	2164.200	2166.600	           2720	    210.000	   2175.450	   2176.238	   2179.731	   2166.447	           	      1.000	      0.000	      0.000	      0.000	      0.000	      0.000	      0.000	     -8.850	      0.000	      0.000	      0.000	
 07/30-14:16	2166.600	2168.000	2166.000	2168.000	           2513	    211.000	   2175.317	   2176.063	   2179.775	   2166.562	           	      1.000	      0.000	      0.000	      0.000	      0.000	      0.000	      0.000	     -7.317	      0.000	      0.000	      0.000	
 07/30-14:17	2167.800	2167.800	2166.400	2167.000	           1822	    212.000	   2175.100	   2175.871	   2179.819	   2166.666	           	      1.000	      0.000	      0.000	      0.000	      0.000	      0.000	      0.000	     -8.100	      0.000	      0.000	      0.000	
 07/30-14:18	2167.200	2167.200	2165.600	2167.200	           1743	    213.000	   2174.933	   2175.700	   2179.873	   2166.776	           	      1.000	      0.000	      0.000	      0.000	      0.000	      0.000	      0.000	     -7.733	      0.000	      0.000	      0.000	
 07/30-14:19	2167.200	2168.800	2167.000	2168.200	           2350	    214.000	   2174.725	   2175.538	   2179.938	   2166.884	           	      1.000	      0.000	      0.000	      0.000	      0.000	      0.000	      0.000	     -6.525	      0.000	      0.000	      0.000	
 07/30-14:20	2168.000	2168.200	2166.600	2166.800	           1705	    215.000	   2174.342	   2175.292	   2179.960	   2166.985	           	      1.000	      0.000	      0.000	      0.000	      0.000	      0.000	      0.000	     -7.542	      0.000	      0.000	      0.000	
 07/30-14:21	2166.600	2167.200	2164.200	2166.400	           3353	    216.000	   2173.967	   2175.071	   2180.000	   2167.089	           	      1.000	      0.000	      0.000	      0.000	      0.000	      0.000	      0.000	     -7.567	      0.000	      0.000	      0.000	
 07/30-14:22	2166.600	2168.400	2166.000	2167.400	           2677	    217.000	   2173.600	   2174.854	   2180.046	   2167.198	           	      1.000	      0.000	      0.000	      0.000	      0.000	      0.000	      0.000	     -6.200	      0.000	      0.000	      0.000	
 07/30-14:23	2167.800	2169.400	2167.400	2168.800	           2336	    218.000	   2173.267	   2174.667	   2180.104	   2167.313	           	      1.000	      0.000	      0.000	      0.000	      0.000	      0.000	      0.000	     -4.467	      0.000	      0.000	      0.000	
 07/30-14:24	2169.200	2169.200	2167.600	2168.000	           1426	    219.000	   2172.742	   2174.475	   2180.142	   2167.424	           	      1.000	      0.000	      0.000	      0.000	      0.000	      0.000	      0.000	     -4.742	      0.000	      0.000	      0.000	
 07/30-14:25	2168.400	2168.400	2167.400	2168.200	           1506	    220.000	   2172.342	   2174.292	   2180.156	   2167.535	           	      1.000	      0.000	      0.000	      0.000	      0.000	      0.000	      0.000	     -4.142	      0.000	      0.000	      0.000	
 07/30-14:26	2167.800	2168.000	2164.200	2166.400	           3863	    221.000	   2171.875	   2174.146	   2180.167	   2167.637	           	      1.000	      0.000	      0.000	      0.000	      0.000	      0.000	      0.000	     -5.475	      0.000	      0.000	      0.000	
 07/30-14:27	2166.400	2168.400	2165.800	2167.600	           1858	    222.000	   2171.342	   2173.954	   2180.156	   2167.737	           	      1.000	      0.000	      0.000	      0.000	      0.000	      0.000	      0.000	     -3.741	      0.000	      0.000	      0.000	
 07/30-14:28	2167.600	2171.800	2167.000	2171.600	           4367	    223.000	   2171.000	   2173.850	   2180.017	   2167.855	           	      1.000	      0.000	      0.000	      0.000	      0.000	      0.000	      0.000	      0.600	      0.000	      0.000	      0.000	
 07/30-14:29	2171.600	2171.600	2169.000	2169.000	           2355	    224.000	   2170.567	   2173.696	   2179.856	   2167.965	           	      1.000	      0.000	      0.000	      0.000	      0.000	      0.000	      0.000	     -1.567	      0.000	      0.000	      0.000	
 07/30-14:30	2169.200	2169.200	2165.000	2166.800	           3176	    225.000	   2170.150	   2173.575	   2179.656	   2168.074	           	      1.000	      0.000	      0.000	      0.000	      0.000	      0.000	      0.000	     -3.350	      0.000	      0.000	      0.000	
 07/30-14:31	2166.600	2167.000	2164.200	2164.200	           2214	    226.000	   2169.533	   2173.367	   2179.458	   2168.171	           	      1.000	      0.000	      0.000	      0.000	      0.000	      0.000	      0.000	     -5.333	      0.000	      0.000	      0.000	
 07/30-14:32	2164.200	2166.000	2164.200	2165.600	           2921	    227.000	   2169.025	   2173.225	   2179.279	   2168.274	           	      1.000	      0.000	      0.000	      0.000	      0.000	      0.000	      0.000	     -3.425	      0.000	      0.000	      0.000	
 07/30-14:33	2165.600	2166.000	2164.600	2165.200	           1780	    228.000	   2168.525	   2173.079	   2179.102	   2168.372	           	      1.000	      0.000	      0.000	      0.000	      0.000	      0.000	      0.000	     -3.325	      0.000	      0.000	      0.000	
 07/30-14:34	2165.400	2166.200	2162.800	2165.600	           4835	    229.000	   2168.233	   2172.942	   2178.921	   2168.468	           	      1.000	      0.000	      0.000	      0.000	      0.000	      0.000	      0.000	     -2.633	      0.000	      0.000	      0.000	
 07/30-14:35	2165.400	2168.600	2164.600	2167.800	           2467	    230.000	   2168.033	   2172.837	   2178.731	   2168.572	           	      1.000	      0.000	      0.000	      0.000	      0.000	      0.000	      0.000	     -0.233	      0.000	      0.000	      0.000	
 07/30-14:36	2167.600	2168.000	2166.600	2167.600	           2274	    231.000	   2167.858	   2172.725	   2178.500	   2168.675	           	      1.000	      0.000	      0.000	      0.000	      0.000	      0.000	      0.000	     -0.258	      0.000	      0.000	      0.000	
 07/30-14:37	2167.800	2169.600	2167.800	2168.600	           2872	    232.000	   2167.733	   2172.596	   2178.188	   2168.781	           	      1.000	      0.000	      0.000	      0.000	      0.000	      0.000	      0.000	      0.867	      0.000	      0.000	      0.000	
 07/30-14:38	2168.600	2169.800	2167.600	2169.000	           2029	    233.000	   2167.567	   2172.458	   2177.894	   2168.893	           	      1.000	      0.000	      0.000	      0.000	      0.000	      0.000	      0.000	      1.433	      0.000	      0.000	      0.000	
 07/30-14:39	2169.000	2169.400	2167.200	2167.600	           2011	    234.000	   2167.400	   2172.300	   2177.592	   2169.000	           	      1.000	      0.000	      0.000	      0.000	      0.000	      0.000	      0.000	      0.200	      0.000	      0.000	      0.000	
 07/30-14:40	2167.800	2169.600	2167.600	2169.000	           1840	    235.000	   2167.275	   2172.171	   2177.329	   2169.107	           	      1.000	      0.000	      0.000	      0.000	      0.000	      0.000	      0.000	      1.725	      0.000	      0.000	      0.000	
 07/30-14:41	2168.800	2169.200	2166.400	2167.600	           2066	    236.000	   2167.275	   2171.983	   2177.046	   2169.204	           	      1.000	      0.000	      0.000	      0.000	      0.000	      0.000	      0.000	      0.325	      0.000	      0.000	      0.000	
 07/30-14:42	2167.600	2168.200	2166.400	2167.200	           1292	    237.000	   2167.358	   2171.788	   2176.758	   2169.295	           	      1.000	      0.000	      0.000	      0.000	      0.000	      0.000	      0.000	     -0.158	      0.000	      0.000	      0.000	
 07/30-14:43	2167.000	2167.800	2163.800	2163.800	           2950	    238.000	   2167.275	   2171.550	   2176.431	   2169.371	           	      1.000	      0.000	      0.000	      0.000	      0.000	      0.000	      0.000	     -3.475	      0.000	      0.000	      0.000	
 07/30-14:44	2164.000	2164.400	2162.400	2164.400	           4536	    239.000	   2167.242	   2171.429	   2176.137	   2169.452	           	      1.000	      0.000	      0.000	      0.000	      0.000	      0.000	      0.000	     -2.842	      0.000	      0.000	      0.000	
 07/30-14:45	2164.600	2164.600	2160.600	2161.800	           5185	    240.000	   2167.083	   2171.267	   2175.815	   2169.520	           	      1.000	      0.000	      0.000	      0.000	      0.000	      0.000	      0.000	     -5.283	      0.000	      0.000	      0.000	
 07/30-14:46	2162.000	2162.800	2161.600	2162.600	           1937	    241.000	   2166.900	   2171.108	   2175.525	   2169.592	           	      1.000	      0.000	      0.000	      0.000	      0.000	      0.000	      0.000	     -4.300	      0.000	      0.000	      0.000	
 07/30-14:47	2162.400	2163.200	2161.600	2162.200	           1828	    242.000	   2166.742	   2170.921	   2175.265	   2169.657	           	      1.000	      0.000	      0.000	      0.000	      0.000	      0.000	      0.000	     -4.542	      0.000	      0.000	      0.000	
 07/30-14:48	2161.800	2163.600	2161.800	2162.800	           1763	    243.000	   2166.592	   2170.762	   2175.025	   2169.701	           	      1.000	      0.000	      0.000	      0.000	      0.000	      0.000	      0.000	     -3.792	      0.000	      0.000	      0.000	
 07/30-14:49	2162.800	2163.000	2161.600	2162.600	           1451	    244.000	   2166.408	   2170.567	   2174.802	   2169.742	           	      1.000	      0.000	      0.000	      0.000	      0.000	      0.000	      0.000	     -3.808	      0.000	      0.000	      0.000	
 07/30-14:50	2162.200	2163.200	2161.400	2163.000	           1837	    245.000	   2166.283	   2170.313	   2174.635	   2169.774	           	      1.000	      0.000	      0.000	      0.000	      0.000	      0.000	      0.000	     -3.283	      0.000	      0.000	      0.000	
 07/30-14:51	2163.000	2164.600	2162.800	2164.400	           2672	    246.000	   2166.208	   2170.087	   2174.477	   2169.798	           	      0.000	      0.000	      1.000	      0.000	      0.000	      0.000	      0.000	     -1.808	      0.000	      0.000	      0.000	
 07/30-14:52	2164.400	2164.600	2163.000	2164.200	           1323	    247.000	   2166.108	   2169.854	   2174.302	   2169.825	           	      0.000	      0.000	      1.000	      0.000	      0.000	      0.000	      0.000	     -1.908	      0.000	      0.000	      0.000	
 07/30-14:53	2164.000	2164.400	2163.000	2163.400	           1344	    248.000	   2165.933	   2169.600	   2174.104	   2169.837	           	      0.000	      0.000	      1.000	      0.000	      0.000	      0.000	      0.000	     -2.533	      0.000	      0.000	      0.000	
 07/30-14:54	2163.400	2164.200	2162.800	2162.800	           1043	    249.000	   2165.758	   2169.250	   2173.906	   2169.847	           	      0.000	      0.000	      1.000	      0.000	      0.000	      0.000	      0.000	     -2.958	      0.000	      0.000	      0.000	
 07/30-14:55	2162.800	2162.800	2160.400	2162.000	           3273	    250.000	   2165.550	   2168.946	   2173.723	   2169.841	           	      0.000	      0.000	      1.000	      0.000	      0.000	      0.000	      0.000	     -3.550	      0.000	      0.000	      0.000	
 07/30-14:56	2162.000	2163.800	2161.800	2163.200	           1870	    251.000	   2165.442	   2168.658	   2173.544	   2169.856	           	      0.000	      0.000	      1.000	      0.000	      0.000	      0.000	      0.000	     -2.242	      0.000	      0.000	      0.000	
 07/30-14:57	2163.600	2167.000	2163.400	2165.400	           3942	    252.000	   2165.367	   2168.354	   2173.371	   2169.881	           	      0.000	      0.000	      1.000	      0.000	      0.000	      0.000	      0.000	      0.033	      0.000	      0.000	      0.000	
 07/30-14:58	2166.000	2166.000	2164.200	2165.400	           2168	    253.000	   2165.158	   2168.079	   2173.188	   2169.905	           	      0.000	      0.000	      1.000	      0.000	      0.000	      0.000	      0.000	      0.241	      0.000	      0.000	      0.000	
 07/30-14:59	2165.400	2165.800	2163.600	2164.200	           1869	    254.000	   2165.000	   2167.783	   2173.006	   2169.937	           	      0.000	      0.000	      1.000	      0.000	      0.000	      0.000	      0.000	     -0.800	      0.000	      0.000	      0.000	
 07/30-15:00	2164.000	2164.400	2162.800	2163.200	           1898	    255.000	   2164.875	   2167.512	   2172.825	   2169.957	           	      0.000	      0.000	      1.000	      0.000	      0.000	      0.000	      0.000	     -1.675	      0.000	      0.000	      0.000	
 07/30-15:01	2163.200	2164.600	2163.000	2164.600	           1327	    256.000	   2164.892	   2167.212	   2172.717	   2169.980	           	      0.000	      0.000	      1.000	      0.000	      0.000	      0.000	      0.000	     -0.292	      0.000	      0.000	      0.000	
 07/30-15:02	2164.800	2164.800	2161.400	2161.600	           2096	    257.000	   2164.758	   2166.892	   2172.575	   2169.992	           	      0.000	      0.000	      1.000	      0.000	      0.000	      0.000	      0.000	     -3.158	      0.000	      0.000	      0.000	
 07/30-15:03	2162.400	2164.200	2162.000	2164.200	           1114	    258.000	   2164.725	   2166.625	   2172.446	   2170.012	           	      0.000	      0.000	      1.000	      0.000	      0.000	      0.000	      0.000	     -0.525	      0.000	      0.000	      0.000	
 07/30-15:04	2163.800	2164.000	2163.000	2163.000	            961	    259.000	   2164.642	   2166.438	   2172.288	   2170.019	           	      0.000	      0.000	      1.000	      0.000	      0.000	      0.000	      0.000	     -1.642	      0.000	      0.000	      0.000	
 07/30-15:05	2163.000	2164.600	2162.600	2164.400	           1149	    260.000	   2164.533	   2166.283	   2172.125	   2170.043	           	      0.000	      0.000	      1.000	      0.000	      0.000	      0.000	      0.000	     -0.134	      0.000	      0.000	      0.000	
 07/30-15:06	2164.600	2165.400	2164.400	2164.800	           2444	    261.000	   2164.433	   2166.146	   2171.973	   2170.035	           	      0.000	      0.000	      1.000	      0.000	      0.000	      0.000	      0.000	      0.367	      0.000	      0.000	      0.000	
 07/30-15:07	2164.800	2166.000	2164.200	2165.800	           1939	    262.000	   2164.342	   2166.038	   2171.821	   2170.025	           	      0.000	      0.000	      1.000	      0.000	      0.000	      0.000	      0.000	      1.458	      0.000	      0.000	      0.000	
 07/30-15:08	2165.600	2165.800	2163.600	2163.800	           1402	    263.000	   2164.167	   2165.867	   2171.673	   2170.001	           	      0.000	      0.000	      1.000	      0.000	      0.000	      0.000	      0.000	     -0.367	      0.000	      0.000	      0.000	
 07/30-15:09	2163.800	2165.000	2163.600	2164.400	            930	    264.000	   2164.058	   2165.729	   2171.556	   2169.983	           	      0.000	      0.000	      1.000	      0.000	      0.000	      0.000	      0.000	      0.342	      0.000	      0.000	      0.000	
 07/30-15:10	2164.400	2165.600	2164.000	2165.000	           1409	    265.000	   2163.925	   2165.600	   2171.429	   2169.974	           	      0.000	      0.000	      1.000	      0.000	      0.000	      0.000	      0.000	      1.075	      0.000	      0.000	      0.000	
 07/30-15:11	2165.400	2167.200	2165.000	2167.200	           2090	    266.000	   2163.917	   2165.596	   2171.317	   2169.973	           	      0.000	      0.000	      1.000	      0.000	      0.000	      0.000	      0.000	      3.283	      0.000	      0.000	      0.000	
 07/30-15:12	2167.400	2170.000	2166.600	2168.000	           4314	    267.000	   2163.942	   2165.650	   2171.233	   2169.971	           	      0.000	      0.000	      1.000	      0.000	      0.000	      0.000	      0.000	      4.058	      0.000	      0.000	      0.000	
 07/30-15:13	2167.400	2168.000	2166.400	2168.000	           2205	    268.000	   2164.083	   2165.679	   2171.163	   2169.972	           	      0.000	      0.000	      1.000	      0.000	      0.000	      0.000	      0.000	      3.917	      0.000	      0.000	      0.000	
 07/30-15:14	2168.000	2168.400	2167.200	2167.800	           2317	    269.000	   2164.192	   2165.717	   2171.069	   2169.996	           	      0.000	      0.000	      1.000	      0.000	      0.000	      0.000	      0.000	      3.608	      0.000	      0.000	      0.000	
 07/30-15:15	2168.000	2169.000	2167.600	2168.200	           2638	    270.000	   2164.408	   2165.746	   2170.992	   2170.022	           	      0.000	      0.000	      1.000	      0.000	      0.000	      0.000	      0.000	      3.792	      0.000	      0.000	      0.000	