 05/16-09:16	2474.400	2476.400	2472.200	2475.600	           5014	   2475.908	   2475.260	   2475.275	   2475.346	      1.000	      1.000	      0.000	      0.000	      1.000	      1.000	      1.000	      0.000	      0.000	      1.000	      5.000	      0.000	      0.000	   2501.000	   2488.000	   2461.000	   2448.000	
 05/16-09:17	2476.200	2476.200	2474.200	2475.000	           1628	   2475.821	   2475.294	   2475.233	   2475.343	      0.000	      0.000	      0.000	      0.000	      0.000	      1.000	      1.000	      0.000	      0.000	      1.000	      5.000	      0.000	      0.000	   2501.000	   2488.000	   2461.000	   2448.000	
 05/16-09:18	2475.400	2476.800	2474.800	2476.200	           1440	   2475.758	   2475.346	   2475.201	   2475.346	      1.000	      1.000	      0.000	      0.000	      1.000	      1.000	      1.000	      0.000	      0.000	      1.000	      5.000	      0.000	      0.000	   2501.000	   2488.000	   2461.000	   2448.000	
 05/16-09:19	2476.000	2476.400	2475.000	2475.400	            784	   2475.696	   2475.383	   2475.155	   2475.345	      1.000	      0.000	      0.000	      0.000	      0.000	      1.000	      1.000	      0.000	      0.000	      0.000	      5.000	      0.000	      0.000	   2501.000	   2488.000	   2461.000	   2448.000	
 05/16-09:20	2475.400	2476.400	2475.000	2476.400	            800	   2475.696	   2475.431	   2475.112	   2475.353	      0.000	      0.000	      0.000	      0.000	      0.000	      1.000	      1.000	      0.000	      0.000	      0.000	      5.000	      0.000	      0.000	   2501.000	   2488.000	   2461.000	   2448.000	
 05/16-09:21	2476.400	2476.400	2474.400	2474.400	            950	   2475.654	   2475.454	   2475.050	   2475.355	      0.000	      0.000	      0.000	      0.000	      1.000	      0.000	      1.000	      0.000	      0.000	      0.000	      5.000	      0.000	      0.000	   2501.000	   2488.000	   2461.000	   2448.000	
 05/16-09:22	2474.400	2474.800	2468.800	2470.400	           4141	   2475.454	   2475.385	   2474.975	   2475.350	      0.000	      0.000	      0.000	      0.000	      1.000	      1.000	      1.000	      1.000	      0.000	      1.000	      5.000	      0.000	      0.000	   2501.000	   2488.000	   2461.000	   2448.000	
 05/16-09:23	2470.200	2472.000	2470.000	2471.400	           1848	   2475.267	   2475.356	   2474.909	   2475.338	      1.000	      1.000	      0.000	      0.000	      1.000	      1.000	      1.000	      0.000	      0.000	      1.000	      5.000	      0.000	      0.000	   2501.000	   2488.000	   2461.000	   2448.000	
 05/16-09:24	2471.600	2471.600	2470.200	2470.600	           1277	   2475.071	   2475.356	   2474.834	   2475.321	      0.000	      0.000	      0.000	      0.000	      0.000	      1.000	      1.000	      0.000	      0.000	      1.000	      5.000	      0.000	      0.000	   2501.000	   2488.000	   2461.000	   2448.000	
 05/16-09:25	2470.400	2471.600	2470.400	2471.200	            945	   2474.879	   2475.356	   2474.758	   2475.310	      1.000	      0.000	      0.000	      0.000	      1.000	      0.000	      1.000	      0.000	      0.000	      0.000	      5.000	      0.000	      0.000	   2501.000	   2488.000	   2461.000	   2448.000	
 05/16-09:26	2471.000	2471.000	2461.000	2463.600	           7364	   2474.450	   2475.238	   2474.624	   2475.266	      0.000	      0.000	      0.000	      0.000	      1.000	      1.000	      1.000	      1.000	      1.000	      1.000	      5.000	      0.000	      1.000	   2501.000	   2488.000	   2461.000	   2448.000	
 05/16-09:27	2464.200	2464.800	2462.600	2462.600	           3009	   2473.983	   2475.096	   2474.475	   2475.211	      1.000	      1.000	      0.000	      0.000	      1.000	      0.000	      1.000	      0.000	      1.000	      0.000	      5.000	      0.000	      0.000	   2501.000	   2488.000	   2461.000	   2448.000	
 05/16-09:28	2462.200	2462.200	2458.400	2461.600	           4726	   2473.471	   2474.952	   2474.303	   2475.147	      0.000	      0.000	      0.000	      0.000	      0.000	      1.000	      1.000	      1.000	      1.000	      1.000	      5.000	      0.000	      1.000	   2501.000	   2488.000	   2461.000	   2448.000	
 05/16-09:29	2461.800	2464.000	2461.400	2463.400	           2399	   2472.967	   2474.823	   2474.151	   2475.090	      1.000	      1.000	      0.000	      0.000	      1.000	      1.000	      1.000	      0.000	      1.000	      0.000	      5.000	      0.000	      0.000	   2501.000	   2488.000	   2461.000	   2448.000	
 05/16-09:30	2463.400	2463.600	2460.200	2461.800	           2073	   2472.375	   2474.621	   2473.997	   2475.022	      1.000	      0.000	      0.000	      0.000	      1.000	      1.000	      1.000	      0.000	      1.000	      0.000	      5.000	      0.000	      0.000	   2501.000	   2488.000	   2461.000	   2448.000	
 05/16-09:31	2461.600	2463.200	2460.000	2461.400	           2753	   2471.808	   2474.356	   2473.836	   2474.946	      1.000	      1.000	      0.000	      0.000	      1.000	      1.000	      1.000	      0.000	      1.000	      0.000	      5.000	      0.000	      0.000	   2501.000	   2488.000	   2461.000	   2448.000	
 05/16-09:32	2461.200	2461.800	2456.600	2456.600	           4543	   2471.100	   2474.017	   2473.641	   2474.847	      1.000	      1.000	      0.000	      0.000	      0.000	      0.000	      1.000	      1.000	      1.000	      1.000	      5.000	      0.000	      0.000	   2501.000	   2488.000	   2461.000	   2448.000	
 05/16-09:33	2457.000	2462.800	2457.000	2462.000	           3003	   2470.608	   2473.765	   2473.494	   2474.771	      1.000	      1.000	      0.000	      0.000	      1.000	      0.000	      1.000	      0.000	      1.000	      1.000	      5.000	      0.000	      0.000	   2501.000	   2488.000	   2461.000	   2448.000	
 05/16-09:34	2462.200	2462.400	2459.600	2460.400	           2181	   2470.133	   2473.462	   2473.352	   2474.692	      0.000	      0.000	      0.000	      0.000	      1.000	      1.000	      1.000	      0.000	      1.000	      1.000	      5.000	      0.000	      0.000	   2501.000	   2488.000	   2461.000	   2448.000	
 05/16-09:35	2460.400	2461.400	2459.800	2460.000	           1444	   2469.621	   2473.171	   2473.202	   2474.600	      1.000	      1.000	      0.000	      0.000	      1.000	      1.000	      1.000	      0.000	      1.000	      0.000	      5.000	      0.000	      0.000	   2501.000	   2488.000	   2461.000	   2448.000	
 05/16-09:36	2459.800	2459.800	2453.600	2455.200	           7109	   2468.962	   2472.800	   2473.008	   2474.479	      0.000	      0.000	      0.000	      0.000	      1.000	      1.000	      1.000	      1.000	      1.000	      1.000	      5.000	      0.000	      1.000	   2501.000	   2488.000	   2461.000	   2448.000	
 05/16-09:37	2455.200	2457.600	2455.200	2456.400	           2231	   2468.333	   2472.456	   2472.849	   2474.356	      1.000	      1.000	      0.000	      0.000	      0.000	      0.000	      1.000	      0.000	      1.000	      1.000	      5.000	      0.000	      0.000	   2501.000	   2488.000	   2461.000	   2448.000	
 05/16-09:38	2456.400	2459.400	2456.400	2457.600	           2359	   2467.733	   2472.131	   2472.704	   2474.246	      1.000	      1.000	      0.000	      0.000	      0.000	      0.000	      1.000	      0.000	      1.000	      0.000	      5.000	      0.000	      0.000	   2501.000	   2488.000	   2461.000	   2448.000	
 05/16-09:39	2457.400	2459.800	2456.000	2457.800	           2197	   2467.192	   2471.788	   2472.552	   2474.144	      1.000	      1.000	      0.000	      0.000	      1.000	      1.000	      1.000	      0.000	      1.000	      1.000	      5.000	      0.000	      0.000	   2501.000	   2488.000	   2461.000	   2448.000	
 05/16-09:40	2457.600	2458.800	2457.200	2458.200	           1393	   2466.642	   2471.488	   2472.408	   2474.050	      1.000	      1.000	      0.000	      0.000	      0.000	      1.000	      1.000	      0.000	      1.000	      0.000	      5.000	      0.000	      0.000	   2501.000	   2488.000	   2461.000	   2448.000	
 05/16-09:41	2458.000	2460.800	2456.400	2460.800	           2869	   2466.192	   2471.223	   2472.300	   2473.969	      0.000	      0.000	      0.000	      0.000	      0.000	      1.000	      1.000	      0.000	      1.000	      1.000	      5.000	      0.000	      0.000	   2501.000	   2488.000	   2461.000	   2448.000	
 05/16-09:42	2460.400	2461.800	2459.400	2460.800	           2778	   2465.758	   2470.967	   2472.190	   2473.887	      1.000	      1.000	      0.000	      0.000	      1.000	      1.000	      1.000	      0.000	      1.000	      1.000	      5.000	      0.000	      0.000	   2501.000	   2488.000	   2461.000	   2448.000	
 05/16-09:43	2461.000	2461.200	2459.600	2459.600	           1375	   2465.304	   2470.727	   2472.068	   2473.805	      1.000	      0.000	      0.000	      0.000	      1.000	      0.000	      1.000	      0.000	      1.000	      0.000	      5.000	      0.000	      0.000	   2501.000	   2488.000	   2461.000	   2448.000	
 05/16-09:44	2459.600	2460.200	2456.000	2457.200	           2964	   2464.821	   2470.433	   2471.925	   2473.707	      1.000	      1.000	      0.000	      0.000	      1.000	      1.000	      1.000	      0.000	      1.000	      1.000	      5.000	      0.000	      0.000	   2501.000	   2488.000	   2461.000	   2448.000	
 05/16-09:45	2457.400	2459.000	2457.000	2458.800	           1456	   2464.413	   2470.167	   2471.803	   2473.624	      1.000	      0.000	      0.000	      0.000	      0.000	      1.000	      1.000	      0.000	      1.000	      1.000	      5.000	      0.000	      0.000	   2501.000	   2488.000	   2461.000	   2448.000	
 05/16-09:46	2458.400	2460.000	2457.600	2460.000	           2024	   2463.892	   2469.900	   2471.695	   2473.556	      0.000	      0.000	      0.000	      0.000	      0.000	      1.000	      1.000	      0.000	      1.000	      1.000	      5.000	      0.000	      0.000	   2501.000	   2488.000	   2461.000	   2448.000	
 05/16-09:47	2460.000	2461.000	2460.000	2460.600	           1942	   2463.413	   2469.617	   2471.594	   2473.490	      1.000	      0.000	      0.000	      0.000	      0.000	      0.000	      1.000	      0.000	      1.000	      0.000	      5.000	      0.000	      0.000	   2501.000	   2488.000	   2461.000	   2448.000	
 05/16-09:48	2460.400	2461.400	2458.800	2461.400	           1720	   2462.921	   2469.340	   2471.503	   2473.426	      0.000	      0.000	      0.000	      0.000	      0.000	      1.000	      1.000	      0.000	      1.000	      1.000	      5.000	      0.000	      0.000	   2501.000	   2488.000	   2461.000	   2448.000	
 05/16-09:49	2461.400	2484.600	2460.400	2483.200	          18504	   2463.179	   2469.438	   2471.592	   2473.452	      0.000	      1.000	      1.000	      1.000	      1.000	      0.000	      1.000	      0.000	      0.000	      1.000	      5.000	      0.000	      0.000	   2501.000	   2488.000	   2461.000	   2448.000	
 05/16-09:50	2484.000	2484.000	2478.800	2483.000	           9941	   2463.400	   2469.548	   2471.674	   2473.488	      0.000	      0.000	      0.000	      1.000	      0.000	      1.000	      1.000	      0.000	      0.000	      1.000	      5.000	      0.000	      0.000	   2501.000	   2488.000	   2461.000	   2448.000	
 05/16-09:51	2483.200	2501.600	2483.000	2495.200	          17648	   2464.092	   2469.873	   2471.856	   2473.573	      1.000	      1.000	      1.000	      1.000	      1.000	      0.000	      1.000	      0.000	      0.000	      1.000	      5.000	      1.000	      0.000	   2501.000	   2488.000	   2461.000	   2448.000	
 05/16-09:52	2495.400	2496.000	2490.000	2490.200	           6367	   2464.754	   2470.104	   2471.997	   2473.638	      1.000	      1.000	      0.000	      1.000	      1.000	      0.000	      1.000	      0.000	      0.000	      0.000	      5.000	      0.000	      0.000	   2501.000	   2488.000	   2461.000	   2448.000	
 05/16-09:53	2489.200	2489.400	2481.200	2485.800	           8865	   2465.233	   2470.250	   2472.106	   2473.679	      0.000	      0.000	      0.000	      1.000	      1.000	      1.000	      1.000	      0.000	      0.000	      1.000	      5.000	      0.000	      0.000	   2501.000	   2488.000	   2461.000	   2448.000	
 05/16-09:54	2485.400	2487.800	2484.200	2484.400	           4149	   2465.696	   2470.383	   2472.196	   2473.720	      1.000	      1.000	      0.000	      1.000	      1.000	      1.000	      1.000	      0.000	      0.000	      0.000	      5.000	      0.000	      0.000	   2501.000	   2488.000	   2461.000	   2448.000	
 05/16-09:55	2484.200	2487.000	2483.800	2484.200	           3675	   2466.125	   2470.502	   2472.284	   2473.761	      1.000	      1.000	      0.000	      1.000	      1.000	      1.000	      1.000	      0.000	      0.000	      0.000	      5.000	      0.000	      0.000	   2501.000	   2488.000	   2461.000	   2448.000	
 05/16-09:56	2484.200	2485.400	2481.200	2482.800	           5223	   2466.767	   2470.608	   2472.377	   2473.798	      1.000	      1.000	      0.000	      1.000	      0.000	      1.000	      1.000	      0.000	      0.000	      1.000	      5.000	      0.000	      0.000	   2501.000	   2488.000	   2461.000	   2448.000	
 05/16-09:57	2483.000	2486.000	2483.000	2485.200	           2768	   2467.521	   2470.752	   2472.501	   2473.837	      1.000	      1.000	      0.000	      1.000	      1.000	      0.000	      1.000	      0.000	      0.000	      0.000	      5.000	      0.000	      0.000	   2501.000	   2488.000	   2461.000	   2448.000	
 05/16-09:58	2485.400	2485.600	2478.000	2480.800	           5391	   2468.163	   2470.817	   2472.597	   2473.858	      0.000	      0.000	      0.000	      1.000	      1.000	      1.000	      1.000	      0.000	      0.000	      1.000	      5.000	      0.000	      0.000	   2501.000	   2488.000	   2461.000	   2448.000	
 05/16-09:59	2480.600	2481.800	2479.200	2480.600	           2516	   2468.733	   2470.850	   2472.679	   2473.892	      1.000	      1.000	      0.000	      1.000	      0.000	      1.000	      1.000	      0.000	      0.000	      1.000	      5.000	      0.000	      0.000	   2501.000	   2488.000	   2461.000	   2448.000	
 05/16-10:00	2480.600	2483.600	2480.400	2482.200	           2780	   2469.413	   2470.894	   2472.798	   2473.917	      1.000	      1.000	      0.000	      1.000	      1.000	      1.000	      1.000	      0.000	      0.000	      0.000	      5.000	      0.000	      0.000	   2501.000	   2488.000	   2461.000	   2448.000	
 05/16-10:01	2482.000	2482.200	2479.200	2481.400	           2670	   2470.079	   2470.944	   2472.903	   2473.938	      1.000	      0.000	      0.000	      1.000	      0.000	      1.000	      1.000	      0.000	      0.000	      1.000	      5.000	      0.000	      0.000	   2501.000	   2488.000	   2461.000	   2448.000	
 05/16-10:02	2481.400	2483.000	2480.600	2480.800	           1637	   2470.887	   2470.994	   2472.994	   2473.958	      1.000	      1.000	      0.000	      1.000	      1.000	      1.000	      1.000	      0.000	      0.000	      0.000	      5.000	      0.000	      0.000	   2501.000	   2488.000	   2461.000	   2448.000	
 05/16-10:03	2480.800	2481.400	2479.200	2479.600	           1829	   2471.471	   2471.040	   2473.062	   2473.973	      1.000	      1.000	      0.000	      1.000	      1.000	      1.000	      1.000	      0.000	      0.000	      0.000	      5.000	      0.000	      0.000	   2501.000	   2488.000	   2461.000	   2448.000	
 05/16-10:04	2479.600	2480.400	2472.600	2472.600	           6674	   2471.879	   2471.006	   2473.067	   2473.966	      1.000	      1.000	      0.000	      0.000	      1.000	      0.000	      1.000	      0.000	      0.000	      0.000	      5.000	      0.000	      0.000	   2501.000	   2488.000	   2461.000	   2448.000	
 05/16-10:05	2473.200	2474.600	2471.600	2473.600	           4691	   2472.333	   2470.977	   2473.080	   2473.958	      1.000	      1.000	      0.000	      0.000	      0.000	      1.000	      1.000	      0.000	      0.000	      1.000	      5.000	      0.000	      0.000	   2501.000	   2488.000	   2461.000	   2448.000	
 05/16-10:06	2473.800	2475.600	2473.600	2474.400	           2815	   2472.971	   2470.967	   2473.097	   2473.963	      1.000	      1.000	      0.000	      0.000	      0.000	      1.000	      1.000	      0.000	      0.000	      1.000	      5.000	      0.000	      0.000	   2501.000	   2488.000	   2461.000	   2448.000	
 05/16-10:07	2474.600	2476.000	2474.400	2475.200	           1914	   2473.600	   2470.967	   2473.116	   2473.971	      1.000	      1.000	      0.000	      0.000	      0.000	      1.000	      1.000	      0.000	      0.000	      0.000	      5.000	      0.000	      0.000	   2501.000	   2488.000	   2461.000	   2448.000	
 05/16-10:08	2475.200	2478.200	2473.800	2477.800	           2772	   2474.271	   2471.002	   2473.158	   2473.993	      1.000	      0.000	      0.000	      0.000	      1.000	      1.000	      1.000	      0.000	      0.000	      1.000	      5.000	      0.000	      0.000	   2501.000	   2488.000	   2461.000	   2448.000	
 05/16-10:09	2477.400	2477.400	2474.400	2474.400	           1930	   2474.825	   2471.008	   2473.171	   2473.998	      0.000	      0.000	      0.000	      0.000	      1.000	      0.000	      1.000	      0.000	      0.000	      0.000	      5.000	      0.000	      0.000	   2501.000	   2488.000	   2461.000	   2448.000	
 05/16-10:10	2474.400	2476.400	2473.600	2474.400	           2227	   2475.367	   2471.004	   2473.175	   2474.002	      1.000	      1.000	      0.000	      0.000	      0.000	      1.000	      1.000	      0.000	      0.000	      1.000	      5.000	      0.000	      0.000	   2501.000	   2488.000	   2461.000	   2448.000	
 05/16-10:11	2474.600	2477.200	2474.000	2476.200	           1800	   2475.879	   2471.035	   2473.195	   2474.024	      1.000	      1.000	      0.000	      0.000	      0.000	      1.000	      1.000	      0.000	      0.000	      1.000	      5.000	      0.000	      0.000	   2501.000	   2488.000	   2461.000	   2448.000	
 05/16-10:12	2476.200	2478.800	2476.000	2478.400	           2174	   2476.467	   2471.113	   2473.231	   2474.052	      1.000	      0.000	      0.000	      0.000	      1.000	      0.000	      1.000	      0.000	      0.000	      1.000	      5.000	      0.000	      0.000	   2501.000	   2488.000	   2461.000	   2448.000	
 05/16-10:13	2478.000	2478.400	2476.600	2477.800	           1356	   2477.075	   2471.190	   2473.257	   2474.075	      1.000	      0.000	      0.000	      0.000	      0.000	      1.000	      1.000	      0.000	      0.000	      1.000	      5.000	      0.000	      0.000	   2501.000	   2488.000	   2461.000	   2448.000	
 05/16-10:14	2477.400	2481.200	2477.200	2480.000	           3691	   2477.833	   2471.327	   2473.303	   2474.099	      1.000	      1.000	      0.000	      1.000	      1.000	      0.000	      1.000	      0.000	      0.000	      0.000	      5.000	      0.000	      0.000	   2501.000	   2488.000	   2461.000	   2448.000	
 05/16-10:15	2480.200	2480.600	2477.200	2477.800	           2349	   2478.467	   2471.440	   2473.331	   2474.110	      1.000	      0.000	      0.000	      0.000	      1.000	      1.000	      1.000	      0.000	      0.000	      0.000	      5.000	      0.000	      0.000	   2501.000	   2488.000	   2461.000	   2448.000	
 05/16-10:16	2478.000	2479.800	2476.800	2478.200	           1877	   2479.075	   2471.483	   2473.372	   2474.123	      1.000	      1.000	      0.000	      0.000	      0.000	      1.000	      1.000	      0.000	      0.000	      1.000	      5.000	      0.000	      0.000	   2501.000	   2488.000	   2461.000	   2448.000	
 05/16-10:17	2478.800	2482.000	2478.800	2480.000	           3474	   2479.721	   2471.567	   2473.430	   2474.148	      1.000	      1.000	      0.000	      1.000	      0.000	      0.000	      1.000	      0.000	      0.000	      1.000	      5.000	      0.000	      0.000	   2501.000	   2488.000	   2461.000	   2448.000	
 05/16-10:18	2479.800	2482.800	2479.600	2481.800	           3230	   2480.400	   2471.660	   2473.503	   2474.182	      1.000	      1.000	      0.000	      1.000	      0.000	      0.000	      1.000	      0.000	      0.000	      1.000	      5.000	      0.000	      0.000	   2501.000	   2488.000	   2461.000	   2448.000	
 05/16-10:19	2482.000	2485.400	2481.800	2483.400	           5334	   2480.404	   2471.792	   2473.587	   2474.215	      1.000	      1.000	      0.000	      1.000	      1.000	      1.000	      1.000	      0.000	      0.000	      1.000	      5.000	      0.000	      0.000	   2501.000	   2488.000	   2461.000	   2448.000	
 05/16-10:20	2483.800	2485.000	2483.000	2484.000	           2672	   2480.438	   2471.919	   2473.675	   2474.254	      1.000	      1.000	      0.000	      1.000	      1.000	      1.000	      1.000	      0.000	      0.000	      0.000	      5.000	      0.000	      0.000	   2501.000	   2488.000	   2461.000	   2448.000	
 05/16-10:21	2483.400	2484.000	2480.800	2482.000	           3014	   2480.000	   2472.046	   2473.750	   2474.275	      1.000	      1.000	      0.000	      1.000	      1.000	      1.000	      1.000	      0.000	      0.000	      0.000	      5.000	      0.000	      0.000	   2501.000	   2488.000	   2461.000	   2448.000	
 05/16-10:22	2481.800	2481.800	2479.600	2479.800	           2713	   2479.654	   2472.204	   2473.795	   2474.288	      0.000	      0.000	      0.000	      1.000	      1.000	      0.000	      1.000	      0.000	      0.000	      0.000	      5.000	      0.000	      0.000	   2501.000	   2488.000	   2461.000	   2448.000	
 05/16-10:23	2480.000	2480.400	2479.000	2479.400	           2352	   2479.442	   2472.337	   2473.847	   2474.294	      1.000	      0.000	      0.000	      1.000	      0.000	      1.000	      1.000	      0.000	      0.000	      1.000	      5.000	      0.000	      0.000	   2501.000	   2488.000	   2461.000	   2448.000	
 05/16-10:24	2479.800	2481.000	2479.600	2480.000	           1139	   2479.292	   2472.494	   2473.925	   2474.304	      1.000	      1.000	      0.000	      1.000	      0.000	      1.000	      1.000	      0.000	      0.000	      0.000	      5.000	      0.000	      0.000	   2501.000	   2488.000	   2461.000	   2448.000	
 05/16-10:25	2480.200	2481.000	2478.600	2481.000	           1853	   2479.188	   2472.656	   2474.006	   2474.323	      0.000	      0.000	      0.000	      1.000	      0.000	      1.000	      1.000	      0.000	      0.000	      1.000	      5.000	      0.000	      0.000	   2501.000	   2488.000	   2461.000	   2448.000	
 05/16-10:26	2481.000	2484.000	2481.000	2484.000	           3635	   2479.225	   2472.996	   2474.117	   2474.357	      0.000	      0.000	      0.000	      1.000	      0.000	      0.000	      1.000	      0.000	      0.000	      1.000	      5.000	      0.000	      0.000	   2501.000	   2488.000	   2461.000	   2448.000	
 05/16-10:27	2484.200	2484.600	2482.200	2483.600	           2620	   2479.175	   2473.348	   2474.222	   2474.388	      1.000	      0.000	      0.000	      1.000	      1.000	      1.000	      1.000	      0.000	      0.000	      0.000	      5.000	      0.000	      0.000	   2501.000	   2488.000	   2461.000	   2448.000	
 05/16-10:28	2483.800	2484.400	2481.400	2481.400	           2189	   2479.192	   2473.677	   2474.315	   2474.414	      1.000	      1.000	      0.000	      1.000	      1.000	      0.000	      1.000	      0.000	      0.000	      0.000	      5.000	      0.000	      0.000	   2501.000	   2488.000	   2461.000	   2448.000	
 05/16-10:29	2481.200	2481.200	2479.400	2480.000	           2873	   2479.175	   2473.954	   2474.388	   2474.430	      0.000	      0.000	      0.000	      1.000	      1.000	      1.000	      1.000	      0.000	      0.000	      1.000	      5.000	      0.000	      0.000	   2501.000	   2488.000	   2461.000	   2448.000	
 05/16-10:30	2480.400	2480.600	2479.800	2480.000	           1107	   2479.100	   2474.256	   2474.438	   2474.447	      1.000	      0.000	      0.000	      1.000	      0.000	      1.000	      1.000	      0.000	      0.000	      0.000	      5.000	      0.000	      0.000	   2501.000	   2488.000	   2461.000	   2448.000	
 05/16-10:31	2479.800	2482.800	2479.400	2482.600	           2202	   2479.142	   2474.610	   2474.483	   2474.485	      0.000	      0.000	      0.000	      1.000	      0.000	      1.000	      1.000	      0.000	      0.000	      1.000	      5.000	      0.000	      0.000	   2501.000	   2488.000	   2461.000	   2448.000	
 05/16-10:32	2483.000	2485.000	2482.600	2484.400	           3201	   2479.258	   2475.073	   2474.545	   2474.525	      1.000	      1.000	      0.000	      1.000	      1.000	      1.000	      1.000	      0.000	      0.000	      0.000	      5.000	      0.000	      0.000	   2501.000	   2488.000	   2461.000	   2448.000	
 05/16-10:33	2484.200	2484.400	2480.600	2481.800	           2331	   2479.333	   2475.402	   2474.583	   2474.558	      0.000	      0.000	      0.000	      1.000	      0.000	      1.000	      1.000	      0.000	      0.000	      1.000	      5.000	      0.000	      0.000	   2501.000	   2488.000	   2461.000	   2448.000	
 05/16-10:34	2481.800	2484.800	2481.200	2484.800	           2053	   2479.742	   2475.810	   2474.636	   2474.605	      0.000	      0.000	      0.000	      1.000	      0.000	      1.000	      1.000	      0.000	      0.000	      1.000	      5.000	      0.000	      0.000	   2501.000	   2488.000	   2461.000	   2448.000	
 05/16-10:35	2484.400	2487.000	2482.200	2484.000	           4711	   2480.087	   2476.210	   2474.691	   2474.646	      1.000	      1.000	      1.000	      1.000	      1.000	      1.000	      1.000	      0.000	      0.000	      1.000	      5.000	      1.000	      0.000	   2501.000	   2488.000	   2461.000	   2448.000	
 05/16-10:36	2483.800	2485.200	2483.000	2484.800	           2054	   2480.433	   2476.702	   2474.751	   2474.686	      1.000	      0.000	      0.000	      1.000	      0.000	      1.000	      1.000	      0.000	      0.000	      1.000	      5.000	      0.000	      0.000	   2501.000	   2488.000	   2461.000	   2448.000	
 05/16-10:37	2484.800	2488.000	2484.200	2486.000	           2511	   2480.792	   2477.196	   2474.826	   2474.739	      1.000	      1.000	      1.000	      1.000	      0.000	      1.000	      1.000	      0.000	      0.000	      1.000	      5.000	      0.000	      0.000	   2501.000	   2488.000	   2461.000	   2448.000	
 05/16-10:38	2485.600	2488.000	2485.200	2487.000	           2404	   2481.100	   2477.685	   2474.908	   2474.790	      1.000	      1.000	      1.000	      1.000	      0.000	      1.000	      1.000	      0.000	      0.000	      1.000	      5.000	      0.000	      0.000	   2501.000	   2488.000	   2461.000	   2448.000	
 05/16-10:39	2487.200	2490.000	2486.800	2487.000	           5527	   2481.521	   2478.173	   2474.980	   2474.837	      1.000	      1.000	      1.000	      1.000	      0.000	      1.000	      1.000	      0.000	      0.000	      0.000	      5.000	      0.000	      0.000	   2501.000	   2488.000	   2461.000	   2448.000	
 05/16-10:40	2487.000	2492.400	2486.600	2491.800	           5159	   2482.100	   2478.733	   2475.110	   2474.906	      1.000	      1.000	      1.000	      1.000	      1.000	      0.000	      1.000	      0.000	      0.000	      0.000	      5.000	      1.000	      0.000	   2501.000	   2488.000	   2461.000	   2448.000	
 05/16-10:41	2491.000	2491.000	2486.600	2489.000	           4383	   2482.529	   2479.204	   2475.214	   2474.972	      0.000	      0.000	      0.000	      1.000	      1.000	      1.000	      1.000	      0.000	      0.000	      1.000	      5.000	      0.000	      0.000	   2501.000	   2488.000	   2461.000	   2448.000	
 05/16-10:42	2488.600	2490.600	2487.400	2488.800	           2837	   2482.875	   2479.671	   2475.319	   2475.038	      1.000	      1.000	      0.000	      1.000	      1.000	      1.000	      1.000	      0.000	      0.000	      0.000	      5.000	      0.000	      0.000	   2501.000	   2488.000	   2461.000	   2448.000	
 05/16-10:43	2488.400	2490.400	2486.800	2487.000	           2490	   2483.179	   2480.127	   2475.427	   2475.094	      1.000	      1.000	      0.000	      1.000	      1.000	      1.000	      1.000	      0.000	      0.000	      0.000	      5.000	      0.000	      0.000	   2501.000	   2488.000	   2461.000	   2448.000	
 05/16-10:44	2487.200	2489.400	2486.600	2488.200	           2498	   2483.454	   2480.644	   2475.539	   2475.172	      1.000	      1.000	      0.000	      1.000	      0.000	      1.000	      1.000	      0.000	      0.000	      1.000	      5.000	      0.000	      0.000	   2501.000	   2488.000	   2461.000	   2448.000	
 05/16-10:45	2488.200	2490.800	2488.000	2490.800	           2799	   2483.887	   2481.177	   2475.672	   2475.253	      0.000	      0.000	      0.000	      1.000	      0.000	      0.000	      1.000	      0.000	      0.000	      1.000	      5.000	      0.000	      0.000	   2501.000	   2488.000	   2461.000	   2448.000	
 05/16-10:46	2490.400	2495.000	2489.800	2494.400	           5199	   2484.425	   2481.750	   2475.825	   2475.342	      1.000	      1.000	      1.000	      1.000	      0.000	      1.000	      1.000	      0.000	      0.000	      1.000	      5.000	      0.000	      0.000	   2501.000	   2488.000	   2461.000	   2448.000	
 05/16-10:47	2495.000	2497.000	2493.200	2496.400	           5233	   2484.971	   2482.346	   2475.981	   2475.438	      1.000	      1.000	      1.000	      1.000	      0.000	      1.000	      1.000	      0.000	      0.000	      0.000	      5.000	      0.000	      0.000	   2501.000	   2488.000	   2461.000	   2448.000	
 05/16-10:48	2496.400	2498.000	2493.200	2498.000	           4212	   2485.512	   2482.956	   2476.148	   2475.538	      0.000	      0.000	      1.000	      1.000	      0.000	      1.000	      1.000	      0.000	      0.000	      1.000	      5.000	      0.000	      0.000	   2501.000	   2488.000	   2461.000	   2448.000	
 05/16-10:49	2498.200	2504.800	2497.200	2500.600	          11404	   2486.087	   2483.246	   2476.342	   2475.645	      1.000	      1.000	      1.000	      1.000	      0.000	      1.000	      1.000	      0.000	      0.000	      1.000	      5.000	      0.000	      0.000	   2501.000	   2488.000	   2461.000	   2448.000	
 05/16-10:50	2501.000	2510.000	2500.800	2509.400	           9781	   2486.933	   2483.685	   2476.617	   2475.790	      0.000	      1.000	      1.000	      1.000	      1.000	      0.000	      1.000	      0.000	      0.000	      1.000	      5.000	      0.000	      0.000	   2501.000	   2488.000	   2461.000	   2448.000	
 05/16-10:51	2509.000	2509.000	2501.400	2501.400	           6994	   2487.583	   2483.792	   2476.832	   2475.904	      0.000	      0.000	      0.000	      1.000	      1.000	      0.000	      1.000	      0.000	      0.000	      0.000	      5.000	      0.000	      0.000	   2501.000	   2488.000	   2461.000	   2448.000	
 05/16-10:52	2501.800	2502.400	2500.200	2501.600	           3539	   2488.304	   2483.979	   2477.042	   2476.018	      1.000	      1.000	      0.000	      1.000	      1.000	      1.000	      1.000	      0.000	      0.000	      1.000	      5.000	      0.000	      0.000	   2501.000	   2488.000	   2461.000	   2448.000	
 05/16-10:53	2502.000	2502.000	2500.400	2501.400	           2058	   2489.042	   2484.242	   2477.246	   2476.130	      0.000	      0.000	      0.000	      1.000	      0.000	      1.000	      1.000	      0.000	      0.000	      1.000	      5.000	      0.000	      0.000	   2501.000	   2488.000	   2461.000	   2448.000	
 05/16-10:54	2501.400	2504.000	2500.800	2501.200	           3717	   2489.746	   2484.519	   2477.451	   2476.241	      1.000	      1.000	      0.000	      1.000	      1.000	      1.000	      1.000	      0.000	      0.000	      0.000	      5.000	      0.000	      0.000	   2501.000	   2488.000	   2461.000	   2448.000	
 05/16-10:55	2500.800	2502.200	2500.000	2500.000	           3253	   2490.379	   2484.783	   2477.643	   2476.349	      1.000	      1.000	      0.000	      1.000	      1.000	      0.000	      1.000	      0.000	      0.000	      0.000	      5.000	      0.000	      0.000	   2501.000	   2488.000	   2461.000	   2448.000	
 05/16-10:56	2500.000	2500.000	2494.800	2499.400	           6683	   2490.892	   2485.058	   2477.833	   2476.449	      0.000	      0.000	      0.000	      1.000	      0.000	      1.000	      1.000	      0.000	      0.000	      1.000	      5.000	      0.000	      0.000	   2501.000	   2488.000	   2461.000	   2448.000	
 05/16-10:57	2499.600	2503.000	2499.200	2500.800	           3243	   2491.467	   2485.321	   2478.036	   2476.554	      1.000	      1.000	      0.000	      1.000	      0.000	      1.000	      1.000	      0.000	      0.000	      1.000	      5.000	      0.000	      0.000	   2501.000	   2488.000	   2461.000	   2448.000	
 05/16-10:58	2500.800	2503.000	2500.800	2502.000	           2585	   2492.154	   2485.673	   2478.245	   2476.673	      1.000	      1.000	      0.000	      1.000	      0.000	      0.000	      1.000	      0.000	      0.000	      0.000	      5.000	      0.000	      0.000	   2501.000	   2488.000	   2461.000	   2448.000	
 05/16-10:59	2502.000	2503.200	2500.800	2500.800	           1916	   2492.846	   2486.010	   2478.430	   2476.791	      1.000	      1.000	      0.000	      1.000	      1.000	      0.000	      1.000	      0.000	      0.000	      0.000	      5.000	      0.000	      0.000	   2501.000	   2488.000	   2461.000	   2448.000	
 05/16-11:00	2500.800	2503.000	2500.400	2503.000	           2347	   2493.613	   2486.356	   2478.625	   2476.915	      0.000	      0.000	      0.000	      1.000	      0.000	      1.000	      1.000	      0.000	      0.000	      0.000	      5.000	      0.000	      0.000	   2501.000	   2488.000	   2461.000	   2448.000	
 05/16-11:01	2503.200	2503.200	2498.000	2498.800	           4278	   2494.154	   2486.648	   2478.796	   2477.020	      0.000	      0.000	      0.000	      1.000	      1.000	      1.000	      1.000	      0.000	      0.000	      0.000	      5.000	      0.000	      0.000	   2501.000	   2488.000	   2461.000	   2448.000	
 05/16-11:02	2498.800	2499.600	2497.200	2498.800	           2714	   2494.633	   2486.946	   2478.970	   2477.128	      1.000	      1.000	      0.000	      1.000	      0.000	      1.000	      1.000	      0.000	      0.000	      0.000	      5.000	      0.000	      0.000	   2501.000	   2488.000	   2461.000	   2448.000	
 05/16-11:03	2499.000	2500.800	2496.400	2496.400	           3066	   2495.121	   2487.227	   2479.133	   2477.225	      1.000	      1.000	      0.000	      1.000	      1.000	      0.000	      1.000	      0.000	      0.000	      0.000	      5.000	      0.000	      0.000	   2501.000	   2488.000	   2461.000	   2448.000	
 05/16-11:04	2496.600	2497.200	2493.200	2494.600	           5514	   2495.446	   2487.594	   2479.300	   2477.323	      1.000	      1.000	      0.000	      1.000	      1.000	      1.000	      1.000	      0.000	      0.000	      1.000	      5.000	      0.000	      0.000	   2501.000	   2488.000	   2461.000	   2448.000	
 05/16-11:05	2494.600	2496.400	2493.800	2494.800	           2976	   2495.804	   2487.946	   2479.461	   2477.415	      1.000	      1.000	      0.000	      1.000	      1.000	      1.000	      1.000	      0.000	      0.000	      0.000	      5.000	      0.000	      0.000	   2501.000	   2488.000	   2461.000	   2448.000	
 05/16-11:06	2494.400	2494.800	2491.400	2492.600	           4497	   2496.067	   2488.250	   2479.608	   2477.498	      1.000	      0.000	      0.000	      1.000	      1.000	      1.000	      1.000	      0.000	      0.000	      0.000	      5.000	      0.000	      0.000	   2501.000	   2488.000	   2461.000	   2448.000	
 05/16-11:07	2492.800	2493.600	2490.200	2490.200	           3486	   2496.208	   2488.500	   2479.733	   2477.564	      1.000	      1.000	      0.000	      1.000	      1.000	      0.000	      1.000	      0.000	      0.000	      0.000	      5.000	      0.000	      0.000	   2501.000	   2488.000	   2461.000	   2448.000	
 05/16-11:08	2490.000	2492.800	2490.000	2492.400	           3137	   2496.387	   2488.744	   2479.873	   2477.646	      1.000	      0.000	      0.000	      1.000	      0.000	      0.000	      1.000	      0.000	      0.000	      1.000	      5.000	      0.000	      0.000	   2501.000	   2488.000	   2461.000	   2448.000	
 05/16-11:09	2492.200	2494.600	2492.200	2494.000	           2519	   2496.621	   2489.071	   2480.040	   2477.732	      1.000	      1.000	      0.000	      1.000	      0.000	      0.000	      1.000	      0.000	      0.000	      1.000	      5.000	      0.000	      0.000	   2501.000	   2488.000	   2461.000	   2448.000	
 05/16-11:10	2494.000	2495.800	2494.000	2495.200	           2843	   2496.733	   2489.417	   2480.210	   2477.824	      1.000	      1.000	      0.000	      1.000	      1.000	      0.000	      1.000	      0.000	      0.000	      0.000	      5.000	      0.000	      0.000	   2501.000	   2488.000	   2461.000	   2448.000	
 05/16-11:11	2495.200	2495.200	2493.400	2493.800	           1581	   2496.892	   2489.710	   2480.373	   2477.912	      0.000	      0.000	      0.000	      1.000	      0.000	      1.000	      1.000	      0.000	      0.000	      1.000	      5.000	      0.000	      0.000	   2501.000	   2488.000	   2461.000	   2448.000	
 05/16-11:12	2493.800	2498.800	2493.800	2498.800	           2671	   2497.225	   2490.050	   2480.581	   2478.016	      0.000	      0.000	      0.000	      1.000	      0.000	      0.000	      1.000	      0.000	      0.000	      1.000	      5.000	      0.000	      0.000	   2501.000	   2488.000	   2461.000	   2448.000	
 05/16-11:13	2499.000	2502.400	2497.200	2501.200	           5273	   2497.700	   2490.440	   2480.815	   2478.125	      1.000	      1.000	      0.000	      1.000	      0.000	      1.000	      1.000	      0.000	      0.000	      1.000	      5.000	      0.000	      0.000	   2501.000	   2488.000	   2461.000	   2448.000	
 05/16-11:14	2501.000	2506.200	2500.000	2504.200	           8189	   2498.233	   2490.844	   2481.085	   2478.245	      1.000	      1.000	      0.000	      1.000	      1.000	      1.000	      1.000	      0.000	      0.000	      1.000	      5.000	      0.000	      0.000	   2501.000	   2488.000	   2461.000	   2448.000	
 05/16-11:15	2504.200	2505.000	2502.200	2504.800	           4306	   2498.700	   2491.294	   2481.367	   2478.365	      1.000	      0.000	      0.000	      1.000	      0.000	      1.000	      1.000	      0.000	      0.000	      1.000	      5.000	      0.000	      0.000	   2501.000	   2488.000	   2461.000	   2448.000	
 05/16-11:16	2504.400	2506.000	2502.600	2503.400	           3720	   2499.000	   2491.712	   2481.598	   2478.479	      1.000	      1.000	      0.000	      1.000	      1.000	      1.000	      1.000	      0.000	      0.000	      1.000	      5.000	      0.000	      0.000	   2501.000	   2488.000	   2461.000	   2448.000	
 05/16-11:17	2503.200	2504.800	2503.000	2503.400	           1889	   2499.233	   2492.102	   2481.834	   2478.588	      1.000	      1.000	      0.000	      1.000	      0.000	      1.000	      1.000	      0.000	      0.000	      0.000	      5.000	      0.000	      0.000	   2501.000	   2488.000	   2461.000	   2448.000	
 05/16-11:18	2503.200	2505.000	2501.000	2504.400	           4142	   2499.450	   2492.481	   2482.071	   2478.693	      1.000	      1.000	      0.000	      1.000	      1.000	      1.000	      1.000	      0.000	      0.000	      0.000	      5.000	      0.000	      0.000	   2501.000	   2488.000	   2461.000	   2448.000	
 05/16-11:19	2504.200	2504.400	2498.600	2500.000	           4478	   2499.429	   2492.758	   2482.275	   2478.774	      0.000	      0.000	      0.000	      1.000	      1.000	      1.000	      1.000	      0.000	      0.000	      1.000	      5.000	      0.000	      0.000	   2501.000	   2488.000	   2461.000	   2448.000	
 05/16-11:20	2500.200	2503.000	2499.200	2502.800	           1956	   2499.208	   2493.071	   2482.495	   2478.864	      0.000	      0.000	      0.000	      1.000	      0.000	      1.000	      1.000	      0.000	      0.000	      1.000	      5.000	      0.000	      0.000	   2501.000	   2488.000	   2461.000	   2448.000	
 05/16-11:21	2502.600	2503.400	2499.600	2500.800	           1960	   2499.183	   2493.383	   2482.715	   2478.950	      1.000	      1.000	      0.000	      1.000	      0.000	      1.000	      1.000	      0.000	      0.000	      0.000	      5.000	      0.000	      0.000	   2501.000	   2488.000	   2461.000	   2448.000	
 05/16-11:22	2501.000	2506.000	2499.600	2506.000	           2378	   2499.333	   2493.819	   2483.011	   2479.052	      0.000	      0.000	      0.000	      1.000	      0.000	      1.000	      1.000	      0.000	      0.000	      1.000	      5.000	      0.000	      0.000	   2501.000	   2488.000	   2461.000	   2448.000	
 05/16-11:23	2506.600	2514.800	2506.600	2510.400	          13707	   2499.633	   2494.337	   2483.337	   2479.171	      1.000	      1.000	      1.000	      1.000	      1.000	      0.000	      1.000	      0.000	      0.000	      1.000	      5.000	      1.000	      0.000	   2501.000	   2488.000	   2461.000	   2448.000	
 05/16-11:24	2510.600	2513.200	2508.200	2510.000	           4762	   2499.929	   2494.837	   2483.666	   2479.296	      1.000	      1.000	      0.000	      1.000	      0.000	      1.000	      1.000	      0.000	      0.000	      1.000	      5.000	      0.000	      0.000	   2501.000	   2488.000	   2461.000	   2448.000	
 05/16-11:25	2510.200	2514.000	2509.200	2511.400	           4922	   2500.308	   2495.344	   2484.000	   2479.423	      1.000	      1.000	      0.000	      1.000	      0.000	      1.000	      1.000	      0.000	      0.000	      1.000	      5.000	      0.000	      0.000	   2501.000	   2488.000	   2461.000	   2448.000	
 05/16-11:26	2511.200	2518.000	2510.800	2515.200	           5859	   2500.833	   2495.863	   2484.429	   2479.556	      1.000	      1.000	      1.000	      1.000	      1.000	      0.000	      1.000	      0.000	      0.000	      1.000	      5.000	      1.000	      0.000	   2501.000	   2488.000	   2461.000	   2448.000	
 05/16-11:27	2515.400	2517.200	2513.600	2517.200	           3236	   2501.379	   2496.423	   2484.885	   2479.706	      0.000	      0.000	      0.000	      1.000	      1.000	      1.000	      1.000	      0.000	      0.000	      0.000	      5.000	      0.000	      0.000	   2501.000	   2488.000	   2461.000	   2448.000	
 05/16-11:28	2516.800	2516.800	2512.400	2513.000	           3185	   2501.746	   2496.950	   2485.313	   2479.837	      0.000	      0.000	      0.000	      1.000	      0.000	      1.000	      1.000	      0.000	      0.000	      1.000	      5.000	      0.000	      0.000	   2501.000	   2488.000	   2461.000	   2448.000	
 05/16-11:29	2513.200	2519.800	2513.200	2517.400	           6151	   2502.300	   2497.573	   2485.763	   2479.983	      1.000	      1.000	      1.000	      1.000	      0.000	      0.000	      1.000	      0.000	      0.000	      1.000	      5.000	      0.000	      0.000	   2501.000	   2488.000	   2461.000	   2448.000	
 05/16-11:30	2517.600	2521.800	2517.600	2519.800	           6473	   2502.863	   2498.238	   2486.247	   2480.136	      1.000	      1.000	      1.000	      1.000	      0.000	      0.000	      1.000	      0.000	      0.000	      1.000	      5.000	      0.000	      0.000	   2501.000	   2488.000	   2461.000	   2448.000	
 05/16-13:01	2519.400	2524.200	2518.200	2523.000	           7153	   2503.667	   2498.910	   2486.760	   2480.301	      1.000	      1.000	      1.000	      1.000	      1.000	      1.000	      1.000	      0.000	      0.000	      1.000	      5.000	      1.000	      0.000	   2501.000	   2488.000	   2461.000	   2448.000	
 05/16-13:02	2522.400	2522.800	2519.200	2519.800	           3090	   2504.367	   2499.500	   2487.286	   2480.462	      1.000	      0.000	      0.000	      1.000	      1.000	      1.000	      1.000	      0.000	      0.000	      0.000	      5.000	      0.000	      0.000	   2501.000	   2488.000	   2461.000	   2448.000	
 05/16-13:03	2519.600	2519.600	2517.600	2518.800	           2840	   2505.113	   2500.117	   2487.759	   2480.621	      0.000	      0.000	      0.000	      1.000	      0.000	      1.000	      1.000	      0.000	      0.000	      1.000	      5.000	      0.000	      0.000	   2501.000	   2488.000	   2461.000	   2448.000	
 05/16-13:04	2518.600	2520.200	2518.400	2519.400	           1538	   2505.942	   2500.694	   2488.252	   2480.780	      1.000	      1.000	      0.000	      1.000	      1.000	      1.000	      1.000	      0.000	      0.000	      0.000	      5.000	      0.000	      0.000	   2501.000	   2488.000	   2461.000	   2448.000	
 05/16-13:05	2519.200	2519.400	2516.800	2517.600	           2589	   2506.700	   2501.252	   2488.731	   2480.928	      1.000	      0.000	      0.000	      1.000	      1.000	      1.000	      1.000	      0.000	      0.000	      1.000	      5.000	      0.000	      0.000	   2501.000	   2488.000	   2461.000	   2448.000	
 05/16-13:06	2517.600	2519.200	2517.000	2519.000	           1660	   2507.579	   2501.823	   2489.262	   2481.085	      1.000	      0.000	      0.000	      1.000	      0.000	      1.000	      1.000	      0.000	      0.000	      0.000	      5.000	      0.000	      0.000	   2501.000	   2488.000	   2461.000	   2448.000	
 05/16-13:07	2519.000	2519.800	2516.600	2516.600	           2037	   2508.458	   2502.333	   2489.765	   2481.230	      1.000	      1.000	      0.000	      1.000	      0.000	      0.000	      1.000	      0.000	      0.000	      1.000	      5.000	      0.000	      0.000	   2501.000	   2488.000	   2461.000	   2448.000	
 05/16-13:08	2517.000	2522.000	2517.000	2521.200	           2287	   2509.421	   2502.904	   2490.295	   2481.386	      1.000	      1.000	      0.000	      1.000	      1.000	      0.000	      1.000	      0.000	      0.000	      1.000	      5.000	      0.000	      0.000	   2501.000	   2488.000	   2461.000	   2448.000	
 05/16-13:09	2521.200	2521.200	2518.400	2519.400	           1943	   2510.267	   2503.444	   2490.808	   2481.538	      0.000	      0.000	      0.000	      1.000	      0.000	      1.000	      1.000	      0.000	      0.000	      1.000	      5.000	      0.000	      0.000	   2501.000	   2488.000	   2461.000	   2448.000	
 05/16-13:10	2519.600	2522.600	2519.400	2521.200	           2598	   2511.133	   2503.933	   2491.333	   2481.701	      1.000	      1.000	      0.000	      1.000	      0.000	      1.000	      1.000	      0.000	      0.000	      1.000	      5.000	      0.000	      0.000	   2501.000	   2488.000	   2461.000	   2448.000	
 05/16-13:11	2521.600	2523.600	2520.600	2521.200	           2413	   2512.046	   2504.469	   2491.836	   2481.863	      1.000	      1.000	      0.000	      1.000	      1.000	      1.000	      1.000	      0.000	      0.000	      1.000	      5.000	      0.000	      0.000	   2501.000	   2488.000	   2461.000	   2448.000	
 05/16-13:12	2521.000	2523.200	2521.000	2522.600	           1655	   2512.842	   2505.033	   2492.352	   2482.033	      1.000	      1.000	      0.000	      1.000	      0.000	      0.000	      1.000	      0.000	      0.000	      0.000	      5.000	      0.000	      0.000	   2501.000	   2488.000	   2461.000	   2448.000	
 05/16-13:13	2522.400	2524.800	2519.800	2520.200	           4535	   2513.475	   2505.587	   2492.857	   2482.196	      1.000	      1.000	      1.000	      1.000	      1.000	      1.000	      1.000	      0.000	      0.000	      0.000	      5.000	      1.000	      0.000	   2501.000	   2488.000	   2461.000	   2448.000	
 05/16-13:14	2520.000	2520.400	2518.600	2519.000	           2795	   2513.967	   2506.100	   2493.372	   2482.362	      1.000	      0.000	      0.000	      1.000	      1.000	      1.000	      1.000	      0.000	      0.000	      0.000	      5.000	      0.000	      0.000	   2501.000	   2488.000	   2461.000	   2448.000	
 05/16-13:15	2519.400	2519.800	2518.000	2518.200	           2226	   2514.413	   2506.556	   2493.867	   2482.522	      1.000	      0.000	      0.000	      1.000	      1.000	      1.000	      1.000	      0.000	      0.000	      0.000	      5.000	      0.000	      0.000	   2501.000	   2488.000	   2461.000	   2448.000	
 05/16-13:16	2518.400	2518.800	2516.000	2518.000	           3559	   2514.900	   2506.950	   2494.350	   2482.680	      1.000	      0.000	      0.000	      1.000	      1.000	      1.000	      1.000	      0.000	      0.000	      1.000	      5.000	      0.000	      0.000	   2501.000	   2488.000	   2461.000	   2448.000	
 05/16-13:17	2517.800	2518.600	2517.200	2518.200	           1480	   2515.396	   2507.315	   2494.830	   2482.852	      1.000	      0.000	      0.000	      1.000	      0.000	      1.000	      1.000	      0.000	      0.000	      0.000	      5.000	      0.000	      0.000	   2501.000	   2488.000	   2461.000	   2448.000	
 05/16-13:18	2518.000	2519.400	2513.600	2515.400	           4284	   2515.758	   2507.604	   2495.280	   2483.013	      1.000	      1.000	      0.000	      1.000	      1.000	      1.000	      1.000	      0.000	      0.000	      0.000	      5.000	      0.000	      0.000	   2501.000	   2488.000	   2461.000	   2448.000	
 05/16-13:19	2515.400	2515.400	2512.200	2513.000	           5100	   2516.192	   2507.810	   2495.528	   2483.161	      0.000	      0.000	      0.000	      1.000	      1.000	      1.000	      1.000	      0.000	      0.000	      1.000	      5.000	      0.000	      0.000	   2501.000	   2488.000	   2461.000	   2448.000	
 05/16-13:20	2512.800	2514.000	2512.400	2512.400	           2750	   2516.512	   2507.860	   2495.773	   2483.309	      1.000	      1.000	      0.000	      1.000	      1.000	      0.000	      1.000	      0.000	      0.000	      0.000	      5.000	      0.000	      0.000	   2501.000	   2488.000	   2461.000	   2448.000	
 05/16-13:21	2512.400	2512.600	2510.600	2511.000	           4426	   2516.854	   2508.019	   2495.905	   2483.458	      1.000	      0.000	      0.000	      1.000	      1.000	      1.000	      1.000	      0.000	      0.000	      0.000	      5.000	      0.000	      0.000	   2501.000	   2488.000	   2461.000	   2448.000	
 05/16-13:22	2510.800	2512.000	2510.000	2510.200	           4750	   2516.996	   2508.165	   2496.072	   2483.603	      1.000	      1.000	      0.000	      1.000	      0.000	      1.000	      1.000	      0.000	      0.000	      0.000	      5.000	      0.000	      0.000	   2501.000	   2488.000	   2461.000	   2448.000	
 05/16-13:23	2510.000	2512.000	2509.200	2510.000	           4151	   2516.979	   2508.306	   2496.274	   2483.746	      1.000	      1.000	      0.000	      1.000	      0.000	      1.000	      1.000	      0.000	      0.000	      1.000	      5.000	      0.000	      0.000	   2501.000	   2488.000	   2461.000	   2448.000	
 05/16-13:24	2509.800	2512.800	2509.800	2512.800	           2770	   2517.071	   2508.500	   2496.509	   2483.899	      0.000	      0.000	      0.000	      1.000	      1.000	      0.000	      1.000	      0.000	      0.000	      1.000	      5.000	      0.000	      0.000	   2501.000	   2488.000	   2461.000	   2448.000	
 05/16-13:25	2512.400	2512.600	2510.400	2511.000	           1979	   2517.058	   2508.683	   2496.733	   2484.050	      1.000	      0.000	      0.000	      1.000	      1.000	      1.000	      1.000	      0.000	      0.000	      0.000	      5.000	      0.000	      0.000	   2501.000	   2488.000	   2461.000	   2448.000	
 05/16-13:26	2511.000	2512.200	2510.400	2510.400	           1679	   2516.900	   2508.867	   2496.962	   2484.199	      1.000	      1.000	      0.000	      1.000	      1.000	      0.000	      1.000	      0.000	      0.000	      0.000	      5.000	      0.000	      0.000	   2501.000	   2488.000	   2461.000	   2448.000	
 05/16-13:27	2510.400	2510.400	2506.600	2508.400	           5935	   2516.608	   2508.994	   2497.157	   2484.342	      0.000	      0.000	      0.000	      1.000	      1.000	      1.000	      1.000	      1.000	      0.000	      1.000	      5.000	      0.000	      0.000	   2501.000	   2488.000	   2461.000	   2448.000	
 05/16-13:28	2508.400	2509.400	2506.800	2508.200	           2571	   2516.446	   2509.096	   2497.384	   2484.486	      1.000	      1.000	      0.000	      1.000	      0.000	      1.000	      1.000	      0.000	      0.000	      1.000	      5.000	      0.000	      0.000	   2501.000	   2488.000	   2461.000	   2448.000	
 05/16-13:29	2508.400	2509.600	2507.000	2507.400	           2094	   2516.113	   2509.206	   2497.608	   2484.625	      1.000	      1.000	      0.000	      1.000	      1.000	      1.000	      1.000	      0.000	      0.000	      0.000	      5.000	      0.000	      0.000	   2501.000	   2488.000	   2461.000	   2448.000	
 05/16-13:30	2507.400	2509.000	2505.200	2505.200	           3637	   2515.625	   2509.244	   2497.800	   2484.753	      1.000	      1.000	      0.000	      1.000	      1.000	      0.000	      1.000	      1.000	      0.000	      0.000	      5.000	      0.000	      0.000	   2501.000	   2488.000	   2461.000	   2448.000	
 05/16-13:31	2505.200	2508.800	2505.200	2508.800	           2638	   2515.150	   2509.408	   2498.028	   2484.895	      0.000	      0.000	      0.000	      1.000	      0.000	      0.000	      1.000	      1.000	      0.000	      1.000	      5.000	      0.000	      0.000	   2501.000	   2488.000	   2461.000	   2448.000	
 05/16-13:32	2509.000	2509.400	2508.000	2508.400	           1800	   2514.775	   2509.571	   2498.258	   2485.035	      1.000	      0.000	      0.000	      1.000	      0.000	      1.000	      1.000	      0.000	      0.000	      1.000	      5.000	      0.000	      0.000	   2501.000	   2488.000	   2461.000	   2448.000	
 05/16-13:33	2508.600	2509.600	2508.600	2509.000	           1758	   2514.450	   2509.781	   2498.504	   2485.181	      1.000	      1.000	      0.000	      1.000	      0.000	      0.000	      1.000	      0.000	      0.000	      1.000	      5.000	      0.000	      0.000	   2501.000	   2488.000	   2461.000	   2448.000	
 05/16-13:34	2508.800	2511.600	2508.800	2511.000	           2950	   2514.167	   2510.054	   2498.824	   2485.330	      1.000	      1.000	      0.000	      1.000	      0.000	      0.000	      1.000	      0.000	      0.000	      1.000	      5.000	      0.000	      0.000	   2501.000	   2488.000	   2461.000	   2448.000	
 05/16-13:35	2511.000	2512.200	2510.200	2511.800	           2346	   2513.975	   2510.337	   2499.142	   2485.483	      1.000	      0.000	      0.000	      1.000	      0.000	      1.000	      1.000	      0.000	      0.000	      0.000	      5.000	      0.000	      0.000	   2501.000	   2488.000	   2461.000	   2448.000	
 05/16-13:36	2511.600	2512.400	2510.200	2512.400	           2332	   2513.754	   2510.667	   2499.458	   2485.646	      0.000	      0.000	      0.000	      1.000	      0.000	      1.000	      1.000	      0.000	      0.000	      1.000	      5.000	      0.000	      0.000	   2501.000	   2488.000	   2461.000	   2448.000	
 05/16-13:37	2512.000	2512.600	2511.600	2512.200	           2099	   2513.608	   2511.033	   2499.767	   2485.813	      1.000	      0.000	      0.000	      1.000	      0.000	      1.000	      1.000	      0.000	      0.000	      1.000	      5.000	      0.000	      0.000	   2501.000	   2488.000	   2461.000	   2448.000	
 05/16-13:38	2512.200	2514.800	2512.000	2514.800	           4320	   2513.392	   2511.406	   2500.075	   2485.995	      0.000	      0.000	      0.000	      1.000	      0.000	      0.000	      1.000	      0.000	      0.000	      1.000	      5.000	      0.000	      0.000	   2501.000	   2488.000	   2461.000	   2448.000	
 05/16-13:39	2514.600	2515.000	2513.800	2514.800	           2701	   2513.242	   2511.754	   2500.413	   2486.172	      1.000	      0.000	      0.000	      1.000	      0.000	      1.000	      1.000	      0.000	      0.000	      0.000	      5.000	      0.000	      0.000	   2501.000	   2488.000	   2461.000	   2448.000	
 05/16-13:40	2514.600	2515.000	2513.400	2514.000	           2385	   2513.000	   2512.067	   2500.742	   2486.356	      1.000	      0.000	      0.000	      1.000	      0.000	      1.000	      1.000	      0.000	      0.000	      1.000	      5.000	      0.000	      0.000	   2501.000	   2488.000	   2461.000	   2448.000	
 05/16-13:41	2514.200	2517.600	2514.000	2517.400	           3796	   2512.875	   2512.460	   2501.085	   2486.551	      0.000	      0.000	      0.000	      1.000	      0.000	      0.000	      1.000	      0.000	      0.000	      1.000	      5.000	      0.000	      0.000	   2501.000	   2488.000	   2461.000	   2448.000	
 05/16-13:42	2517.400	2517.600	2516.200	2517.600	           2011	   2512.708	   2512.775	   2501.413	   2486.741	      0.000	      0.000	      0.000	      1.000	      0.000	      1.000	      1.000	      0.000	      0.000	      1.000	      5.000	      0.000	      0.000	   2501.000	   2488.000	   2461.000	   2448.000	
 05/16-13:43	2517.600	2519.800	2517.400	2519.600	           4449	   2512.683	   2513.079	   2501.759	   2486.934	      0.000	      0.000	      0.000	      1.000	      0.000	      0.000	      1.000	      0.000	      0.000	      1.000	      5.000	      0.000	      0.000	   2501.000	   2488.000	   2461.000	   2448.000	
 05/16-13:44	2519.400	2520.200	2518.800	2520.200	           3489	   2512.725	   2513.346	   2502.095	   2487.126	      0.000	      0.000	      1.000	      1.000	      1.000	      1.000	      1.000	      0.000	      0.000	      0.000	      5.000	      0.000	      0.000	   2501.000	   2488.000	   2461.000	   2448.000	
 05/16-13:45	2519.800	2520.000	2517.200	2517.400	           4121	   2512.700	   2513.556	   2502.425	   2487.308	      0.000	      0.000	      0.000	      1.000	      1.000	      0.000	      1.000	      0.000	      0.000	      0.000	      5.000	      0.000	      0.000	   2501.000	   2488.000	   2461.000	   2448.000	
 05/16-13:46	2517.600	2517.600	2514.200	2514.600	           3813	   2512.587	   2513.744	   2502.728	   2487.477	      0.000	      0.000	      0.000	      1.000	      1.000	      1.000	      1.000	      0.000	      0.000	      0.000	      5.000	      0.000	      0.000	   2501.000	   2488.000	   2461.000	   2448.000	
 05/16-13:47	2514.200	2514.800	2513.600	2514.600	           2860	   2512.467	   2513.931	   2503.017	   2487.644	      1.000	      0.000	      0.000	      1.000	      0.000	      1.000	      1.000	      0.000	      0.000	      1.000	      5.000	      0.000	      0.000	   2501.000	   2488.000	   2461.000	   2448.000	
 05/16-13:48	2514.800	2515.600	2514.400	2515.200	           1557	   2512.458	   2514.108	   2503.295	   2487.813	      1.000	      0.000	      0.000	      1.000	      0.000	      1.000	      1.000	      0.000	      0.000	      1.000	      5.000	      0.000	      0.000	   2501.000	   2488.000	   2461.000	   2448.000	
 05/16-13:49	2515.400	2517.600	2515.400	2516.400	           2527	   2512.575	   2514.383	   2503.571	   2487.988	      1.000	      1.000	      0.000	      1.000	      1.000	      0.000	      1.000	      0.000	      0.000	      0.000	      5.000	      0.000	      0.000	   2501.000	   2488.000	   2461.000	   2448.000	
 05/16-13:50	2516.200	2516.200	2511.600	2513.600	           4336	   2512.613	   2514.563	   2503.817	   2488.146	      0.000	      0.000	      0.000	      1.000	      1.000	      1.000	      1.000	      0.000	      0.000	      1.000	      5.000	      0.000	      0.000	   2501.000	   2488.000	   2461.000	   2448.000	
 05/16-13:51	2513.800	2513.800	2511.800	2512.600	           2018	   2512.667	   2514.760	   2504.072	   2488.302	      0.000	      0.000	      0.000	      1.000	      0.000	      1.000	      1.000	      0.000	      0.000	      1.000	      5.000	      0.000	      0.000	   2501.000	   2488.000	   2461.000	   2448.000	
 05/16-13:52	2512.600	2517.000	2512.400	2516.200	           2599	   2512.867	   2514.931	   2504.375	   2488.470	      1.000	      1.000	      0.000	      1.000	      1.000	      0.000	      1.000	      0.000	      0.000	      1.000	      5.000	      0.000	      0.000	   2501.000	   2488.000	   2461.000	   2448.000	
 05/16-13:53	2516.200	2516.800	2513.000	2516.800	           2238	   2513.092	   2515.035	   2504.687	   2488.638	      0.000	      0.000	      0.000	      1.000	      0.000	      1.000	      1.000	      0.000	      0.000	      1.000	      5.000	      0.000	      0.000	   2501.000	   2488.000	   2461.000	   2448.000	
 05/16-13:54	2515.600	2516.800	2513.600	2515.000	           2143	   2513.167	   2515.119	   2504.978	   2488.801	      1.000	      1.000	      0.000	      1.000	      1.000	      1.000	      1.000	      0.000	      0.000	      0.000	      5.000	      0.000	      0.000	   2501.000	   2488.000	   2461.000	   2448.000	
 05/16-13:55	2515.000	2516.200	2512.000	2512.200	           2336	   2513.208	   2515.133	   2505.239	   2488.952	      1.000	      1.000	      0.000	      1.000	      1.000	      0.000	      1.000	      0.000	      0.000	      0.000	      5.000	      0.000	      0.000	   2501.000	   2488.000	   2461.000	   2448.000	
 05/16-13:56	2512.400	2514.000	2510.200	2513.600	           4136	   2513.317	   2515.108	   2505.485	   2489.113	      1.000	      0.000	      0.000	      1.000	      0.000	      1.000	      1.000	      0.000	      0.000	      1.000	      5.000	      0.000	      0.000	   2501.000	   2488.000	   2461.000	   2448.000	
 05/16-13:57	2513.600	2515.200	2513.600	2514.200	           1913	   2513.504	   2515.056	   2505.740	   2489.278	      1.000	      1.000	      0.000	      1.000	      0.000	      0.000	      1.000	      0.000	      0.000	      1.000	      5.000	      0.000	      0.000	   2501.000	   2488.000	   2461.000	   2448.000	
 05/16-13:58	2514.000	2515.200	2513.800	2515.000	           1643	   2513.733	   2515.090	   2506.020	   2489.446	      1.000	      0.000	      0.000	      1.000	      0.000	      1.000	      1.000	      0.000	      0.000	      0.000	      5.000	      0.000	      0.000	   2501.000	   2488.000	   2461.000	   2448.000	
 05/16-13:59	2515.200	2515.400	2513.600	2515.400	           1175	   2514.000	   2515.056	   2506.315	   2489.614	      0.000	      0.000	      0.000	      1.000	      0.000	      1.000	      1.000	      0.000	      0.000	      1.000	      5.000	      0.000	      0.000	   2501.000	   2488.000	   2461.000	   2448.000	
 05/16-14:00	2515.400	2518.600	2515.400	2516.800	           4090	   2514.387	   2515.006	   2506.622	   2489.788	      1.000	      1.000	      0.000	      1.000	      1.000	      0.000	      1.000	      0.000	      0.000	      0.000	      5.000	      0.000	      0.000	   2501.000	   2488.000	   2461.000	   2448.000	
 05/16-14:01	2516.800	2517.000	2514.200	2516.600	           2136	   2514.650	   2514.900	   2506.905	   2489.962	      1.000	      0.000	      0.000	      1.000	      0.000	      1.000	      1.000	      0.000	      0.000	      1.000	      5.000	      0.000	      0.000	   2501.000	   2488.000	   2461.000	   2448.000	
 05/16-14:02	2516.800	2519.800	2516.800	2518.400	           2913	   2514.979	   2514.877	   2507.188	   2490.137	      1.000	      1.000	      0.000	      1.000	      0.000	      0.000	      1.000	      0.000	      0.000	      1.000	      5.000	      0.000	      0.000	   2501.000	   2488.000	   2461.000	   2448.000	
 05/16-14:03	2518.400	2521.400	2518.200	2518.400	           4402	   2515.292	   2514.871	   2507.494	   2490.319	      1.000	      1.000	      1.000	      1.000	      1.000	      1.000	      1.000	      0.000	      0.000	      0.000	      5.000	      1.000	      0.000	   2501.000	   2488.000	   2461.000	   2448.000	
 05/16-14:04	2518.400	2518.400	2513.000	2513.000	           4436	   2515.358	   2514.762	   2507.728	   2490.488	      0.000	      0.000	      0.000	      1.000	      1.000	      0.000	      1.000	      0.000	      0.000	      0.000	      5.000	      0.000	      0.000	   2501.000	   2488.000	   2461.000	   2448.000	
 05/16-14:05	2512.600	2515.000	2512.200	2514.200	           2475	   2515.442	   2514.708	   2507.980	   2490.660	      1.000	      1.000	      0.000	      1.000	      0.000	      1.000	      1.000	      0.000	      0.000	      1.000	      5.000	      0.000	      0.000	   2501.000	   2488.000	   2461.000	   2448.000	
 05/16-14:06	2514.200	2516.000	2514.000	2514.000	           1344	   2515.496	   2514.625	   2508.224	   2490.833	      1.000	      1.000	      0.000	      1.000	      1.000	      0.000	      1.000	      0.000	      0.000	      0.000	      5.000	      0.000	      0.000	   2501.000	   2488.000	   2461.000	   2448.000	
 05/16-14:07	2514.000	2515.400	2513.000	2513.800	           1999	   2515.546	   2514.577	   2508.455	   2491.004	      1.000	      1.000	      0.000	      1.000	      1.000	      1.000	      1.000	      0.000	      0.000	      0.000	      5.000	      0.000	      0.000	   2501.000	   2488.000	   2461.000	   2448.000	
 05/16-14:08	2513.800	2514.000	2512.200	2512.600	           2515	   2515.475	   2514.433	   2508.669	   2491.174	      1.000	      0.000	      0.000	      1.000	      0.000	      1.000	      1.000	      0.000	      0.000	      0.000	      5.000	      0.000	      0.000	   2501.000	   2488.000	   2461.000	   2448.000	
 05/16-14:09	2512.800	2514.000	2509.400	2509.800	           4830	   2515.304	   2514.273	   2508.858	   2491.328	      1.000	      1.000	      0.000	      1.000	      1.000	      1.000	      1.000	      1.000	      0.000	      1.000	      5.000	      0.000	      0.000	   2501.000	   2488.000	   2461.000	   2448.000	
 05/16-14:10	2510.200	2511.200	2509.800	2510.400	           2776	   2515.183	   2514.092	   2509.012	   2491.473	      1.000	      1.000	      0.000	      1.000	      1.000	      1.000	      1.000	      0.000	      0.000	      0.000	      5.000	      0.000	      0.000	   2501.000	   2488.000	   2461.000	   2448.000	
 05/16-14:11	2510.600	2511.000	2508.600	2510.000	           3155	   2514.938	   2513.906	   2509.188	   2491.604	      1.000	      0.000	      0.000	      1.000	      0.000	      1.000	      1.000	      1.000	      0.000	      1.000	      5.000	      0.000	      0.000	   2501.000	   2488.000	   2461.000	   2448.000	
 05/16-14:12	2509.800	2512.600	2508.800	2512.200	           3162	   2514.758	   2513.733	   2509.383	   2491.746	      1.000	      0.000	      0.000	      1.000	      0.000	      1.000	      1.000	      0.000	      0.000	      1.000	      5.000	      0.000	      0.000	   2501.000	   2488.000	   2461.000	   2448.000	
 05/16-14:13	2511.800	2512.800	2509.800	2510.800	           2287	   2514.467	   2513.575	   2509.581	   2491.880	      1.000	      1.000	      0.000	      1.000	      1.000	      1.000	      1.000	      0.000	      0.000	      1.000	      5.000	      0.000	      0.000	   2501.000	   2488.000	   2461.000	   2448.000	
 05/16-14:14	2510.800	2511.000	2510.200	2510.600	            939	   2514.146	   2513.435	   2509.768	   2492.009	      1.000	      0.000	      0.000	      1.000	      1.000	      1.000	      1.000	      0.000	      0.000	      0.000	      5.000	      0.000	      0.000	   2501.000	   2488.000	   2461.000	   2448.000	
 05/16-14:15	2510.600	2510.800	2506.600	2506.600	           4148	   2513.788	   2513.244	   2509.900	   2492.125	      0.000	      0.000	      0.000	      1.000	      1.000	      0.000	      1.000	      1.000	      0.000	      1.000	      5.000	      0.000	      0.000	   2501.000	   2488.000	   2461.000	   2448.000	
 05/16-14:16	2506.800	2509.400	2506.800	2508.600	           2691	   2513.587	   2513.087	   2510.019	   2492.250	      1.000	      1.000	      0.000	      1.000	      0.000	      0.000	      1.000	      0.000	      0.000	      1.000	      5.000	      0.000	      0.000	   2501.000	   2488.000	   2461.000	   2448.000	
 05/16-14:17	2508.600	2509.800	2508.400	2509.600	           1438	   2513.421	   2512.944	   2510.129	   2492.380	      1.000	      0.000	      0.000	      1.000	      0.000	      1.000	      1.000	      0.000	      0.000	      1.000	      5.000	      0.000	      0.000	   2501.000	   2488.000	   2461.000	   2448.000	
 05/16-14:18	2509.600	2511.200	2508.600	2510.800	           1951	   2513.275	   2512.867	   2510.235	   2492.514	      1.000	      0.000	      0.000	      1.000	      1.000	      1.000	      1.000	      0.000	      0.000	      1.000	      5.000	      0.000	      0.000	   2501.000	   2488.000	   2461.000	   2448.000	
 05/16-14:19	2510.800	2511.000	2509.000	2509.800	           1383	   2513.050	   2512.813	   2510.312	   2492.640	      1.000	      0.000	      0.000	      1.000	      1.000	      1.000	      1.000	      0.000	      0.000	      0.000	      5.000	      0.000	      0.000	   2501.000	   2488.000	   2461.000	   2448.000	
 05/16-14:20	2509.800	2510.200	2506.000	2507.200	           3699	   2512.842	   2512.727	   2510.294	   2492.764	      1.000	      0.000	      0.000	      1.000	      1.000	      1.000	      1.000	      1.000	      0.000	      1.000	      5.000	      0.000	      0.000	   2501.000	   2488.000	   2461.000	   2448.000	
 05/16-14:21	2506.800	2509.200	2506.800	2508.800	           1979	   2512.712	   2512.690	   2510.354	   2492.893	      1.000	      0.000	      0.000	      1.000	      0.000	      0.000	      1.000	      0.000	      0.000	      1.000	      5.000	      0.000	      0.000	   2501.000	   2488.000	   2461.000	   2448.000	
 05/16-14:22	2509.000	2510.600	2508.600	2509.600	           1765	   2512.492	   2512.679	   2510.422	   2493.027	      1.000	      1.000	      0.000	      1.000	      0.000	      1.000	      1.000	      0.000	      0.000	      1.000	      5.000	      0.000	      0.000	   2501.000	   2488.000	   2461.000	   2448.000	
 05/16-14:23	2509.400	2511.800	2509.400	2511.400	           2158	   2512.313	   2512.702	   2510.504	   2493.176	      1.000	      0.000	      0.000	      1.000	      1.000	      0.000	      1.000	      0.000	      0.000	      1.000	      5.000	      0.000	      0.000	   2501.000	   2488.000	   2461.000	   2448.000	
 05/16-14:24	2511.600	2511.600	2510.000	2510.800	           1364	   2512.175	   2512.671	   2510.585	   2493.320	      0.000	      0.000	      0.000	      1.000	      1.000	      1.000	      1.000	      0.000	      0.000	      0.000	      5.000	      0.000	      0.000	   2501.000	   2488.000	   2461.000	   2448.000	
 05/16-14:25	2511.200	2511.200	2509.800	2510.800	           1594	   2512.125	   2512.667	   2510.675	   2493.464	      0.000	      0.000	      0.000	      1.000	      0.000	      1.000	      1.000	      0.000	      0.000	      1.000	      5.000	      0.000	      0.000	   2501.000	   2488.000	   2461.000	   2448.000	
 05/16-14:26	2510.600	2511.800	2510.200	2510.800	           1680	   2512.033	   2512.675	   2510.771	   2493.604	      1.000	      1.000	      0.000	      1.000	      1.000	      1.000	      1.000	      0.000	      0.000	      0.000	      5.000	      0.000	      0.000	   2501.000	   2488.000	   2461.000	   2448.000	
 05/16-14:27	2510.600	2511.600	2510.000	2511.200	           1629	   2511.933	   2512.719	   2510.856	   2493.738	      1.000	      0.000	      0.000	      1.000	      0.000	      1.000	      1.000	      0.000	      0.000	      1.000	      5.000	      0.000	      0.000	   2501.000	   2488.000	   2461.000	   2448.000	
 05/16-14:28	2511.200	2513.600	2511.000	2512.800	           3231	   2511.863	   2512.798	   2510.947	   2493.877	      1.000	      1.000	      0.000	      1.000	      0.000	      1.000	      1.000	      0.000	      0.000	      1.000	      5.000	      0.000	      0.000	   2501.000	   2488.000	   2461.000	   2448.000	
 05/16-14:29	2512.800	2514.200	2512.600	2513.800	           2792	   2511.808	   2512.904	   2511.055	   2494.022	      1.000	      0.000	      0.000	      1.000	      0.000	      1.000	      1.000	      0.000	      0.000	      1.000	      5.000	      0.000	      0.000	   2501.000	   2488.000	   2461.000	   2448.000	
 05/16-14:30	2513.600	2517.000	2513.200	2516.800	           4249	   2511.804	   2513.096	   2511.170	   2494.184	      0.000	      0.000	      0.000	      1.000	      1.000	      1.000	      1.000	      0.000	      0.000	      1.000	      5.000	      0.000	      0.000	   2501.000	   2488.000	   2461.000	   2448.000	
 05/16-14:31	2516.400	2516.400	2513.600	2513.600	           2665	   2511.704	   2513.177	   2511.293	   2494.336	      0.000	      0.000	      0.000	      1.000	      1.000	      0.000	      1.000	      0.000	      0.000	      0.000	      5.000	      0.000	      0.000	   2501.000	   2488.000	   2461.000	   2448.000	
 05/16-14:32	2513.600	2513.600	2510.400	2510.600	           3922	   2511.446	   2513.212	   2511.392	   2494.473	      0.000	      0.000	      0.000	      1.000	      1.000	      0.000	      1.000	      0.000	      0.000	      0.000	      5.000	      0.000	      0.000	   2501.000	   2488.000	   2461.000	   2448.000	
 05/16-14:33	2511.200	2511.400	2510.000	2511.000	           2061	   2511.200	   2513.246	   2511.513	   2494.609	      1.000	      0.000	      0.000	      1.000	      1.000	      1.000	      1.000	      0.000	      0.000	      0.000	      5.000	      0.000	      0.000	   2501.000	   2488.000	   2461.000	   2448.000	
 05/16-14:34	2510.800	2511.200	2509.600	2510.400	           1415	   2511.113	   2513.235	   2511.645	   2494.744	      1.000	      0.000	      0.000	      1.000	      1.000	      1.000	      1.000	      0.000	      0.000	      0.000	      5.000	      0.000	      0.000	   2501.000	   2488.000	   2461.000	   2448.000	
 05/16-14:35	2510.600	2511.000	2508.400	2509.600	           2573	   2510.958	   2513.200	   2511.769	   2494.875	      1.000	      0.000	      0.000	      1.000	      0.000	      1.000	      1.000	      0.000	      0.000	      1.000	      5.000	      0.000	      0.000	   2501.000	   2488.000	   2461.000	   2448.000	
 05/16-14:36	2509.600	2511.200	2509.400	2510.800	           1708	   2510.850	   2513.173	   2511.920	   2495.012	      1.000	      0.000	      0.000	      1.000	      0.000	      1.000	      1.000	      0.000	      0.000	      1.000	      5.000	      0.000	      0.000	   2501.000	   2488.000	   2461.000	   2448.000	
 05/16-14:37	2510.800	2511.200	2510.000	2510.600	            933	   2510.746	   2513.146	   2512.090	   2495.148	      1.000	      0.000	      0.000	      1.000	      0.000	      1.000	      1.000	      0.000	      0.000	      1.000	      5.000	      0.000	      0.000	   2501.000	   2488.000	   2461.000	   2448.000	
 05/16-14:38	2510.600	2513.400	2510.400	2512.800	           2739	   2510.754	   2513.115	   2512.260	   2495.292	      1.000	      1.000	      0.000	      1.000	      0.000	      0.000	      1.000	      0.000	      0.000	      1.000	      5.000	      0.000	      0.000	   2501.000	   2488.000	   2461.000	   2448.000	
 05/16-14:39	2512.600	2514.200	2512.200	2513.200	           2237	   2510.867	   2513.085	   2512.420	   2495.430	      1.000	      1.000	      0.000	      1.000	      0.000	      1.000	      1.000	      0.000	      0.000	      1.000	      5.000	      0.000	      0.000	   2501.000	   2488.000	   2461.000	   2448.000	
 05/16-14:40	2513.200	2515.200	2512.600	2514.800	           2353	   2511.017	   2513.100	   2512.583	   2495.572	      1.000	      0.000	      0.000	      1.000	      0.000	      1.000	      1.000	      0.000	      0.000	      1.000	      5.000	      0.000	      0.000	   2501.000	   2488.000	   2461.000	   2448.000	
 05/16-14:41	2514.800	2516.000	2513.600	2515.000	           2101	   2511.183	   2513.060	   2512.760	   2495.718	      1.000	      1.000	      0.000	      1.000	      0.000	      1.000	      1.000	      0.000	      0.000	      1.000	      5.000	      0.000	      0.000	   2501.000	   2488.000	   2461.000	   2448.000	
 05/16-14:42	2515.000	2516.800	2514.400	2516.400	           2448	   2511.321	   2513.040	   2512.907	   2495.872	      1.000	      0.000	      0.000	      1.000	      0.000	      1.000	      1.000	      0.000	      0.000	      1.000	      5.000	      0.000	      0.000	   2501.000	   2488.000	   2461.000	   2448.000	
 05/16-14:43	2516.400	2517.400	2515.600	2516.600	           2319	   2511.517	   2512.992	   2513.035	   2496.031	      1.000	      1.000	      1.000	      1.000	      1.000	      1.000	      1.000	      0.000	      0.000	      0.000	      5.000	      1.000	      0.000	   2501.000	   2488.000	   2461.000	   2448.000	
 05/16-14:44	2516.200	2516.400	2514.800	2515.600	           1971	   2511.679	   2512.913	   2513.129	   2496.195	      1.000	      0.000	      0.000	      1.000	      0.000	      1.000	      1.000	      0.000	      0.000	      1.000	      5.000	      0.000	      0.000	   2501.000	   2488.000	   2461.000	   2448.000	
 05/16-14:45	2515.600	2517.200	2515.400	2516.000	           2385	   2511.992	   2512.890	   2513.223	   2496.357	      1.000	      1.000	      0.000	      1.000	      1.000	      1.000	      1.000	      0.000	      0.000	      0.000	      5.000	      0.000	      0.000	   2501.000	   2488.000	   2461.000	   2448.000	
 05/16-14:46	2515.800	2515.800	2514.600	2515.200	           1605	   2512.212	   2512.900	   2513.322	   2496.519	      0.000	      0.000	      0.000	      1.000	      0.000	      1.000	      1.000	      0.000	      0.000	      0.000	      5.000	      0.000	      0.000	   2501.000	   2488.000	   2461.000	   2448.000	
 05/16-14:47	2515.200	2517.800	2514.600	2517.000	           2155	   2512.458	   2512.940	   2513.435	   2496.686	      1.000	      1.000	      1.000	      1.000	      1.000	      1.000	      1.000	      0.000	      0.000	      1.000	      5.000	      1.000	      0.000	   2501.000	   2488.000	   2461.000	   2448.000	
 05/16-14:48	2516.200	2517.400	2516.000	2516.600	           1686	   2512.654	   2512.965	   2513.536	   2496.850	      1.000	      1.000	      0.000	      1.000	      0.000	      1.000	      1.000	      0.000	      0.000	      1.000	      5.000	      0.000	      0.000	   2501.000	   2488.000	   2461.000	   2448.000	
 05/16-14:49	2516.600	2518.400	2516.400	2518.200	           2191	   2512.933	   2512.992	   2513.688	   2497.026	      1.000	      0.000	      1.000	      1.000	      0.000	      1.000	      1.000	      0.000	      0.000	      1.000	      5.000	      0.000	      0.000	   2501.000	   2488.000	   2461.000	   2448.000	
 05/16-14:50	2518.400	2520.000	2517.800	2519.200	           3889	   2513.333	   2513.087	   2513.825	   2497.204	      1.000	      1.000	      1.000	      1.000	      0.000	      1.000	      1.000	      0.000	      0.000	      1.000	      5.000	      0.000	      0.000	   2501.000	   2488.000	   2461.000	   2448.000	
 05/16-14:51	2519.000	2520.200	2518.200	2519.800	           2092	   2513.700	   2513.206	   2513.983	   2497.386	      1.000	      0.000	      1.000	      1.000	      0.000	      1.000	      1.000	      0.000	      0.000	      1.000	      5.000	      0.000	      0.000	   2501.000	   2488.000	   2461.000	   2448.000	
 05/16-14:52	2519.800	2520.400	2519.200	2520.200	           1677	   2514.054	   2513.273	   2514.102	   2497.572	      1.000	      0.000	      1.000	      1.000	      1.000	      1.000	      1.000	      0.000	      0.000	      0.000	      5.000	      0.000	      0.000	   2501.000	   2488.000	   2461.000	   2448.000	
 05/16-14:53	2520.200	2520.200	2518.600	2519.200	           1800	   2514.317	   2513.315	   2514.175	   2497.756	      0.000	      0.000	      0.000	      1.000	      0.000	      1.000	      1.000	      0.000	      0.000	      1.000	      5.000	      0.000	      0.000	   2501.000	   2488.000	   2461.000	   2448.000	
 05/16-14:54	2519.200	2521.800	2518.800	2521.000	           3583	   2514.654	   2513.415	   2514.267	   2497.953	      1.000	      1.000	      1.000	      1.000	      0.000	      1.000	      1.000	      0.000	      0.000	      1.000	      5.000	      0.000	      0.000	   2501.000	   2488.000	   2461.000	   2448.000	
 05/16-14:55	2521.000	2522.000	2520.200	2521.400	           2579	   2515.008	   2513.567	   2514.350	   2498.155	      1.000	      1.000	      1.000	      1.000	      0.000	      1.000	      1.000	      0.000	      0.000	      1.000	      5.000	      0.000	      0.000	   2501.000	   2488.000	   2461.000	   2448.000	
 05/16-14:56	2521.600	2524.600	2521.200	2524.200	           3587	   2515.450	   2513.742	   2514.425	   2498.348	      1.000	      0.000	      1.000	      1.000	      0.000	      1.000	      1.000	      0.000	      0.000	      1.000	      5.000	      0.000	      0.000	   2501.000	   2488.000	   2461.000	   2448.000	
 05/16-14:57	2524.400	2525.800	2524.000	2524.600	           4658	   2515.900	   2513.917	   2514.487	   2498.547	      1.000	      1.000	      1.000	      1.000	      1.000	      1.000	      1.000	      0.000	      0.000	      0.000	      5.000	      1.000	      0.000	   2501.000	   2488.000	   2461.000	   2448.000	
 05/16-14:58	2524.600	2524.800	2522.800	2523.000	           2628	   2516.238	   2514.050	   2514.570	   2498.735	      1.000	      0.000	      0.000	      1.000	      1.000	      1.000	      1.000	      0.000	      0.000	      0.000	      5.000	      0.000	      0.000	   2501.000	   2488.000	   2461.000	   2448.000	
 05/16-14:59	2523.000	2523.200	2521.800	2522.800	           2035	   2516.542	   2514.175	   2514.616	   2498.924	      1.000	      0.000	      0.000	      1.000	      1.000	      1.000	      1.000	      0.000	      0.000	      0.000	      5.000	      0.000	      0.000	   2501.000	   2488.000	   2461.000	   2448.000	
 05/16-15:00	2522.800	2523.000	2521.200	2523.000	           1949	   2516.750	   2514.277	   2514.642	   2499.111	      0.000	      0.000	      0.000	      1.000	      0.000	      1.000	      1.000	      0.000	      0.000	      1.000	      5.000	      0.000	      0.000	   2501.000	   2488.000	   2461.000	   2448.000	
 05/16-15:01	2523.000	2527.000	2522.800	2526.000	           4604	   2517.163	   2514.433	   2514.667	   2499.317	      1.000	      1.000	      1.000	      1.000	      1.000	      0.000	      1.000	      0.000	      0.000	      1.000	      5.000	      1.000	      0.000	   2501.000	   2488.000	   2461.000	   2448.000	
 05/16-15:02	2526.400	2526.400	2525.000	2525.400	           2131	   2517.654	   2514.550	   2514.714	   2499.537	      0.000	      0.000	      0.000	      1.000	      0.000	      1.000	      1.000	      0.000	      0.000	      0.000	      5.000	      0.000	      0.000	   2501.000	   2488.000	   2461.000	   2448.000	
 05/16-15:03	2525.200	2526.400	2525.000	2525.600	           1864	   2518.142	   2514.671	   2514.771	   2499.754	      1.000	      1.000	      0.000	      1.000	      1.000	      1.000	      1.000	      0.000	      0.000	      0.000	      5.000	      0.000	      0.000	   2501.000	   2488.000	   2461.000	   2448.000	
 05/16-15:04	2525.600	2526.200	2525.000	2525.000	           1639	   2518.629	   2514.871	   2514.817	   2499.971	      1.000	      1.000	      0.000	      1.000	      0.000	      0.000	      1.000	      0.000	      0.000	      0.000	      5.000	      0.000	      0.000	   2501.000	   2488.000	   2461.000	   2448.000	
 05/16-15:05	2524.800	2527.200	2524.800	2527.000	           3086	   2519.208	   2515.083	   2514.896	   2500.195	      0.000	      0.000	      1.000	      1.000	      0.000	      0.000	      1.000	      0.000	      0.000	      1.000	      5.000	      0.000	      0.000	   2501.000	   2488.000	   2461.000	   2448.000	
 05/16-15:06	2526.600	2527.600	2525.800	2527.400	           2034	   2519.762	   2515.306	   2514.966	   2500.449	      1.000	      0.000	      1.000	      1.000	      0.000	      1.000	      1.000	      0.000	      0.000	      1.000	      5.000	      0.000	      0.000	   2501.000	   2488.000	   2461.000	   2448.000	
 05/16-15:07	2527.400	2528.800	2527.400	2528.400	           2916	   2520.354	   2515.550	   2515.063	   2500.713	      1.000	      0.000	      1.000	      1.000	      1.000	      0.000	      1.000	      0.000	      0.000	      0.000	      5.000	      0.000	      0.000	   2501.000	   2488.000	   2461.000	   2448.000	
 05/16-15:08	2528.600	2528.600	2527.200	2527.200	           1551	   2520.833	   2515.794	   2515.114	   2500.976	      0.000	      0.000	      0.000	      1.000	      0.000	      0.000	      1.000	      0.000	      0.000	      0.000	      5.000	      0.000	      0.000	   2501.000	   2488.000	   2461.000	   2448.000	
 05/16-15:09	2527.600	2528.800	2527.200	2527.400	           2001	   2521.308	   2516.087	   2515.180	   2501.231	      1.000	      1.000	      1.000	      1.000	      1.000	      1.000	      1.000	      0.000	      0.000	      0.000	      5.000	      1.000	      0.000	   2501.000	   2488.000	   2461.000	   2448.000	
 05/16-15:10	2527.600	2527.600	2526.600	2527.000	           3292	   2521.712	   2516.365	   2515.228	   2501.492	      0.000	      0.000	      0.000	      1.000	      1.000	      1.000	      1.000	      0.000	      0.000	      0.000	      5.000	      0.000	      0.000	   2501.000	   2488.000	   2461.000	   2448.000	
 05/16-15:11	2527.000	2527.200	2525.400	2525.400	           3079	   2522.058	   2516.621	   2515.263	   2501.748	      1.000	      0.000	      0.000	      1.000	      1.000	      0.000	      1.000	      0.000	      0.000	      0.000	      5.000	      0.000	      0.000	   2501.000	   2488.000	   2461.000	   2448.000	
 05/16-15:12	2525.400	2525.800	2523.600	2524.600	           3358	   2522.333	   2516.827	   2515.280	   2502.020	      1.000	      0.000	      0.000	      1.000	      0.000	      1.000	      1.000	      0.000	      0.000	      0.000	      5.000	      0.000	      0.000	   2501.000	   2488.000	   2461.000	   2448.000	
 05/16-15:13	2524.600	2527.000	2523.600	2525.800	           2840	   2522.637	   2517.077	   2515.326	   2502.275	      1.000	      1.000	      0.000	      1.000	      0.000	      1.000	      1.000	      0.000	      0.000	      1.000	      5.000	      0.000	      0.000	   2501.000	   2488.000	   2461.000	   2448.000	
 05/16-15:14	2525.800	2527.000	2525.800	2525.800	           2022	   2522.983	   2517.331	   2515.383	   2502.537	      1.000	      1.000	      0.000	      1.000	      0.000	      1.000	      1.000	      0.000	      0.000	      0.000	      5.000	      0.000	      0.000	   2501.000	   2488.000	   2461.000	   2448.000	
 05/16-15:15	2525.600	2528.000	2525.000	2525.000	           4467	   2523.283	   2517.637	   2515.441	   2502.797	      1.000	      1.000	      0.000	      1.000	           	      0.000	      1.000	      0.000	      0.000	           	      5.000	      0.000	      0.000	   2501.000	   2488.000	   2461.000	   2448.000	