 05/20-09:16	2579.200	2579.200	2574.600	2577.000	           5126	   2576.792	   2577.383	   2572.471	   2561.596	      0.000	      0.000	      1.000	      1.000	      1.000	      0.000	      1.000	      1.000	      1.000	      1.000	      1.000	      0.000	      1.000	      1.000	     10.000	      0.000	      0.000	      0.000	      1.000	
 05/20-09:17	2576.800	2578.800	2575.000	2578.000	           3786	   2576.800	   2577.383	   2572.663	   2561.715	      1.000	      1.000	      0.000	      0.000	      1.000	      0.000	      0.000	      1.000	      1.000	      0.000	      0.000	      0.000	      1.000	      1.000	     10.000	      0.000	      0.000	      0.000	      0.000	
 05/20-09:18	2579.000	2579.000	2577.200	2578.400	           2166	   2576.850	   2577.396	   2572.863	   2561.838	      0.000	      0.000	      0.000	      0.000	      1.000	      0.000	      1.000	      1.000	      1.000	      0.000	      0.000	      0.000	      1.000	      1.000	     10.000	      0.000	      0.000	      0.000	      0.000	
 05/20-09:19	2578.400	2578.800	2577.400	2578.200	           1480	   2576.883	   2577.408	   2573.044	   2561.970	      1.000	      0.000	      0.000	      0.000	      1.000	      0.000	      0.000	      1.000	      1.000	      0.000	      0.000	      0.000	      1.000	      1.000	     10.000	      0.000	      0.000	      0.000	      0.000	
 05/20-09:20	2578.200	2579.000	2578.000	2578.600	           1436	   2576.925	   2577.404	   2573.219	   2562.106	      1.000	      0.000	      0.000	      0.000	      1.000	      0.000	      0.000	      1.000	      0.000	      0.000	      0.000	      0.000	      1.000	      1.000	     10.000	      0.000	      0.000	      0.000	      0.000	
 05/20-09:21	2578.800	2581.600	2578.600	2580.400	           4488	   2577.042	   2577.446	   2573.415	   2562.246	      1.000	      1.000	      1.000	      1.000	      1.000	      0.000	      0.000	      1.000	      0.000	      0.000	      0.000	      0.000	      1.000	      1.000	     10.000	      0.000	      0.000	      0.000	      0.000	
 05/20-09:22	2580.600	2581.800	2580.200	2581.400	           2329	   2577.183	   2577.517	   2573.613	   2562.396	      1.000	      0.000	      1.000	      1.000	      1.000	      0.000	      1.000	      1.000	      0.000	      0.000	      0.000	      0.000	      1.000	      0.000	     10.000	      0.000	      0.000	      0.000	      0.000	
 05/20-09:23	2581.600	2581.600	2580.000	2580.200	           1405	   2577.292	   2577.542	   2573.798	   2562.530	      0.000	      0.000	      0.000	      0.000	      1.000	      0.000	      1.000	      1.000	      0.000	      0.000	      0.000	      0.000	      1.000	      0.000	     10.000	      0.000	      0.000	      0.000	      0.000	
 05/20-09:24	2580.000	2581.000	2579.400	2581.000	           1742	   2577.425	   2577.592	   2573.992	   2562.672	      0.000	      0.000	      0.000	      0.000	      1.000	      0.000	      0.000	      1.000	      1.000	      0.000	      0.000	      0.000	      1.000	      0.000	     10.000	      0.000	      0.000	      0.000	      0.000	
 05/20-09:25	2580.800	2581.000	2579.000	2579.000	           1338	   2577.492	   2577.604	   2574.158	   2562.803	      0.000	      0.000	      0.000	      0.000	      1.000	      0.000	      1.000	      0.000	      0.000	      0.000	      0.000	      0.000	      1.000	      0.000	     10.000	      0.000	      0.000	      0.000	      0.000	
 05/20-09:26	2579.000	2580.000	2578.200	2578.600	           1584	   2577.558	   2577.617	   2574.333	   2562.932	      1.000	      1.000	      0.000	      0.000	      1.000	      0.000	      0.000	      1.000	      0.000	      0.000	      0.000	      0.000	      1.000	      1.000	     10.000	      0.000	      0.000	      0.000	      0.000	
 05/20-09:27	2578.600	2581.600	2578.600	2580.600	           1851	   2577.683	   2577.658	   2574.517	   2563.066	      1.000	      1.000	      0.000	      0.000	      1.000	      0.000	      0.000	      0.000	      0.000	      0.000	      0.000	      0.000	      1.000	      1.000	     10.000	      0.000	      0.000	      0.000	      0.000	
 05/20-09:28	2580.800	2583.400	2580.200	2582.000	           2892	   2577.858	   2577.733	   2574.715	   2563.197	      1.000	      1.000	      1.000	      1.000	      1.000	      0.000	      0.000	      1.000	      1.000	      0.000	      0.000	      0.000	      1.000	      1.000	     10.000	      0.000	      0.000	      0.000	      0.000	
 05/20-09:29	2582.000	2585.000	2581.600	2584.200	           3484	   2578.108	   2577.846	   2574.935	   2563.335	      1.000	      1.000	      1.000	      1.000	      1.000	      0.000	      1.000	      1.000	      0.000	      0.000	      0.000	      0.000	      1.000	      1.000	     10.000	      1.000	      0.000	      0.000	      0.000	
 05/20-09:30	2584.400	2584.400	2582.800	2583.800	           1902	   2578.350	   2577.942	   2575.156	   2563.466	      0.000	      0.000	      0.000	      0.000	      1.000	      0.000	      0.000	      1.000	      1.000	      0.000	      0.000	      0.000	      1.000	      1.000	     10.000	      0.000	      0.000	      0.000	      0.000	
 05/20-09:31	2583.800	2585.000	2583.000	2583.800	           2563	   2578.583	   2578.038	   2575.369	   2563.581	      1.000	      1.000	      1.000	      1.000	      1.000	      0.000	      1.000	      1.000	      1.000	      0.000	      0.000	      0.000	      1.000	      0.000	     10.000	      1.000	      0.000	      0.000	      0.000	
 05/20-09:32	2583.400	2584.000	2581.000	2582.200	           2437	   2578.775	   2578.117	   2575.577	   2563.698	      1.000	      1.000	      0.000	      0.000	      1.000	      0.000	      1.000	      1.000	      1.000	      0.000	      0.000	      0.000	      1.000	      0.000	     10.000	      0.000	      0.000	      0.000	      0.000	
 05/20-09:33	2582.000	2582.000	2578.600	2578.600	           3465	   2578.833	   2578.133	   2575.738	   2563.795	      0.000	      0.000	      0.000	      0.000	      1.000	      0.000	      1.000	      0.000	      0.000	      0.000	      0.000	      0.000	      1.000	      0.000	     10.000	      0.000	      0.000	      0.000	      0.000	
 05/20-09:34	2578.200	2581.400	2576.400	2581.400	           3925	   2579.000	   2578.204	   2575.890	   2563.892	      0.000	      0.000	      0.000	      0.000	      1.000	      0.000	      0.000	      1.000	      1.000	      0.000	      1.000	      0.000	      1.000	      1.000	     10.000	      0.000	      0.000	      0.000	      1.000	
 05/20-09:35	2581.000	2581.800	2578.200	2578.600	           2045	   2579.067	   2578.217	   2576.004	   2563.972	      1.000	      1.000	      0.000	      0.000	      1.000	      0.000	      1.000	      1.000	      0.000	      0.000	      0.000	      0.000	      1.000	      0.000	     10.000	      0.000	      0.000	      0.000	      0.000	
 05/20-09:36	2578.400	2580.200	2578.000	2578.200	           1571	   2579.117	   2578.221	   2576.117	   2564.064	      1.000	      1.000	      0.000	      0.000	      1.000	      0.000	      0.000	      1.000	      0.000	      0.000	      0.000	      0.000	      1.000	      0.000	     10.000	      0.000	      0.000	      0.000	      0.000	
 05/20-09:37	2578.200	2580.200	2576.800	2580.200	           2176	   2579.242	   2578.254	   2576.246	   2564.159	      0.000	      0.000	      0.000	      0.000	      1.000	      0.000	      0.000	      1.000	      1.000	      0.000	      0.000	      0.000	      1.000	      1.000	     10.000	      0.000	      0.000	      0.000	      0.000	
 05/20-09:38	2579.800	2582.000	2579.200	2581.800	           2286	   2579.408	   2578.308	   2576.379	   2564.254	      0.000	      0.000	      0.000	      0.000	      1.000	      0.000	      0.000	      1.000	      1.000	      0.000	      0.000	      0.000	      1.000	      1.000	     10.000	      0.000	      0.000	      0.000	      0.000	
 05/20-09:39	2581.800	2582.600	2581.000	2582.000	           1988	   2579.592	   2578.363	   2576.523	   2564.362	      1.000	      1.000	      0.000	      0.000	      1.000	      0.000	      1.000	      1.000	      1.000	      0.000	      0.000	      0.000	      1.000	      0.000	     10.000	      0.000	      0.000	      0.000	      0.000	
 05/20-09:40	2581.800	2581.800	2580.400	2580.600	            897	   2579.733	   2578.400	   2576.650	   2564.472	      0.000	      0.000	      0.000	      0.000	      1.000	      0.000	      0.000	      1.000	      0.000	      0.000	      0.000	      0.000	      1.000	      0.000	     10.000	      0.000	      0.000	      0.000	      0.000	
 05/20-09:41	2580.800	2583.800	2578.800	2583.800	           2871	   2579.967	   2578.488	   2576.792	   2564.591	      0.000	      0.000	      0.000	      0.000	      1.000	      0.000	      0.000	      1.000	      1.000	      0.000	      0.000	      0.000	      1.000	      1.000	     10.000	      0.000	      0.000	      0.000	      0.000	
 05/20-09:42	2583.800	2583.800	2581.800	2583.000	           2322	   2580.183	   2578.558	   2576.938	   2564.711	      0.000	      0.000	      0.000	      1.000	      1.000	      0.000	      0.000	      1.000	      1.000	      0.000	      0.000	      0.000	      1.000	      1.000	     10.000	      0.000	      0.000	      0.000	      0.000	
 05/20-09:43	2583.200	2584.600	2583.000	2583.800	           2601	   2580.417	   2578.646	   2577.079	   2564.837	      1.000	      1.000	      0.000	      1.000	      1.000	      0.000	      0.000	      1.000	      0.000	      0.000	      0.000	      0.000	      1.000	      0.000	     10.000	      0.000	      0.000	      0.000	      0.000	
 05/20-09:44	2584.000	2584.800	2581.600	2584.000	           2399	   2580.667	   2578.750	   2577.212	   2564.951	      1.000	      1.000	      0.000	      1.000	      1.000	      0.000	      1.000	      1.000	      1.000	      0.000	      0.000	      0.000	      1.000	      0.000	     10.000	      0.000	      0.000	      0.000	      0.000	
 05/20-09:45	2584.200	2584.200	2581.600	2583.000	           1873	   2580.883	   2578.842	   2577.329	   2565.066	      0.000	      0.000	      0.000	      0.000	      1.000	      0.000	      1.000	      1.000	      1.000	      0.000	      0.000	      0.000	      1.000	      0.000	     10.000	      0.000	      0.000	      0.000	      0.000	
 05/20-09:46	2583.200	2584.000	2579.800	2580.000	           2262	   2580.983	   2578.887	   2577.404	   2565.167	      1.000	      1.000	      0.000	      0.000	      1.000	      0.000	      1.000	      0.000	      0.000	      0.000	      0.000	      0.000	      1.000	      0.000	     10.000	      0.000	      0.000	      0.000	      0.000	
 05/20-09:47	2579.800	2580.600	2578.800	2579.800	           2456	   2581.042	   2578.921	   2577.462	   2565.267	      1.000	      1.000	      0.000	      0.000	      1.000	      0.000	      1.000	      1.000	      1.000	      0.000	      1.000	      0.000	      1.000	      0.000	     10.000	      0.000	      0.000	      0.000	      0.000	
 05/20-09:48	2579.800	2580.000	2578.200	2578.600	           1869	   2581.050	   2578.950	   2577.535	   2565.373	      1.000	      0.000	      0.000	      0.000	      1.000	      0.000	      1.000	      1.000	      0.000	      0.000	      1.000	      0.000	      1.000	      0.000	     10.000	      0.000	      0.000	      0.000	      0.000	
 05/20-09:49	2578.200	2579.800	2577.600	2578.600	           2296	   2581.058	   2578.971	   2577.613	   2565.469	      1.000	      1.000	      0.000	      0.000	      1.000	      0.000	      1.000	      1.000	      1.000	      0.000	      1.000	      0.000	      1.000	      0.000	     10.000	      0.000	      0.000	      0.000	      0.000	
 05/20-09:50	2578.600	2579.200	2576.000	2576.600	           2524	   2580.992	   2578.958	   2577.671	   2565.548	      1.000	      1.000	      0.000	      0.000	      1.000	      0.000	      1.000	      1.000	      1.000	      1.000	      1.000	      0.000	      1.000	      1.000	     10.000	      0.000	      0.000	      0.000	      1.000	
 05/20-09:51	2576.600	2578.400	2576.200	2577.600	           2125	   2580.900	   2578.971	   2577.742	   2565.650	      1.000	      1.000	      0.000	      0.000	      1.000	      0.000	      0.000	      1.000	      0.000	      0.000	      0.000	      0.000	      1.000	      1.000	     10.000	      0.000	      0.000	      0.000	      0.000	
 05/20-09:52	2577.800	2578.600	2577.200	2577.400	           1387	   2580.767	   2578.975	   2577.808	   2565.754	      1.000	      1.000	      0.000	      0.000	      1.000	      0.000	      1.000	      1.000	      0.000	      0.000	      0.000	      0.000	      1.000	      0.000	     10.000	      0.000	      0.000	      0.000	      0.000	
 05/20-09:53	2577.400	2577.600	2575.600	2576.200	           2661	   2580.633	   2578.962	   2577.869	   2565.857	      1.000	      0.000	      0.000	      0.000	      1.000	      0.000	      1.000	      1.000	      1.000	      1.000	      1.000	      0.000	      1.000	      1.000	     10.000	      0.000	      0.000	      0.000	      1.000	
 05/20-09:54	2576.000	2577.000	2576.000	2576.400	           1363	   2580.483	   2578.954	   2577.904	   2565.960	      1.000	      1.000	      0.000	      0.000	      1.000	      0.000	      0.000	      0.000	      0.000	      0.000	      0.000	      0.000	      1.000	      0.000	     10.000	      0.000	      0.000	      0.000	      0.000	
 05/20-09:55	2576.200	2578.200	2576.000	2578.000	           1918	   2580.450	   2578.971	   2577.946	   2566.070	      0.000	      0.000	      0.000	      0.000	      1.000	      0.000	      0.000	      0.000	      0.000	      0.000	      0.000	      0.000	      1.000	      1.000	     10.000	      0.000	      0.000	      0.000	      0.000	
 05/20-09:56	2578.200	2579.000	2577.400	2577.800	           1478	   2580.417	   2578.988	   2577.988	   2566.178	      1.000	      1.000	      0.000	      0.000	      1.000	      0.000	      0.000	      1.000	      0.000	      0.000	      0.000	      0.000	      1.000	      1.000	     10.000	      0.000	      0.000	      0.000	      0.000	
 05/20-09:57	2577.800	2581.200	2577.600	2581.000	           3034	   2580.433	   2579.058	   2578.040	   2566.302	      0.000	      0.000	      0.000	      1.000	      1.000	      0.000	      0.000	      0.000	      0.000	      0.000	      0.000	      0.000	      1.000	      1.000	     10.000	      0.000	      0.000	      0.000	      0.000	
 05/20-09:58	2581.000	2581.200	2580.200	2580.600	           1557	   2580.383	   2579.121	   2578.065	   2566.416	      1.000	      0.000	      0.000	      1.000	      1.000	      0.000	      0.000	      1.000	      0.000	      0.000	      0.000	      0.000	      1.000	      0.000	     10.000	      0.000	      0.000	      0.000	      0.000	
 05/20-09:59	2580.600	2581.200	2580.000	2580.000	           1201	   2580.242	   2579.175	   2578.087	   2566.530	      1.000	      1.000	      0.000	      1.000	      1.000	      0.000	      1.000	      0.000	      0.000	      0.000	      0.000	      0.000	      1.000	      0.000	     10.000	      0.000	      0.000	      0.000	      0.000	
 05/20-10:00	2580.200	2580.200	2578.600	2579.000	           1454	   2580.083	   2579.217	   2578.113	   2566.636	      0.000	      0.000	      0.000	      0.000	      1.000	      0.000	      1.000	      1.000	      0.000	      0.000	      0.000	      0.000	      1.000	      0.000	     10.000	      0.000	      0.000	      0.000	      0.000	
 05/20-10:01	2579.200	2579.200	2578.200	2578.800	           1143	   2579.925	   2579.254	   2578.142	   2566.740	      0.000	      0.000	      0.000	      0.000	      1.000	      0.000	      0.000	      1.000	      1.000	      0.000	      0.000	      0.000	      1.000	      0.000	     10.000	      0.000	      0.000	      0.000	      0.000	
 05/20-10:02	2578.600	2580.600	2577.800	2580.600	           1415	   2579.867	   2579.321	   2578.188	   2566.848	      0.000	      0.000	      0.000	      0.000	      1.000	      0.000	      0.000	      1.000	      1.000	      0.000	      0.000	      0.000	      1.000	      1.000	     10.000	      0.000	      0.000	      0.000	      0.000	
 05/20-10:03	2580.000	2581.800	2579.800	2580.800	           1988	   2579.942	   2579.387	   2578.227	   2566.957	      1.000	      1.000	      0.000	      1.000	      1.000	      0.000	      1.000	      1.000	      0.000	      0.000	      0.000	      0.000	      1.000	      0.000	     10.000	      0.000	      0.000	      0.000	      0.000	
 05/20-10:04	2580.800	2581.000	2577.800	2578.000	           1479	   2579.825	   2579.413	   2578.250	   2567.064	      0.000	      0.000	      0.000	      0.000	      1.000	      0.000	      1.000	      0.000	      0.000	      0.000	      0.000	      0.000	      1.000	      0.000	     10.000	      0.000	      0.000	      0.000	      0.000	
 05/20-10:05	2578.400	2578.600	2577.200	2578.400	           1658	   2579.825	   2579.446	   2578.290	   2567.176	      1.000	      0.000	      0.000	      0.000	      1.000	      0.000	      0.000	      1.000	      1.000	      0.000	      1.000	      0.000	      1.000	      0.000	     10.000	      0.000	      0.000	      0.000	      0.000	
 05/20-10:06	2578.200	2579.000	2577.000	2577.000	            953	   2579.783	   2579.450	   2578.306	   2567.290	      1.000	      1.000	      0.000	      0.000	      0.000	      0.000	      1.000	      0.000	      0.000	      0.000	      1.000	      0.000	      1.000	      0.000	     10.000	      0.000	      0.000	      0.000	      0.000	
 05/20-10:07	2577.200	2578.600	2577.000	2578.000	           1099	   2579.708	   2579.475	   2578.331	   2567.406	      1.000	      1.000	      0.000	      0.000	      1.000	      0.000	      0.000	      1.000	      0.000	      0.000	      1.000	      0.000	      1.000	      1.000	     10.000	      0.000	      0.000	      0.000	      0.000	
 05/20-10:08	2577.800	2579.800	2577.400	2579.400	           1651	   2579.625	   2579.517	   2578.369	   2567.526	      1.000	      0.000	      0.000	      0.000	      1.000	      0.000	      0.000	      1.000	      0.000	      0.000	      0.000	      0.000	      1.000	      1.000	     10.000	      0.000	      0.000	      0.000	      0.000	
 05/20-10:09	2579.400	2582.800	2579.400	2581.400	           4163	   2579.608	   2579.600	   2578.423	   2567.651	      1.000	      1.000	      0.000	      1.000	      1.000	      0.000	      1.000	      0.000	      0.000	      0.000	      0.000	      0.000	      1.000	      1.000	     10.000	      0.000	      0.000	      0.000	      0.000	
 05/20-10:10	2581.400	2582.600	2581.200	2581.800	           1599	   2579.642	   2579.688	   2578.485	   2567.782	      1.000	      1.000	      0.000	      0.000	      1.000	      0.000	      0.000	      1.000	      0.000	      0.000	      0.000	      0.000	      1.000	      0.000	     10.000	      0.000	      0.000	      0.000	      0.000	
 05/20-10:11	2581.800	2582.800	2581.200	2582.800	           1340	   2579.608	   2579.788	   2578.556	   2567.913	      0.000	      0.000	      0.000	      1.000	      1.000	      0.000	      0.000	      1.000	      1.000	      0.000	      0.000	      0.000	      1.000	      1.000	     10.000	      0.000	      0.000	      0.000	      0.000	
 05/20-10:12	2583.000	2584.600	2582.200	2583.000	           3394	   2579.608	   2579.896	   2578.629	   2568.036	      1.000	      1.000	      0.000	      1.000	      1.000	      0.000	      1.000	      1.000	      1.000	      0.000	      0.000	      0.000	      1.000	      1.000	     10.000	      0.000	      0.000	      0.000	      0.000	
 05/20-10:13	2583.200	2584.000	2582.800	2582.800	           1802	   2579.583	   2580.000	   2578.692	   2568.159	      1.000	      1.000	      0.000	      0.000	      1.000	      0.000	      0.000	      0.000	      0.000	      0.000	      0.000	      0.000	      1.000	      0.000	     10.000	      0.000	      0.000	      0.000	      0.000	
 05/20-10:14	2583.000	2588.400	2582.000	2587.000	           6613	   2579.683	   2580.175	   2578.785	   2568.294	      1.000	      1.000	      1.000	      1.000	      1.000	      0.000	      0.000	      1.000	      1.000	      0.000	      0.000	      0.000	      1.000	      1.000	     10.000	      0.000	      0.000	      0.000	      0.000	
 05/20-10:15	2587.000	2588.800	2586.000	2587.400	           5524	   2579.825	   2580.354	   2578.869	   2568.433	      1.000	      1.000	      1.000	      1.000	      1.000	      0.000	      1.000	      1.000	      1.000	      0.000	      0.000	      0.000	      1.000	      0.000	     10.000	      1.000	      0.000	      0.000	      0.000	
 05/20-10:16	2587.800	2588.200	2585.600	2587.600	           3054	   2580.083	   2580.533	   2578.958	   2568.572	      1.000	      0.000	      0.000	      0.000	      1.000	      0.000	      0.000	      1.000	      1.000	      0.000	      0.000	      0.000	      1.000	      1.000	     10.000	      0.000	      0.000	      0.000	      0.000	
 05/20-10:17	2588.200	2588.200	2586.200	2588.000	           2265	   2580.358	   2580.700	   2579.042	   2568.712	      0.000	      0.000	      0.000	      0.000	      1.000	      0.000	      0.000	      1.000	      1.000	      0.000	      0.000	      0.000	      1.000	      1.000	     10.000	      0.000	      0.000	      0.000	      0.000	
 05/20-10:18	2588.000	2589.400	2587.600	2588.800	           4308	   2580.692	   2580.871	   2579.133	   2568.862	      1.000	      1.000	      1.000	      1.000	      1.000	      0.000	      1.000	      1.000	      0.000	      0.000	      0.000	      0.000	      1.000	      0.000	     10.000	      1.000	      0.000	      0.000	      0.000	
 05/20-10:19	2588.600	2588.800	2586.000	2586.400	           3142	   2580.950	   2581.004	   2579.206	   2569.000	      0.000	      0.000	      0.000	      0.000	      1.000	      0.000	      1.000	      1.000	      0.000	      0.000	      0.000	      0.000	      1.000	      0.000	     10.000	      0.000	      0.000	      0.000	      0.000	
 05/20-10:20	2586.400	2587.000	2585.200	2585.400	           2053	   2581.250	   2581.121	   2579.262	   2569.142	      1.000	      1.000	      0.000	      0.000	      1.000	      0.000	      1.000	      1.000	      0.000	      0.000	      0.000	      0.000	      1.000	      0.000	     10.000	      0.000	      0.000	      0.000	      0.000	
 05/20-10:21	2585.200	2586.200	2583.000	2583.800	           3212	   2581.450	   2581.175	   2579.310	   2569.273	      1.000	      1.000	      0.000	      0.000	      1.000	      0.000	      0.000	      1.000	      1.000	      0.000	      0.000	      0.000	      1.000	      1.000	     10.000	      0.000	      0.000	      0.000	      0.000	
 05/20-10:22	2584.200	2587.000	2584.000	2587.000	           2514	   2581.775	   2581.271	   2579.394	   2569.419	      0.000	      0.000	      0.000	      0.000	      1.000	      0.000	      0.000	      0.000	      0.000	      0.000	      0.000	      0.000	      1.000	      1.000	     10.000	      0.000	      0.000	      0.000	      0.000	
 05/20-10:23	2587.200	2588.200	2585.800	2586.400	           2593	   2582.117	   2581.375	   2579.458	   2569.566	      1.000	      1.000	      0.000	      0.000	      1.000	      0.000	      0.000	      1.000	      1.000	      0.000	      0.000	      0.000	      1.000	      1.000	     10.000	      0.000	      0.000	      0.000	      0.000	
 05/20-10:24	2586.600	2588.600	2586.600	2587.600	           1861	   2582.483	   2581.483	   2579.538	   2569.717	      1.000	      1.000	      0.000	      0.000	      1.000	      0.000	      1.000	      0.000	      0.000	      0.000	      0.000	      0.000	      1.000	      0.000	     10.000	      0.000	      0.000	      0.000	      0.000	
 05/20-10:25	2587.800	2588.000	2586.200	2587.600	           1431	   2582.808	   2581.629	   2579.617	   2569.872	      1.000	      0.000	      0.000	      0.000	      1.000	      0.000	      0.000	      1.000	      1.000	      0.000	      0.000	      0.000	      1.000	      0.000	     10.000	      0.000	      0.000	      0.000	      0.000	
 05/20-10:26	2587.600	2588.000	2586.200	2587.800	           1002	   2583.142	   2581.779	   2579.698	   2570.019	      1.000	      0.000	      0.000	      0.000	      1.000	      0.000	      1.000	      1.000	      1.000	      0.000	      0.000	      0.000	      1.000	      0.000	     10.000	      0.000	      0.000	      0.000	      0.000	
 05/20-10:27	2587.600	2587.800	2586.000	2587.800	           1228	   2583.367	   2581.900	   2579.779	   2570.166	      0.000	      0.000	      0.000	      0.000	      1.000	      0.000	      0.000	      1.000	      1.000	      0.000	      0.000	      0.000	      1.000	      1.000	     10.000	      0.000	      0.000	      0.000	      0.000	
 05/20-10:28	2587.800	2589.800	2587.200	2588.000	           3340	   2583.617	   2582.000	   2579.867	   2570.320	      1.000	      1.000	      1.000	      1.000	      1.000	      0.000	      1.000	      1.000	      1.000	      0.000	      0.000	      0.000	      1.000	      0.000	     10.000	      1.000	      0.000	      0.000	      0.000	
 05/20-10:29	2587.600	2588.000	2586.000	2586.000	           2440	   2583.817	   2582.029	   2579.938	   2570.454	      1.000	      0.000	      0.000	      0.000	      1.000	      0.000	      0.000	      0.000	      0.000	      0.000	      0.000	      0.000	      1.000	      0.000	     10.000	      0.000	      0.000	      0.000	      0.000	
 05/20-10:30	2586.200	2589.000	2586.000	2589.000	           1904	   2584.150	   2582.117	   2580.029	   2570.603	      0.000	      0.000	      0.000	      0.000	      1.000	      0.000	      0.000	      0.000	      0.000	      0.000	      0.000	      0.000	      1.000	      0.000	     10.000	      0.000	      0.000	      0.000	      0.000	
 05/20-10:31	2589.600	2589.600	2584.000	2585.200	           3400	   2584.358	   2582.142	   2580.090	   2570.739	      0.000	      0.000	      0.000	      0.000	      1.000	      0.000	      0.000	      1.000	      1.000	      0.000	      1.000	      0.000	      1.000	      1.000	     10.000	      0.000	      0.000	      0.000	      1.000	
 05/20-10:32	2585.200	2589.600	2585.200	2589.600	           1875	   2584.658	   2582.262	   2580.190	   2570.886	      0.000	      0.000	      0.000	      0.000	      1.000	      0.000	      0.000	      0.000	      0.000	      0.000	      0.000	      0.000	      1.000	      1.000	     10.000	      0.000	      0.000	      0.000	      0.000	
 05/20-10:33	2589.800	2590.000	2585.600	2585.800	           3633	   2584.825	   2582.383	   2580.258	   2571.015	      0.000	      0.000	      1.000	      1.000	      1.000	      0.000	      1.000	      0.000	      0.000	      0.000	      0.000	      0.000	      1.000	      0.000	     10.000	      0.000	      0.000	      0.000	      0.000	
 05/20-10:34	2586.200	2587.200	2585.000	2586.600	           1908	   2585.117	   2582.471	   2580.337	   2571.147	      1.000	      1.000	      0.000	      0.000	      1.000	      0.000	      1.000	      1.000	      1.000	      0.000	      0.000	      0.000	      1.000	      0.000	     10.000	      0.000	      0.000	      0.000	      0.000	
 05/20-10:35	2586.400	2586.600	2584.200	2585.000	           2432	   2585.333	   2582.579	   2580.398	   2571.276	      1.000	      0.000	      0.000	      0.000	      1.000	      0.000	      1.000	      1.000	      1.000	      0.000	      0.000	      0.000	      1.000	      0.000	     10.000	      0.000	      0.000	      0.000	      0.000	
 05/20-10:36	2585.000	2585.600	2583.800	2583.800	           2261	   2585.558	   2582.671	   2580.446	   2571.404	      1.000	      1.000	      0.000	      0.000	      1.000	      0.000	      1.000	      0.000	      0.000	      0.000	      1.000	      0.000	      1.000	      0.000	     10.000	      0.000	      0.000	      0.000	      0.000	
 05/20-10:37	2583.600	2584.400	2582.600	2583.400	           3282	   2585.742	   2582.725	   2580.490	   2571.525	      1.000	      1.000	      0.000	      0.000	      1.000	      0.000	      0.000	      1.000	      1.000	      0.000	      1.000	      0.000	      1.000	      1.000	     10.000	      0.000	      0.000	      0.000	      1.000	
 05/20-10:38	2583.400	2585.000	2583.400	2584.000	           1738	   2585.900	   2582.762	   2580.535	   2571.657	      1.000	      1.000	      0.000	      0.000	      1.000	      0.000	      0.000	      0.000	      0.000	      0.000	      0.000	      0.000	      1.000	      0.000	     10.000	      0.000	      0.000	      0.000	      0.000	
 05/20-10:39	2583.800	2586.600	2583.000	2585.400	           2232	   2586.025	   2582.817	   2580.590	   2571.795	      1.000	      1.000	      0.000	      0.000	      1.000	      0.000	      1.000	      1.000	      1.000	      0.000	      0.000	      0.000	      1.000	      1.000	     10.000	      0.000	      0.000	      0.000	      0.000	
 05/20-10:40	2585.600	2586.000	2584.000	2584.800	           1085	   2586.125	   2582.883	   2580.642	   2571.921	      1.000	      0.000	      0.000	      0.000	      1.000	      0.000	      0.000	      1.000	      1.000	      0.000	      0.000	      0.000	      1.000	      1.000	     10.000	      0.000	      0.000	      0.000	      0.000	
 05/20-10:41	2584.800	2586.600	2584.200	2585.800	           1709	   2586.233	   2582.921	   2580.704	   2572.052	      1.000	      1.000	      0.000	      0.000	      1.000	      0.000	      0.000	      1.000	      1.000	      0.000	      0.000	      0.000	      1.000	      1.000	     10.000	      0.000	      0.000	      0.000	      0.000	
 05/20-10:42	2585.800	2586.600	2585.000	2586.200	           1183	   2586.333	   2582.971	   2580.765	   2572.188	      1.000	      0.000	      0.000	      0.000	      1.000	      0.000	      0.000	      1.000	      1.000	      0.000	      0.000	      0.000	      1.000	      1.000	     10.000	      0.000	      0.000	      0.000	      0.000	
 05/20-10:43	2586.600	2588.600	2586.400	2588.200	           3111	   2586.508	   2583.046	   2580.846	   2572.334	      1.000	      0.000	      0.000	      1.000	      1.000	      0.000	      0.000	      1.000	      0.000	      0.000	      0.000	      0.000	      1.000	      1.000	     10.000	      0.000	      0.000	      0.000	      0.000	
 05/20-10:44	2588.600	2588.800	2587.600	2588.400	           2064	   2586.558	   2583.121	   2580.935	   2572.485	      1.000	      0.000	      0.000	      1.000	      1.000	      0.000	      0.000	      1.000	      1.000	      0.000	      0.000	      0.000	      1.000	      1.000	     10.000	      0.000	      0.000	      0.000	      0.000	
 05/20-10:45	2588.600	2589.400	2587.800	2589.400	           2541	   2586.625	   2583.225	   2581.033	   2572.639	      0.000	      0.000	      0.000	      1.000	      1.000	      0.000	      0.000	      1.000	      1.000	      0.000	      0.000	      0.000	      1.000	      1.000	     10.000	      0.000	      0.000	      0.000	      0.000	
 05/20-10:46	2589.400	2595.000	2588.400	2595.000	           5816	   2586.867	   2583.475	   2581.181	   2572.811	      0.000	      0.000	      1.000	      1.000	      1.000	      0.000	      0.000	      1.000	      1.000	      0.000	      0.000	      0.000	      1.000	      1.000	     10.000	      0.000	      0.000	      0.000	      0.000	
 05/20-10:47	2594.800	2595.000	2592.400	2594.800	           5035	   2587.100	   2583.729	   2581.325	   2572.988	      1.000	      0.000	      1.000	      1.000	      1.000	      0.000	      0.000	      1.000	      1.000	      0.000	      0.000	      0.000	      1.000	      1.000	     10.000	      0.000	      0.000	      0.000	      0.000	
 05/20-10:48	2594.800	2595.600	2592.800	2595.600	           4860	   2587.325	   2584.008	   2581.479	   2573.168	      0.000	      0.000	      1.000	      1.000	      1.000	      0.000	      0.000	      1.000	      1.000	      0.000	      0.000	      0.000	      1.000	      1.000	     10.000	      0.000	      0.000	      0.000	      0.000	
 05/20-10:49	2595.800	2596.000	2593.600	2595.000	           3583	   2587.617	   2584.283	   2581.627	   2573.341	      1.000	      0.000	      1.000	      1.000	      1.000	      0.000	      1.000	      1.000	      1.000	      0.000	      0.000	      0.000	      1.000	      0.000	     10.000	      0.000	      0.000	      0.000	      0.000	
 05/20-10:50	2595.200	2595.200	2593.400	2594.600	           2441	   2587.917	   2584.583	   2581.771	   2573.517	      0.000	      0.000	      0.000	      0.000	      1.000	      0.000	      0.000	      1.000	      1.000	      0.000	      0.000	      0.000	      1.000	      0.000	     10.000	      0.000	      0.000	      0.000	      0.000	
 05/20-10:51	2594.200	2595.200	2593.000	2595.200	           2286	   2588.300	   2584.875	   2581.923	   2573.697	      0.000	      0.000	      0.000	      0.000	      1.000	      0.000	      0.000	      1.000	      1.000	      0.000	      0.000	      0.000	      1.000	      1.000	     10.000	      0.000	      0.000	      0.000	      0.000	
 05/20-10:52	2595.400	2596.000	2594.400	2595.600	           3256	   2588.592	   2585.183	   2582.079	   2573.886	      1.000	      0.000	      1.000	      1.000	      1.000	      0.000	      0.000	      1.000	      1.000	      0.000	      0.000	      0.000	      1.000	      1.000	     10.000	      0.000	      0.000	      0.000	      0.000	
 05/20-10:53	2595.600	2597.400	2594.800	2597.400	           3544	   2588.950	   2585.533	   2582.248	   2574.082	      0.000	      0.000	      1.000	      1.000	      1.000	      0.000	      0.000	      1.000	      1.000	      0.000	      0.000	      0.000	      1.000	      1.000	     10.000	      0.000	      0.000	      0.000	      0.000	
 05/20-10:54	2597.200	2600.000	2595.000	2595.200	           7453	   2589.208	   2585.846	   2582.400	   2574.266	      1.000	      1.000	      1.000	      1.000	      1.000	      0.000	      1.000	      0.000	      0.000	      0.000	      0.000	      0.000	      1.000	      0.000	     10.000	      1.000	      0.000	      0.000	      0.000	
 05/20-10:55	2595.200	2599.000	2594.200	2599.000	           4318	   2589.583	   2586.196	   2582.583	   2574.467	      0.000	      0.000	      0.000	      0.000	      1.000	      0.000	      0.000	      1.000	      1.000	      0.000	      0.000	      0.000	      1.000	      1.000	     10.000	      0.000	      0.000	      0.000	      0.000	
 05/20-10:56	2599.800	2601.600	2598.000	2600.200	           5803	   2590.000	   2586.571	   2582.779	   2574.669	      1.000	      1.000	      1.000	      1.000	      1.000	      0.000	      1.000	      1.000	      1.000	      0.000	      0.000	      0.000	      1.000	      0.000	     10.000	      1.000	      0.000	      0.000	      0.000	
 05/20-10:57	2600.200	2600.600	2598.000	2599.200	           2618	   2590.383	   2586.875	   2582.967	   2574.865	      1.000	      0.000	      0.000	      0.000	      1.000	      0.000	      0.000	      1.000	      1.000	      0.000	      0.000	      0.000	      1.000	      1.000	     10.000	      0.000	      0.000	      0.000	      0.000	
 05/20-10:58	2599.000	2601.000	2598.400	2601.000	           2638	   2590.817	   2587.217	   2583.169	   2575.071	      0.000	      0.000	      0.000	      0.000	      1.000	      0.000	      0.000	      1.000	      1.000	      0.000	      0.000	      0.000	      1.000	      1.000	     10.000	      0.000	      0.000	      0.000	      0.000	
 05/20-10:59	2600.800	2601.000	2599.000	2599.600	           2319	   2591.267	   2587.542	   2583.358	   2575.264	      1.000	      0.000	      0.000	      0.000	      1.000	      0.000	      1.000	      1.000	      1.000	      0.000	      0.000	      0.000	      1.000	      0.000	     10.000	      0.000	      0.000	      0.000	      0.000	
 05/20-11:00	2600.200	2600.200	2598.400	2599.400	           2608	   2591.617	   2587.883	   2583.550	   2575.463	      0.000	      0.000	      0.000	      0.000	      1.000	      0.000	      1.000	      1.000	      1.000	      0.000	      0.000	      0.000	      1.000	      0.000	     10.000	      0.000	      0.000	      0.000	      0.000	
 05/20-11:01	2599.000	2599.600	2597.200	2598.800	           3294	   2592.067	   2588.212	   2583.733	   2575.658	      1.000	      1.000	      0.000	      0.000	      1.000	      0.000	      0.000	      1.000	      1.000	      0.000	      0.000	      0.000	      1.000	      1.000	     10.000	      0.000	      0.000	      0.000	      0.000	
 05/20-11:02	2598.800	2606.000	2598.800	2604.800	           7979	   2592.575	   2588.617	   2583.969	   2575.875	      1.000	      1.000	      1.000	      1.000	      1.000	      0.000	      0.000	      0.000	      0.000	      0.000	      0.000	      0.000	      1.000	      1.000	     10.000	      0.000	      0.000	      0.000	      0.000	
 05/20-11:03	2604.400	2607.800	2603.000	2607.200	           6080	   2593.292	   2589.058	   2584.223	   2576.104	      1.000	      1.000	      1.000	      1.000	      1.000	      0.000	      0.000	      1.000	      1.000	      0.000	      0.000	      0.000	      1.000	      1.000	     10.000	      0.000	      0.000	      0.000	      0.000	
 05/20-11:04	2606.600	2609.000	2606.000	2607.400	           5465	   2593.975	   2589.546	   2584.479	   2576.333	      1.000	      1.000	      1.000	      1.000	      1.000	      0.000	      0.000	      1.000	      1.000	      0.000	      0.000	      0.000	      1.000	      1.000	     10.000	      0.000	      0.000	      0.000	      0.000	
 05/20-11:05	2607.400	2616.200	2607.400	2614.400	           9725	   2594.958	   2590.146	   2584.796	   2576.590	      1.000	      1.000	      1.000	      1.000	      1.000	      0.000	      1.000	      0.000	      0.000	      0.000	      0.000	      0.000	      1.000	      1.000	     10.000	      1.000	      0.000	      0.000	      0.000	
 05/20-11:06	2614.000	2614.400	2611.400	2611.600	           5183	   2595.883	   2590.721	   2585.085	   2576.833	      1.000	      0.000	      0.000	      0.000	      1.000	      0.000	      1.000	      0.000	      0.000	      0.000	      0.000	      0.000	      1.000	      0.000	     10.000	      0.000	      0.000	      0.000	      0.000	
 05/20-11:07	2611.200	2614.000	2611.200	2612.000	           2998	   2596.833	   2591.288	   2585.381	   2577.080	      1.000	      1.000	      0.000	      0.000	      1.000	      0.000	      1.000	      0.000	      0.000	      0.000	      0.000	      0.000	      1.000	      0.000	     10.000	      0.000	      0.000	      0.000	      0.000	
 05/20-11:08	2612.000	2612.600	2610.200	2610.800	           3274	   2597.733	   2591.817	   2585.667	   2577.323	      1.000	      1.000	      0.000	      0.000	      1.000	      0.000	      1.000	      1.000	      1.000	      0.000	      0.000	      0.000	      1.000	      0.000	     10.000	      0.000	      0.000	      0.000	      0.000	
 05/20-11:09	2610.800	2611.400	2608.200	2611.400	           3577	   2598.600	   2592.313	   2585.956	   2577.565	      0.000	      0.000	      0.000	      0.000	      1.000	      0.000	      0.000	      1.000	      1.000	      0.000	      0.000	      0.000	      1.000	      1.000	     10.000	      0.000	      0.000	      0.000	      0.000	
 05/20-11:10	2611.600	2612.600	2610.000	2611.600	           2558	   2599.500	   2592.813	   2586.250	   2577.804	      1.000	      1.000	      0.000	      0.000	      1.000	      0.000	      1.000	      1.000	      1.000	      0.000	      0.000	      0.000	      1.000	      0.000	     10.000	      0.000	      0.000	      0.000	      0.000	
 05/20-11:11	2611.600	2611.800	2607.600	2608.800	           2912	   2600.258	   2593.246	   2586.517	   2578.027	      0.000	      0.000	      0.000	      0.000	      1.000	      0.000	      1.000	      1.000	      1.000	      0.000	      0.000	      0.000	      1.000	      1.000	     10.000	      0.000	      0.000	      0.000	      0.000	
 05/20-11:12	2608.600	2610.400	2608.400	2609.400	           2005	   2601.033	   2593.683	   2586.790	   2578.253	      1.000	      1.000	      0.000	      0.000	      1.000	      0.000	      0.000	      1.000	      0.000	      0.000	      0.000	      0.000	      1.000	      0.000	     10.000	      0.000	      0.000	      0.000	      0.000	
 05/20-11:13	2609.200	2611.000	2604.400	2605.200	           5653	   2601.600	   2594.054	   2587.027	   2578.464	      1.000	      1.000	      0.000	      0.000	      1.000	      0.000	      1.000	      1.000	      1.000	      0.000	      1.000	      0.000	      1.000	      1.000	     10.000	      0.000	      0.000	      0.000	      1.000	
 05/20-11:14	2605.200	2607.400	2604.800	2605.400	           2548	   2602.167	   2594.363	   2587.269	   2578.673	      1.000	      1.000	      0.000	      0.000	      1.000	      0.000	      0.000	      1.000	      0.000	      0.000	      0.000	      0.000	      1.000	      1.000	     10.000	      0.000	      0.000	      0.000	      0.000	
 05/20-11:15	2605.200	2608.200	2605.000	2608.200	           2239	   2602.800	   2594.712	   2587.533	   2578.892	      0.000	      0.000	      0.000	      0.000	      1.000	      0.000	      0.000	      0.000	      0.000	      0.000	      0.000	      0.000	      1.000	      0.000	     10.000	      0.000	      0.000	      0.000	      0.000	
 05/20-11:16	2608.200	2608.200	2605.000	2605.000	           2774	   2603.133	   2595.000	   2587.767	   2579.100	      0.000	      0.000	      0.000	      0.000	      1.000	      0.000	      1.000	      0.000	      0.000	      0.000	      0.000	      0.000	      1.000	      0.000	     10.000	      0.000	      0.000	      0.000	      0.000	
 05/20-11:17	2604.800	2604.800	2601.000	2601.000	           7186	   2603.333	   2595.217	   2587.958	   2579.289	      0.000	      0.000	      0.000	      0.000	      1.000	      0.000	      1.000	      0.000	      0.000	      0.000	      1.000	      0.000	      1.000	      1.000	     10.000	      0.000	      0.000	      0.000	      0.000	
 05/20-11:18	2601.200	2603.800	2601.200	2601.600	           2712	   2603.533	   2595.429	   2588.150	   2579.480	      1.000	      1.000	      0.000	      0.000	      1.000	      0.000	      1.000	      0.000	      0.000	      0.000	      0.000	      0.000	      1.000	      0.000	     10.000	      0.000	      0.000	      0.000	      0.000	
 05/20-11:19	2601.600	2602.800	2599.000	2599.400	           4312	   2603.683	   2595.650	   2588.327	   2579.664	      1.000	      1.000	      0.000	      0.000	      1.000	      0.000	      1.000	      1.000	      0.000	      0.000	      1.000	      0.000	      1.000	      0.000	     10.000	      0.000	      0.000	      0.000	      0.000	
 05/20-11:20	2600.000	2601.600	2598.600	2598.600	           3664	   2603.817	   2595.867	   2588.494	   2579.839	      1.000	      1.000	      0.000	      0.000	      1.000	      0.000	      0.000	      0.000	      0.000	      0.000	      1.000	      0.000	      1.000	      0.000	     10.000	      0.000	      0.000	      0.000	      0.000	
 05/20-11:21	2598.600	2603.200	2598.000	2601.800	           4293	   2604.033	   2596.167	   2588.671	   2580.029	      1.000	      1.000	      0.000	      0.000	      1.000	      0.000	      0.000	      1.000	      1.000	      0.000	      1.000	      0.000	      1.000	      1.000	     10.000	      0.000	      0.000	      0.000	      1.000	
 05/20-11:22	2602.200	2603.200	2602.000	2603.200	           1840	   2604.283	   2596.438	   2588.854	   2580.222	      0.000	      0.000	      0.000	      0.000	      1.000	      0.000	      0.000	      1.000	      0.000	      0.000	      0.000	      0.000	      1.000	      1.000	     10.000	      0.000	      0.000	      0.000	      0.000	
 05/20-11:23	2603.200	2606.600	2603.200	2605.600	           4620	   2604.558	   2596.754	   2589.065	   2580.424	      1.000	      1.000	      0.000	      0.000	      1.000	      0.000	      0.000	      0.000	      0.000	      0.000	      0.000	      0.000	      1.000	      1.000	     10.000	      0.000	      0.000	      0.000	      0.000	
 05/20-11:24	2605.600	2607.000	2604.800	2605.800	           2229	   2604.917	   2597.063	   2589.273	   2580.629	      1.000	      1.000	      0.000	      0.000	      1.000	      0.000	      1.000	      1.000	      1.000	      0.000	      0.000	      0.000	      1.000	      1.000	     10.000	      0.000	      0.000	      0.000	      0.000	
 05/20-11:25	2606.000	2606.800	2605.400	2605.800	           1844	   2605.142	   2597.363	   2589.496	   2580.825	      1.000	      1.000	      0.000	      0.000	      1.000	      0.000	      1.000	      1.000	      0.000	      0.000	      0.000	      0.000	      1.000	      0.000	     10.000	      0.000	      0.000	      0.000	      0.000	
 05/20-11:26	2605.800	2606.000	2603.800	2604.200	           1823	   2605.275	   2597.637	   2589.708	   2581.022	      1.000	      0.000	      0.000	      0.000	      1.000	      0.000	      1.000	      1.000	      0.000	      0.000	      0.000	      0.000	      1.000	      0.000	     10.000	      0.000	      0.000	      0.000	      0.000	
 05/20-11:27	2604.000	2604.000	2601.200	2601.600	           2999	   2605.350	   2597.867	   2589.883	   2581.208	      0.000	      0.000	      0.000	      0.000	      1.000	      0.000	      1.000	      1.000	      0.000	      0.000	      0.000	      0.000	      1.000	      0.000	     10.000	      0.000	      0.000	      0.000	      0.000	
 05/20-11:28	2601.800	2602.800	2601.000	2601.800	           1289	   2605.375	   2598.096	   2590.048	   2581.397	      1.000	      1.000	      0.000	      0.000	      1.000	      0.000	      1.000	      1.000	      1.000	      0.000	      0.000	      0.000	      1.000	      0.000	     10.000	      0.000	      0.000	      0.000	      0.000	
 05/20-11:29	2601.600	2601.800	2598.800	2598.800	           2926	   2605.350	   2598.308	   2590.169	   2581.566	      0.000	      0.000	      0.000	      0.000	      1.000	      0.000	      0.000	      0.000	      0.000	      0.000	      0.000	      0.000	      1.000	      0.000	     10.000	      0.000	      0.000	      0.000	      0.000	
 05/20-11:30	2598.800	2602.200	2598.400	2602.200	           2719	   2605.442	   2598.529	   2590.323	   2581.745	      0.000	      0.000	      0.000	      0.000	      1.000	      0.000	      0.000	      1.000	      0.000	      0.000	      0.000	      0.000	      1.000	      1.000	     10.000	      0.000	      0.000	      0.000	      0.000	
 05/20-13:01	2602.200	2604.400	2601.400	2604.000	           2401	   2605.617	   2598.842	   2590.492	   2581.933	      1.000	      0.000	      0.000	      0.000	      1.000	      0.000	      0.000	      1.000	      1.000	      0.000	      0.000	      0.000	      1.000	      1.000	     10.000	      0.000	      0.000	      0.000	      0.000	
 05/20-13:02	2604.000	2604.800	2603.200	2603.400	           1589	   2605.575	   2599.075	   2590.669	   2582.117	      1.000	      1.000	      0.000	      0.000	      1.000	      0.000	      0.000	      1.000	      0.000	      0.000	      0.000	      0.000	      1.000	      1.000	     10.000	      0.000	      0.000	      0.000	      0.000	
 05/20-13:03	2603.400	2605.600	2603.400	2605.400	           1820	   2605.508	   2599.400	   2590.892	   2582.306	      0.000	      0.000	      0.000	      0.000	      1.000	      0.000	      0.000	      0.000	      0.000	      0.000	      0.000	      0.000	      1.000	      1.000	     10.000	      0.000	      0.000	      0.000	      0.000	
 05/20-13:04	2605.400	2606.200	2605.200	2605.800	           2112	   2605.467	   2599.721	   2591.096	   2582.499	      1.000	      0.000	      0.000	      0.000	      1.000	      0.000	      0.000	      1.000	      0.000	      0.000	      0.000	      0.000	      1.000	      1.000	     10.000	      0.000	      0.000	      0.000	      0.000	
 05/20-13:05	2606.200	2606.600	2605.400	2606.400	           1391	   2605.192	   2600.075	   2591.327	   2582.688	      1.000	      0.000	      0.000	      1.000	      1.000	      0.000	      0.000	      1.000	      1.000	      0.000	      0.000	      0.000	      1.000	      1.000	     10.000	      0.000	      0.000	      0.000	      0.000	
 05/20-13:06	2606.000	2606.800	2605.600	2606.600	           1340	   2605.033	   2600.458	   2591.565	   2582.884	      1.000	      0.000	      0.000	      1.000	      1.000	      0.000	      1.000	      1.000	      0.000	      0.000	      0.000	      0.000	      1.000	      0.000	     10.000	      0.000	      0.000	      0.000	      0.000	
 05/20-13:07	2606.400	2606.600	2604.800	2605.400	           1490	   2604.808	   2600.821	   2591.773	   2583.071	      1.000	      0.000	      0.000	      0.000	      1.000	      0.000	      0.000	      1.000	      1.000	      0.000	      0.000	      0.000	      1.000	      0.000	     10.000	      0.000	      0.000	      0.000	      0.000	
 05/20-13:08	2605.600	2608.200	2604.200	2607.600	           3406	   2604.700	   2601.217	   2591.990	   2583.269	      1.000	      1.000	      0.000	      1.000	      1.000	      0.000	      0.000	      1.000	      1.000	      0.000	      0.000	      0.000	      1.000	      1.000	     10.000	      0.000	      0.000	      0.000	      0.000	
 05/20-13:09	2607.600	2610.800	2607.000	2610.200	           4289	   2604.658	   2601.629	   2592.223	   2583.478	      1.000	      1.000	      0.000	      1.000	      1.000	      0.000	      1.000	      1.000	      1.000	      0.000	      0.000	      0.000	      1.000	      1.000	     10.000	      0.000	      0.000	      0.000	      0.000	
 05/20-13:10	2610.200	2610.600	2608.200	2609.800	           2378	   2604.600	   2602.050	   2592.467	   2583.689	      1.000	      0.000	      0.000	      0.000	      1.000	      0.000	      0.000	      1.000	      1.000	      0.000	      0.000	      0.000	      1.000	      0.000	     10.000	      0.000	      0.000	      0.000	      0.000	
 05/20-13:11	2609.800	2610.800	2608.200	2609.200	           2152	   2604.608	   2602.433	   2592.677	   2583.892	      1.000	      1.000	      0.000	      1.000	      1.000	      0.000	      1.000	      1.000	      1.000	      0.000	      0.000	      0.000	      1.000	      1.000	     10.000	      0.000	      0.000	      0.000	      0.000	
 05/20-13:12	2609.000	2610.400	2608.800	2609.400	           1317	   2604.617	   2602.825	   2592.898	   2584.101	      1.000	      1.000	      0.000	      0.000	      1.000	      0.000	      1.000	      1.000	      0.000	      0.000	      0.000	      0.000	      1.000	      0.000	     10.000	      0.000	      0.000	      0.000	      0.000	
 05/20-13:13	2609.400	2609.600	2606.200	2607.400	           2489	   2604.692	   2603.146	   2593.096	   2584.294	      0.000	      0.000	      0.000	      0.000	      1.000	      0.000	      0.000	      1.000	      1.000	      0.000	      0.000	      0.000	      1.000	      1.000	     10.000	      0.000	      0.000	      0.000	      0.000	
 05/20-13:14	2607.600	2609.600	2607.400	2609.600	           1255	   2604.825	   2603.496	   2593.308	   2584.479	      0.000	      0.000	      0.000	      0.000	      1.000	      0.000	      0.000	      0.000	      0.000	      0.000	      0.000	      0.000	      1.000	      1.000	     10.000	      0.000	      0.000	      0.000	      0.000	
 05/20-13:15	2610.000	2610.400	2608.800	2610.400	           1695	   2604.900	   2603.850	   2593.538	   2584.662	      0.000	      0.000	      0.000	      0.000	      1.000	      0.000	      0.000	      1.000	      1.000	      0.000	      0.000	      0.000	      1.000	      0.000	     10.000	      0.000	      0.000	      0.000	      0.000	
 05/20-13:16	2610.400	2612.800	2608.200	2612.400	           3385	   2605.142	   2604.137	   2593.806	   2584.852	      1.000	      0.000	      1.000	      1.000	      1.000	      0.000	      0.000	      1.000	      1.000	      0.000	      0.000	      0.000	      1.000	      1.000	     10.000	      0.000	      0.000	      0.000	      0.000	
 05/20-13:17	2612.000	2613.000	2611.000	2611.800	           2784	   2605.500	   2604.417	   2594.073	   2585.040	      1.000	      1.000	      1.000	      1.000	      1.000	      0.000	      1.000	      1.000	      1.000	      0.000	      0.000	      0.000	      1.000	      0.000	     10.000	      1.000	      0.000	      0.000	      0.000	
 05/20-13:18	2611.600	2611.800	2610.200	2611.200	           1536	   2605.825	   2604.679	   2594.344	   2585.222	      1.000	      0.000	      0.000	      0.000	      1.000	      0.000	      1.000	      1.000	      1.000	      0.000	      0.000	      0.000	      1.000	      0.000	     10.000	      0.000	      0.000	      0.000	      0.000	
 05/20-13:19	2611.000	2611.600	2610.000	2610.800	           1846	   2606.200	   2604.942	   2594.613	   2585.406	      1.000	      1.000	      0.000	      0.000	      1.000	      0.000	      0.000	      1.000	      1.000	      0.000	      0.000	      0.000	      1.000	      0.000	     10.000	      0.000	      0.000	      0.000	      0.000	
 05/20-13:20	2610.400	2611.600	2606.400	2606.800	           3279	   2606.483	   2605.150	   2594.867	   2585.572	      1.000	      1.000	      0.000	      0.000	      1.000	      0.000	      1.000	      1.000	      0.000	      0.000	      0.000	      0.000	      1.000	      0.000	     10.000	      0.000	      0.000	      0.000	      0.000	
 05/20-13:21	2606.400	2608.000	2605.400	2605.600	           3116	   2606.608	   2605.321	   2595.098	   2585.727	      1.000	      1.000	      0.000	      0.000	      1.000	      0.000	      1.000	      1.000	      0.000	      0.000	      1.000	      0.000	      1.000	      0.000	     10.000	      0.000	      0.000	      0.000	      0.000	
 05/20-13:22	2605.600	2605.600	2602.800	2604.000	           5008	   2606.633	   2605.458	   2595.321	   2585.881	      0.000	      0.000	      0.000	      0.000	      1.000	      0.000	      1.000	      1.000	      1.000	      0.000	      1.000	      0.000	      1.000	      1.000	     10.000	      0.000	      0.000	      0.000	      1.000	
 05/20-13:23	2604.000	2604.800	2603.000	2603.600	           2002	   2606.567	   2605.563	   2595.548	   2586.028	      1.000	      1.000	      0.000	      0.000	      1.000	      0.000	      0.000	      1.000	      1.000	      0.000	      0.000	      0.000	      1.000	      0.000	     10.000	      0.000	      0.000	      0.000	      0.000	
 05/20-13:24	2603.600	2605.000	2603.000	2603.600	           2122	   2606.492	   2605.704	   2595.775	   2586.171	      1.000	      1.000	      0.000	      0.000	      1.000	      0.000	      1.000	      1.000	      1.000	      0.000	      0.000	      0.000	      1.000	      0.000	     10.000	      0.000	      0.000	      0.000	      0.000	
 05/20-13:25	2603.200	2604.200	2602.000	2603.400	           2682	   2606.408	   2605.775	   2595.985	   2586.308	      1.000	      1.000	      0.000	      0.000	      1.000	      0.000	      1.000	      1.000	      1.000	      0.000	      1.000	      0.000	      1.000	      0.000	     10.000	      0.000	      0.000	      0.000	      0.000	
 05/20-13:26	2603.400	2603.600	2601.200	2602.400	           2885	   2606.350	   2605.813	   2596.192	   2586.434	      1.000	      0.000	      0.000	      0.000	      1.000	      0.000	      1.000	      1.000	      1.000	      0.000	      1.000	      0.000	      1.000	      0.000	     10.000	      0.000	      0.000	      0.000	      0.000	
 05/20-13:27	2602.200	2603.200	2601.200	2602.800	           2504	   2606.392	   2605.871	   2596.373	   2586.554	      1.000	      0.000	      0.000	      0.000	      1.000	      0.000	      0.000	      1.000	      1.000	      0.000	      1.000	      0.000	      1.000	      1.000	     10.000	      0.000	      0.000	      0.000	      1.000	
 05/20-13:28	2602.800	2604.200	2602.800	2604.200	           2572	   2606.475	   2605.925	   2596.571	   2586.691	      0.000	      0.000	      0.000	      0.000	      1.000	      0.000	      0.000	      0.000	      0.000	      0.000	      0.000	      0.000	      1.000	      0.000	     10.000	      0.000	      0.000	      0.000	      0.000	
 05/20-13:29	2604.000	2604.200	2602.200	2602.600	           1415	   2606.600	   2605.975	   2596.758	   2586.824	      1.000	      0.000	      0.000	      0.000	      1.000	      0.000	      1.000	      1.000	      0.000	      0.000	      0.000	      0.000	      1.000	      0.000	     10.000	      0.000	      0.000	      0.000	      0.000	
 05/20-13:30	2602.600	2604.000	2602.200	2602.400	           1422	   2606.608	   2606.025	   2596.954	   2586.956	      1.000	      1.000	      0.000	      0.000	      1.000	      0.000	      1.000	      1.000	      0.000	      0.000	      0.000	      0.000	      1.000	      0.000	     10.000	      0.000	      0.000	      0.000	      0.000	
 05/20-13:31	2602.400	2602.400	2599.600	2600.200	           4812	   2606.483	   2606.050	   2597.131	   2587.080	      0.000	      0.000	      0.000	      0.000	      1.000	      0.000	      1.000	      1.000	      1.000	      1.000	      1.000	      0.000	      1.000	      0.000	     10.000	      0.000	      0.000	      0.000	      0.000	
 05/20-13:32	2600.000	2602.200	2599.400	2601.800	           2999	   2606.425	   2606.000	   2597.308	   2587.210	      1.000	      0.000	      0.000	      0.000	      1.000	      0.000	      0.000	      1.000	      1.000	      1.000	      1.000	      0.000	      1.000	      1.000	     10.000	      0.000	      0.000	      0.000	      1.000	
 05/20-13:33	2601.600	2603.600	2601.600	2601.600	           2068	   2606.300	   2605.904	   2597.481	   2587.340	      1.000	      1.000	      0.000	      0.000	      1.000	      0.000	      1.000	      1.000	      0.000	      0.000	      0.000	      0.000	      1.000	      0.000	     10.000	      0.000	      0.000	      0.000	      0.000	
 05/20-13:34	2602.000	2602.400	2600.800	2602.200	           1610	   2606.175	   2605.821	   2597.683	   2587.460	      1.000	      0.000	      0.000	      0.000	      1.000	      0.000	      0.000	      1.000	      1.000	      0.000	      0.000	      0.000	      1.000	      1.000	     10.000	      0.000	      0.000	      0.000	      0.000	
 05/20-13:35	2602.200	2604.400	2601.200	2604.000	           2739	   2606.100	   2605.646	   2597.896	   2587.584	      1.000	      0.000	      0.000	      1.000	      1.000	      0.000	      1.000	      1.000	      1.000	      0.000	      0.000	      0.000	      1.000	      0.000	     10.000	      0.000	      0.000	      0.000	      0.000	
 05/20-13:36	2603.800	2603.800	2601.200	2601.800	           2394	   2605.933	   2605.483	   2598.102	   2587.700	      0.000	      0.000	      0.000	      0.000	      1.000	      0.000	      1.000	      1.000	      1.000	      0.000	      0.000	      0.000	      1.000	      0.000	     10.000	      0.000	      0.000	      0.000	      0.000	
 05/20-13:37	2601.800	2603.000	2601.200	2601.600	           1278	   2605.817	   2605.313	   2598.300	   2587.808	      1.000	      1.000	      0.000	      0.000	      1.000	      0.000	      0.000	      1.000	      0.000	      0.000	      0.000	      0.000	      1.000	      0.000	     10.000	      0.000	      0.000	      0.000	      0.000	
 05/20-13:38	2601.600	2603.600	2600.800	2601.400	           1948	   2605.600	   2605.150	   2598.483	   2587.903	      1.000	      1.000	      0.000	      0.000	      1.000	      0.000	      1.000	      1.000	      1.000	      0.000	      0.000	      0.000	      1.000	      0.000	     10.000	      0.000	      0.000	      0.000	      0.000	
 05/20-13:39	2601.600	2601.800	2599.600	2600.600	           3174	   2605.292	   2604.975	   2598.644	   2587.997	      1.000	      0.000	      0.000	      0.000	      1.000	      0.000	      1.000	      1.000	      1.000	      0.000	      0.000	      0.000	      1.000	      0.000	     10.000	      0.000	      0.000	      0.000	      0.000	
 05/20-13:40	2600.600	2601.000	2598.800	2600.200	           2532	   2604.967	   2604.783	   2598.798	   2588.094	      1.000	      0.000	      0.000	      0.000	      1.000	      0.000	      1.000	      1.000	      1.000	      1.000	      1.000	      0.000	      1.000	      0.000	     10.000	      0.000	      0.000	      0.000	      0.000	
 05/20-13:41	2599.600	2600.200	2598.000	2599.600	           3305	   2604.650	   2604.629	   2598.938	   2588.190	      1.000	      1.000	      0.000	      0.000	      1.000	      0.000	      0.000	      1.000	      1.000	      1.000	      1.000	      0.000	      1.000	      1.000	     10.000	      0.000	      0.000	      0.000	      1.000	
 05/20-13:42	2599.400	2603.000	2599.400	2602.200	           3108	   2604.408	   2604.512	   2599.098	   2588.299	      1.000	      1.000	      0.000	      0.000	      1.000	      0.000	      0.000	      0.000	      0.000	      0.000	      0.000	      0.000	      1.000	      1.000	     10.000	      0.000	      0.000	      0.000	      0.000	
 05/20-13:43	2602.600	2603.600	2602.000	2603.200	           2312	   2604.267	   2604.479	   2599.267	   2588.408	      1.000	      0.000	      0.000	      0.000	      1.000	      0.000	      1.000	      1.000	      1.000	      0.000	      0.000	      0.000	      1.000	      1.000	     10.000	      0.000	      0.000	      0.000	      0.000	
 05/20-13:44	2603.400	2603.400	2602.400	2602.800	            921	   2604.042	   2604.433	   2599.398	   2588.518	      0.000	      0.000	      0.000	      0.000	      1.000	      0.000	      1.000	      1.000	      0.000	      0.000	      0.000	      0.000	      1.000	      0.000	     10.000	      0.000	      0.000	      0.000	      0.000	
 05/20-13:45	2603.000	2603.000	2601.000	2601.000	           1972	   2603.725	   2604.313	   2599.512	   2588.627	      0.000	      0.000	      0.000	      0.000	      1.000	      0.000	      1.000	      0.000	      0.000	      0.000	      0.000	      0.000	      1.000	      0.000	     10.000	      0.000	      0.000	      0.000	      0.000	
 05/20-13:46	2601.000	2601.000	2595.600	2598.800	           6822	   2603.275	   2604.208	   2599.604	   2588.722	      0.000	      0.000	      0.000	      0.000	      1.000	      0.000	      1.000	      1.000	      1.000	      1.000	      1.000	      0.000	      1.000	      1.000	     10.000	      0.000	      0.000	      0.000	      1.000	
 05/20-13:47	2598.800	2599.200	2596.000	2596.000	           3271	   2602.750	   2604.125	   2599.671	   2588.806	      1.000	      0.000	      0.000	      0.000	      0.000	      0.000	      1.000	      0.000	      0.000	      0.000	      0.000	      0.000	      1.000	      0.000	     10.000	      0.000	      0.000	      0.000	      0.000	
 05/20-13:48	2596.200	2597.400	2594.800	2595.000	           4257	   2602.208	   2604.017	   2599.723	   2588.887	      1.000	      1.000	      0.000	      0.000	      0.000	      0.000	      1.000	      1.000	      0.000	      1.000	      1.000	      0.000	      1.000	      0.000	     10.000	      0.000	      0.000	      0.000	      0.000	
 05/20-13:49	2595.000	2596.800	2594.800	2595.600	           2925	   2601.700	   2603.950	   2599.800	   2588.969	      1.000	      1.000	      0.000	      0.000	      0.000	      0.000	      0.000	      1.000	      0.000	      1.000	      1.000	      0.000	      1.000	      0.000	     10.000	      0.000	      0.000	      0.000	      0.000	
 05/20-13:50	2595.600	2597.000	2591.400	2592.600	           6438	   2601.225	   2603.854	   2599.860	   2589.043	      1.000	      1.000	      0.000	      0.000	      0.000	      0.000	      1.000	      1.000	      1.000	      1.000	      1.000	      0.000	      1.000	      0.000	     10.000	      0.000	      0.000	      0.000	      0.000	
 05/20-13:51	2591.400	2594.800	2591.200	2594.400	           4226	   2600.850	   2603.729	   2599.948	   2589.123	      1.000	      0.000	      0.000	      0.000	      0.000	      0.000	      0.000	      0.000	      0.000	      1.000	      1.000	      0.000	      1.000	      1.000	     10.000	      0.000	      0.000	      0.000	      0.000	
 05/20-13:52	2594.600	2595.800	2594.200	2595.000	           2044	   2600.550	   2603.592	   2600.015	   2589.206	      1.000	      1.000	      0.000	      0.000	      0.000	      0.000	      0.000	      1.000	      0.000	      0.000	      0.000	      0.000	      1.000	      1.000	     10.000	      0.000	      0.000	      0.000	      0.000	
 05/20-13:53	2595.600	2597.000	2595.000	2597.000	           2734	   2600.333	   2603.450	   2600.102	   2589.292	      0.000	      0.000	      0.000	      0.000	      0.000	      0.000	      0.000	      1.000	      1.000	      0.000	      0.000	      0.000	      1.000	      1.000	     10.000	      0.000	      0.000	      0.000	      0.000	
 05/20-13:54	2597.200	2597.800	2596.800	2597.200	           2200	   2600.117	   2603.304	   2600.183	   2589.378	      1.000	      1.000	      0.000	      0.000	      0.000	      0.000	      0.000	      1.000	      0.000	      0.000	      0.000	      0.000	      1.000	      0.000	     10.000	      0.000	      0.000	      0.000	      0.000	
 05/20-13:55	2596.800	2598.800	2596.200	2598.000	           2281	   2599.942	   2603.175	   2600.269	   2589.461	      1.000	      1.000	      0.000	      0.000	      0.000	      0.000	      1.000	      1.000	      1.000	      0.000	      0.000	      0.000	      1.000	      1.000	     10.000	      0.000	      0.000	      0.000	      0.000	
 05/20-13:56	2598.200	2598.200	2597.000	2597.000	           1360	   2599.758	   2603.054	   2600.346	   2589.541	      0.000	      0.000	      0.000	      0.000	      0.000	      0.000	      1.000	      0.000	      0.000	      0.000	      0.000	      0.000	      1.000	      0.000	     10.000	      0.000	      0.000	      0.000	      0.000	
 05/20-13:57	2597.000	2598.000	2596.400	2597.600	           1107	   2599.592	   2602.992	   2600.429	   2589.620	      1.000	      0.000	      0.000	      0.000	      0.000	      0.000	      1.000	      1.000	      1.000	      0.000	      0.000	      0.000	      1.000	      0.000	     10.000	      0.000	      0.000	      0.000	      0.000	
 05/20-13:58	2597.400	2597.800	2595.800	2597.800	           2051	   2599.375	   2602.925	   2600.510	   2589.700	      0.000	      0.000	      0.000	      0.000	      0.000	      0.000	      0.000	      1.000	      1.000	      0.000	      0.000	      0.000	      1.000	      1.000	     10.000	      0.000	      0.000	      0.000	      0.000	
 05/20-13:59	2597.600	2599.800	2597.200	2599.000	           3012	   2599.258	   2602.929	   2600.619	   2589.786	      1.000	      1.000	      0.000	      1.000	      0.000	      0.000	      0.000	      1.000	      0.000	      0.000	      0.000	      0.000	      1.000	      1.000	     10.000	      0.000	      0.000	      0.000	      0.000	
 05/20-14:00	2598.800	2599.800	2598.000	2599.400	           1627	   2599.150	   2602.879	   2600.704	   2589.868	      1.000	      0.000	      0.000	      1.000	      0.000	      0.000	      0.000	      1.000	      1.000	      0.000	      0.000	      0.000	      1.000	      0.000	     10.000	      0.000	      0.000	      0.000	      0.000	
 05/20-14:01	2599.200	2600.800	2598.000	2600.400	           2129	   2599.158	   2602.821	   2600.831	   2589.958	      1.000	      0.000	      0.000	      1.000	      1.000	      0.000	      0.000	      1.000	      1.000	      0.000	      0.000	      0.000	      1.000	      1.000	     10.000	      0.000	      0.000	      0.000	      0.000	
 05/20-14:02	2600.600	2602.800	2600.000	2602.200	           4386	   2599.175	   2602.800	   2600.938	   2590.059	      1.000	      1.000	      0.000	      1.000	      1.000	      0.000	      0.000	      1.000	      1.000	      0.000	      0.000	      0.000	      1.000	      1.000	     10.000	      0.000	      0.000	      0.000	      0.000	
 05/20-14:03	2602.000	2603.200	2601.800	2602.800	           2440	   2599.217	   2602.758	   2601.079	   2590.155	      1.000	      0.000	      0.000	      1.000	      1.000	      0.000	      1.000	      1.000	      0.000	      0.000	      0.000	      0.000	      1.000	      1.000	     10.000	      0.000	      0.000	      0.000	      0.000	
 05/20-14:04	2603.000	2603.000	2602.200	2602.800	           1689	   2599.233	   2602.704	   2601.212	   2590.254	      0.000	      0.000	      0.000	      0.000	      1.000	      0.000	      0.000	      1.000	      1.000	      0.000	      0.000	      0.000	      1.000	      0.000	     10.000	      0.000	      0.000	      0.000	      0.000	
 05/20-14:05	2602.800	2603.400	2601.800	2602.800	           2069	   2599.192	   2602.646	   2601.360	   2590.352	      1.000	      1.000	      0.000	      1.000	      1.000	      0.000	      1.000	      1.000	      1.000	      0.000	      0.000	      0.000	      1.000	      1.000	     10.000	      0.000	      0.000	      0.000	      0.000	
 05/20-14:06	2602.600	2603.000	2602.000	2602.600	           1606	   2599.225	   2602.579	   2601.519	   2590.451	      1.000	      0.000	      0.000	      0.000	      1.000	      0.000	      0.000	      1.000	      1.000	      0.000	      0.000	      0.000	      1.000	      0.000	     10.000	      0.000	      0.000	      0.000	      0.000	
 05/20-14:07	2602.600	2604.000	2601.600	2604.000	           2659	   2599.300	   2602.558	   2601.690	   2590.555	      0.000	      0.000	      1.000	      1.000	      1.000	      0.000	      0.000	      1.000	      1.000	      0.000	      0.000	      0.000	      1.000	      0.000	     10.000	      0.000	      0.000	      0.000	      0.000	
 05/20-14:08	2604.000	2604.200	2601.200	2601.200	           2532	   2599.300	   2602.450	   2601.833	   2590.650	      0.000	      0.000	      1.000	      1.000	      1.000	      0.000	      1.000	      0.000	      0.000	      0.000	      0.000	      0.000	      1.000	      0.000	     10.000	      0.000	      0.000	      0.000	      0.000	
 05/20-14:09	2601.600	2603.000	2600.200	2602.800	           2178	   2599.367	   2602.329	   2601.979	   2590.751	      1.000	      0.000	      0.000	      0.000	      1.000	      0.000	      0.000	      1.000	      1.000	      0.000	      0.000	      0.000	      1.000	      1.000	     10.000	      0.000	      0.000	      0.000	      0.000	
 05/20-14:10	2603.000	2606.400	2603.000	2605.600	           5680	   2599.542	   2602.254	   2602.152	   2590.861	      1.000	      1.000	      1.000	      1.000	      1.000	      0.000	      1.000	      0.000	      0.000	      0.000	      0.000	      0.000	      1.000	      1.000	     10.000	      1.000	      0.000	      0.000	      0.000	
 05/20-14:11	2605.600	2606.000	2604.600	2605.400	           2293	   2599.742	   2602.196	   2602.315	   2590.971	      1.000	      0.000	      0.000	      0.000	      1.000	      0.000	      1.000	      1.000	      1.000	      0.000	      0.000	      0.000	      1.000	      0.000	     10.000	      0.000	      0.000	      0.000	      0.000	
 05/20-14:12	2605.400	2605.800	2601.200	2601.200	           2885	   2599.708	   2602.058	   2602.442	   2591.066	      0.000	      0.000	      0.000	      0.000	      1.000	      0.000	      1.000	      0.000	      0.000	      0.000	      0.000	      0.000	      1.000	      0.000	     10.000	      0.000	      0.000	      0.000	      0.000	
 05/20-14:13	2601.000	2602.800	2600.400	2601.800	           2666	   2599.658	   2601.962	   2602.554	   2591.163	      1.000	      1.000	      0.000	      0.000	      1.000	      0.000	      0.000	      1.000	      1.000	      0.000	      0.000	      0.000	      1.000	      1.000	     10.000	      0.000	      0.000	      0.000	      0.000	
 05/20-14:14	2602.200	2603.600	2601.000	2602.600	           1433	   2599.650	   2601.846	   2602.671	   2591.264	      1.000	      1.000	      0.000	      0.000	      1.000	      0.000	      1.000	      1.000	      1.000	      0.000	      0.000	      0.000	      1.000	      0.000	     10.000	      0.000	      0.000	      0.000	      0.000	
 05/20-14:15	2602.400	2602.600	2600.000	2601.000	           2390	   2599.650	   2601.688	   2602.769	   2591.357	      1.000	      0.000	      0.000	      0.000	      0.000	      0.000	      1.000	      1.000	      1.000	      0.000	      1.000	      0.000	      1.000	      1.000	     10.000	      0.000	      0.000	      0.000	      1.000	
 05/20-14:16	2600.800	2602.000	2600.200	2602.000	           1389	   2599.758	   2601.517	   2602.827	   2591.453	      0.000	      0.000	      0.000	      0.000	      1.000	      0.000	      0.000	      1.000	      1.000	      0.000	      0.000	      0.000	      1.000	      0.000	     10.000	      0.000	      0.000	      0.000	      0.000	
 05/20-14:17	2602.000	2602.400	2599.200	2599.800	           2498	   2599.883	   2601.317	   2602.867	   2591.539	      1.000	      0.000	      0.000	      0.000	      0.000	      0.000	      1.000	      1.000	      1.000	      0.000	      1.000	      0.000	      1.000	      0.000	     10.000	      0.000	      0.000	      0.000	      0.000	
 05/20-14:18	2599.600	2601.200	2599.000	2600.800	           1685	   2600.083	   2601.146	   2602.913	   2591.629	      1.000	      0.000	      0.000	      0.000	      0.000	      0.000	      1.000	      1.000	      1.000	      0.000	      1.000	      0.000	      1.000	      0.000	     10.000	      0.000	      0.000	      0.000	      0.000	
 05/20-14:19	2600.600	2600.800	2598.200	2598.600	           2104	   2600.183	   2600.942	   2602.942	   2591.708	      0.000	      0.000	      0.000	      0.000	      0.000	      0.000	      1.000	      1.000	      0.000	      0.000	      1.000	      0.000	      1.000	      1.000	     10.000	      0.000	      0.000	      0.000	      0.000	
 05/20-14:20	2598.600	2600.400	2598.600	2598.800	           1516	   2600.383	   2600.804	   2602.977	   2591.789	      1.000	      1.000	      0.000	      0.000	      0.000	      0.000	      0.000	      0.000	      0.000	      0.000	      0.000	      0.000	      1.000	      0.000	     10.000	      0.000	      0.000	      0.000	      0.000	
 05/20-14:21	2599.000	2600.800	2598.000	2600.200	           2254	   2600.583	   2600.717	   2603.019	   2591.876	      1.000	      1.000	      0.000	      0.000	      0.000	      0.000	      0.000	      1.000	      1.000	      0.000	      1.000	      0.000	      1.000	      1.000	     10.000	      0.000	      0.000	      0.000	      1.000	
 05/20-14:22	2600.200	2604.800	2600.200	2604.200	           4859	   2600.892	   2600.721	   2603.090	   2591.978	      1.000	      1.000	      0.000	      1.000	      1.000	      0.000	      1.000	      0.000	      0.000	      0.000	      0.000	      0.000	      1.000	      1.000	     10.000	      0.000	      0.000	      0.000	      0.000	
 05/20-14:23	2604.400	2604.400	2602.800	2603.600	           2491	   2601.108	   2600.721	   2603.142	   2592.078	      0.000	      0.000	      0.000	      0.000	      1.000	      0.000	      1.000	      1.000	      1.000	      0.000	      0.000	      0.000	      1.000	      0.000	     10.000	      0.000	      0.000	      0.000	      0.000	
 05/20-14:24	2603.800	2603.800	2602.600	2603.400	           1451	   2601.317	   2600.717	   2603.210	   2592.181	      0.000	      0.000	      0.000	      0.000	      1.000	      0.000	      0.000	      1.000	      1.000	      0.000	      0.000	      0.000	      1.000	      0.000	     10.000	      0.000	      0.000	      0.000	      0.000	
 05/20-14:25	2603.400	2604.000	2601.600	2604.000	           1812	   2601.517	   2600.729	   2603.252	   2592.287	      0.000	      0.000	      0.000	      0.000	      1.000	      0.000	      0.000	      1.000	      1.000	      0.000	      0.000	      0.000	      1.000	      1.000	     10.000	      0.000	      0.000	      0.000	      0.000	
 05/20-14:26	2603.800	2604.400	2602.000	2604.200	           1331	   2601.758	   2600.758	   2603.285	   2592.395	      1.000	      0.000	      0.000	      0.000	      1.000	      0.000	      0.000	      1.000	      1.000	      0.000	      0.000	      0.000	      1.000	      1.000	     10.000	      0.000	      0.000	      0.000	      0.000	
 05/20-14:27	2604.200	2605.600	2603.200	2603.400	           3985	   2601.942	   2600.767	   2603.319	   2592.497	      1.000	      1.000	      0.000	      1.000	      1.000	      0.000	      1.000	      1.000	      0.000	      0.000	      0.000	      0.000	      1.000	      1.000	     10.000	      0.000	      0.000	      0.000	      0.000	
 05/20-14:28	2603.600	2605.400	2603.600	2604.800	           1561	   2602.175	   2600.775	   2603.350	   2592.608	      1.000	      1.000	      0.000	      0.000	      1.000	      0.000	      0.000	      0.000	      0.000	      0.000	      0.000	      0.000	      1.000	      0.000	     10.000	      0.000	      0.000	      0.000	      0.000	
 05/20-14:29	2604.200	2605.400	2603.600	2604.800	           1656	   2602.375	   2600.817	   2603.396	   2592.719	      1.000	      1.000	      0.000	      0.000	      1.000	      0.000	      0.000	      1.000	      1.000	      0.000	      0.000	      0.000	      1.000	      0.000	     10.000	      0.000	      0.000	      0.000	      0.000	
 05/20-14:30	2604.800	2605.400	2603.400	2605.000	           1601	   2602.567	   2600.858	   2603.442	   2592.830	      1.000	      0.000	      0.000	      0.000	      1.000	      0.000	      0.000	      1.000	      1.000	      0.000	      0.000	      0.000	      1.000	      1.000	     10.000	      0.000	      0.000	      0.000	      0.000	
 05/20-14:31	2605.200	2606.000	2604.400	2605.800	           2152	   2602.742	   2600.950	   2603.500	   2592.945	      1.000	      0.000	      0.000	      1.000	      1.000	      0.000	      0.000	      1.000	      1.000	      0.000	      0.000	      0.000	      1.000	      1.000	     10.000	      0.000	      0.000	      0.000	      0.000	
 05/20-14:32	2605.800	2607.200	2605.000	2605.000	           2998	   2602.833	   2601.004	   2603.502	   2593.057	      1.000	      1.000	      1.000	      1.000	      1.000	      0.000	      1.000	      0.000	      0.000	      0.000	      0.000	      0.000	      1.000	      0.000	     10.000	      1.000	      0.000	      0.000	      0.000	
 05/20-14:33	2605.000	2605.400	2604.000	2605.000	           2580	   2602.908	   2601.063	   2603.483	   2593.169	      1.000	      0.000	      0.000	      0.000	      1.000	      0.000	      0.000	      1.000	      1.000	      0.000	      0.000	      0.000	      1.000	      0.000	     10.000	      0.000	      0.000	      0.000	      0.000	
 05/20-14:34	2604.800	2605.600	2603.600	2605.000	           1718	   2602.983	   2601.108	   2603.465	   2593.281	      1.000	      1.000	      0.000	      0.000	      1.000	      0.000	      1.000	      1.000	      1.000	      0.000	      0.000	      0.000	      1.000	      0.000	     10.000	      0.000	      0.000	      0.000	      0.000	
 05/20-14:35	2604.800	2605.200	2603.400	2603.600	           1107	   2603.008	   2601.100	   2603.373	   2593.387	      1.000	      0.000	      0.000	      0.000	      1.000	      0.000	      1.000	      1.000	      0.000	      0.000	      0.000	      0.000	      1.000	      1.000	     10.000	      0.000	      0.000	      0.000	      0.000	
 05/20-14:36	2603.600	2604.800	2603.600	2603.800	           1152	   2603.042	   2601.133	   2603.308	   2593.495	      1.000	      1.000	      0.000	      0.000	      1.000	      0.000	      0.000	      0.000	      0.000	      0.000	      0.000	      0.000	      1.000	      0.000	     10.000	      0.000	      0.000	      0.000	      0.000	
 05/20-14:37	2604.000	2604.800	2603.400	2604.200	            976	   2603.050	   2601.175	   2603.244	   2593.605	      1.000	      1.000	      0.000	      0.000	      1.000	      0.000	      1.000	      1.000	      1.000	      0.000	      1.000	      0.000	      1.000	      0.000	     10.000	      0.000	      0.000	      0.000	      0.000	
 05/20-14:38	2604.200	2604.400	2603.200	2604.000	           1470	   2603.142	   2601.221	   2603.185	   2593.714	      1.000	      0.000	      0.000	      0.000	      1.000	      0.000	      0.000	      1.000	      1.000	      0.000	      1.000	      0.000	      1.000	      0.000	     10.000	      0.000	      0.000	      0.000	      0.000	
 05/20-14:39	2604.000	2604.400	2603.000	2603.200	           1617	   2603.158	   2601.262	   2603.119	   2593.820	      1.000	      0.000	      0.000	      0.000	      0.000	      0.000	      1.000	      1.000	      0.000	      0.000	      1.000	      0.000	      1.000	      0.000	     10.000	      0.000	      0.000	      0.000	      0.000	
 05/20-14:40	2603.400	2604.000	2602.800	2604.000	           1779	   2603.108	   2601.325	   2603.054	   2593.930	      0.000	      0.000	      0.000	      0.000	      1.000	      0.000	      0.000	      1.000	      1.000	      0.000	      1.000	      0.000	      1.000	      1.000	     10.000	      0.000	      0.000	      0.000	      1.000	
 05/20-14:41	2603.400	2604.000	2603.200	2604.000	           1392	   2603.058	   2601.400	   2603.015	   2594.039	      0.000	      0.000	      0.000	      0.000	      0.000	      0.000	      0.000	      1.000	      0.000	      0.000	      0.000	      0.000	      1.000	      0.000	     10.000	      0.000	      0.000	      0.000	      0.000	
 05/20-14:42	2604.000	2604.200	2599.400	2599.400	           3832	   2603.000	   2601.354	   2602.933	   2594.131	      0.000	      0.000	      0.000	      0.000	      0.000	      0.000	      1.000	      0.000	      0.000	      0.000	      1.000	      0.000	      1.000	      0.000	     10.000	      0.000	      0.000	      0.000	      0.000	
 05/20-14:43	2599.600	2599.600	2596.800	2597.600	           5112	   2602.858	   2601.258	   2602.869	   2594.214	      0.000	      0.000	      0.000	      0.000	      0.000	      0.000	      1.000	      1.000	      1.000	      1.000	      1.000	      0.000	      1.000	      1.000	     10.000	      0.000	      0.000	      0.000	      1.000	
 05/20-14:44	2598.000	2599.200	2597.000	2597.000	           2971	   2602.675	   2601.163	   2602.798	   2594.296	      1.000	      1.000	      0.000	      0.000	      0.000	      0.000	      1.000	      0.000	      0.000	      0.000	      0.000	      0.000	      1.000	      0.000	     10.000	      0.000	      0.000	      0.000	      0.000	
 05/20-14:45	2597.200	2598.400	2596.000	2596.000	           2572	   2602.508	   2601.079	   2602.696	   2594.374	      1.000	      1.000	      0.000	      0.000	      0.000	      0.000	      0.000	      0.000	      0.000	      1.000	      1.000	      0.000	      1.000	      0.000	     10.000	      0.000	      0.000	      0.000	      0.000	
 05/20-14:46	2595.800	2598.600	2595.600	2597.400	           2973	   2602.358	   2601.058	   2602.633	   2594.457	      1.000	      1.000	      0.000	      0.000	      0.000	      0.000	      1.000	      1.000	      0.000	      1.000	      1.000	      0.000	      1.000	      1.000	     10.000	      0.000	      0.000	      0.000	      0.000	
 05/20-14:47	2597.600	2598.200	2597.000	2597.600	           1592	   2602.283	   2601.083	   2602.604	   2594.541	      1.000	      1.000	      0.000	      0.000	      0.000	      0.000	      0.000	      1.000	      1.000	      0.000	      0.000	      0.000	      1.000	      0.000	     10.000	      0.000	      0.000	      0.000	      0.000	
 05/20-14:48	2597.600	2598.400	2593.600	2594.200	           3834	   2602.058	   2601.071	   2602.544	   2594.611	      1.000	      1.000	      0.000	      0.000	      0.000	      1.000	      1.000	      1.000	      1.000	      1.000	      1.000	      0.000	      0.000	      0.000	     10.000	      0.000	      0.000	      0.000	      0.000	
 05/20-14:49	2593.800	2595.200	2593.600	2594.200	           3564	   2601.917	   2601.050	   2602.500	   2594.682	      1.000	      1.000	      0.000	      0.000	      0.000	      1.000	      1.000	      1.000	      0.000	      1.000	      1.000	      0.000	      0.000	      0.000	     10.000	      0.000	      0.000	      0.000	      0.000	
 05/20-14:50	2593.600	2594.000	2591.200	2592.000	           5907	   2601.692	   2601.038	   2602.446	   2594.744	      1.000	      0.000	      0.000	      0.000	      0.000	      1.000	      0.000	      1.000	      1.000	      1.000	      1.000	      0.000	      0.000	      1.000	     10.000	      0.000	      0.000	      0.000	      0.000	
 05/20-14:51	2592.600	2594.600	2592.400	2594.600	           2887	   2601.500	   2601.042	   2602.385	   2594.815	      0.000	      0.000	      0.000	      0.000	      0.000	      1.000	      0.000	      0.000	      0.000	      0.000	      0.000	      0.000	      0.000	      1.000	     10.000	      0.000	      0.000	      0.000	      0.000	
 05/20-14:52	2594.600	2595.400	2594.400	2594.800	           2428	   2601.183	   2601.038	   2602.315	   2594.888	      1.000	      1.000	      0.000	      0.000	      0.000	      1.000	      1.000	      1.000	      0.000	      0.000	      0.000	      0.000	      0.000	      0.000	     10.000	      0.000	      0.000	      0.000	      0.000	
 05/20-14:53	2595.000	2595.200	2594.200	2594.400	           1192	   2600.883	   2600.996	   2602.223	   2594.959	      1.000	      0.000	      0.000	      0.000	      0.000	      1.000	      0.000	      1.000	      0.000	      0.000	      0.000	      0.000	      0.000	      0.000	     10.000	      0.000	      0.000	      0.000	      0.000	
 05/20-14:54	2594.400	2595.400	2593.400	2595.400	           1767	   2600.608	   2600.962	   2602.133	   2595.034	      0.000	      0.000	      0.000	      0.000	      0.000	      0.000	      0.000	      1.000	      1.000	      0.000	      0.000	      0.000	      1.000	      1.000	     10.000	      0.000	      0.000	      0.000	      0.000	
 05/20-14:55	2595.400	2596.000	2595.400	2595.600	           1884	   2600.325	   2600.921	   2602.048	   2595.110	      1.000	      0.000	      0.000	      0.000	      0.000	      0.000	      1.000	      0.000	      0.000	      0.000	      0.000	      0.000	      1.000	      1.000	     10.000	      0.000	      0.000	      0.000	      0.000	
 05/20-14:56	2595.600	2595.600	2595.600	2595.600	              0	   2600.050	   2600.904	   2601.979	   2595.186	      1.000	      0.000	      0.000	      0.000	      0.000	      0.000	      1.000	      0.000	      0.000	      0.000	      0.000	      0.000	      1.000	      0.000	     10.000	      0.000	      0.000	      0.000	      0.000	
 05/20-14:57	2594.600	2595.200	2594.600	2594.800	           3355	   2599.758	   2600.850	   2601.921	   2595.252	      1.000	      0.000	      0.000	      0.000	      0.000	      1.000	      0.000	      0.000	      0.000	      0.000	      0.000	      0.000	      0.000	      0.000	     10.000	      0.000	      0.000	      0.000	      0.000	
 05/20-14:58	2595.000	2596.000	2594.600	2595.400	           1366	   2599.450	   2600.813	   2601.869	   2595.320	      1.000	      1.000	      0.000	      1.000	      0.000	      0.000	      1.000	      1.000	      0.000	      0.000	      0.000	      0.000	      1.000	      1.000	     10.000	      0.000	      0.000	      0.000	      0.000	
 05/20-14:59	2595.000	2595.600	2594.800	2595.200	           1017	   2599.117	   2600.746	   2601.837	   2595.387	      1.000	      0.000	      0.000	      0.000	      0.000	      1.000	      1.000	      1.000	      0.000	      0.000	      0.000	      0.000	      0.000	      0.000	     10.000	      0.000	      0.000	      0.000	      0.000	
 05/20-15:00	2595.000	2595.400	2593.600	2593.800	           1697	   2598.750	   2600.658	   2601.769	   2595.449	      1.000	      0.000	      0.000	      0.000	      0.000	      1.000	      1.000	      1.000	      0.000	      0.000	      0.000	      0.000	      0.000	      0.000	     10.000	      0.000	      0.000	      0.000	      0.000	
 05/20-15:01	2594.000	2594.200	2593.000	2593.600	           2111	   2598.342	   2600.542	   2601.681	   2595.501	      1.000	      0.000	      0.000	      0.000	      0.000	      1.000	      0.000	      1.000	      1.000	      0.000	      1.000	      0.000	      0.000	      1.000	     10.000	      0.000	      0.000	      0.000	      0.000	
 05/20-15:02	2593.600	2594.800	2593.600	2594.600	           1484	   2597.992	   2600.413	   2601.606	   2595.554	      1.000	      0.000	      0.000	      0.000	      0.000	      1.000	      1.000	      0.000	      0.000	      0.000	      0.000	      0.000	      0.000	      1.000	     10.000	      0.000	      0.000	      0.000	      0.000	
 05/20-15:03	2594.600	2594.600	2594.000	2594.600	            787	   2597.658	   2600.283	   2601.521	   2595.613	      1.000	      0.000	      0.000	      0.000	      0.000	      1.000	      0.000	      1.000	      1.000	      0.000	      0.000	      0.000	      0.000	      1.000	     10.000	      0.000	      0.000	      0.000	      0.000	
 05/20-15:04	2594.800	2595.600	2594.600	2595.600	           1584	   2597.342	   2600.163	   2601.433	   2595.671	      0.000	      0.000	      0.000	      0.000	      0.000	      1.000	      0.000	      1.000	      0.000	      0.000	      0.000	      0.000	      0.000	      0.000	     10.000	      0.000	      0.000	      0.000	      0.000	
 05/20-15:05	2595.600	2595.600	2594.400	2594.600	            976	   2597.042	   2600.025	   2601.335	   2595.733	      0.000	      0.000	      0.000	      0.000	      0.000	      1.000	      1.000	      1.000	      0.000	      0.000	      0.000	      0.000	      0.000	      0.000	     10.000	      0.000	      0.000	      0.000	      0.000	
 05/20-15:06	2594.800	2594.800	2594.200	2594.600	            736	   2596.733	   2599.887	   2601.233	   2595.796	      0.000	      0.000	      0.000	      0.000	      0.000	      1.000	      0.000	      1.000	      0.000	      0.000	      0.000	      0.000	      0.000	      0.000	     10.000	      0.000	      0.000	      0.000	      0.000	
 05/20-15:07	2594.600	2594.800	2593.200	2593.600	           1582	   2596.375	   2599.712	   2601.135	   2595.848	      1.000	      0.000	      0.000	      0.000	      0.000	      1.000	      0.000	      1.000	      0.000	      0.000	      0.000	      0.000	      0.000	      1.000	     10.000	      0.000	      0.000	      0.000	      0.000	
 05/20-15:08	2593.400	2595.000	2593.400	2595.000	           1157	   2596.075	   2599.608	   2601.029	   2595.900	      0.000	      0.000	      0.000	      0.000	      0.000	      1.000	      1.000	      0.000	      0.000	      0.000	      0.000	      0.000	      0.000	      1.000	     10.000	      0.000	      0.000	      0.000	      0.000	
 05/20-15:09	2594.600	2594.800	2594.000	2594.600	            766	   2595.800	   2599.479	   2600.904	   2595.943	      1.000	      0.000	      0.000	      0.000	      0.000	      1.000	      1.000	      1.000	      1.000	      0.000	      0.000	      0.000	      0.000	      0.000	     10.000	      0.000	      0.000	      0.000	      0.000	
 05/20-15:10	2594.200	2594.600	2593.000	2593.800	           1719	   2595.450	   2599.279	   2600.767	   2595.982	      1.000	      0.000	      0.000	      0.000	      0.000	      1.000	      1.000	      1.000	      1.000	      0.000	      1.000	      0.000	      0.000	      0.000	     10.000	      0.000	      0.000	      0.000	      0.000	
 05/20-15:11	2594.000	2594.200	2592.800	2593.800	           1594	   2595.117	   2599.087	   2600.642	   2596.023	      1.000	      0.000	      0.000	      0.000	      0.000	      1.000	      1.000	      1.000	      1.000	      0.000	      1.000	      0.000	      0.000	      0.000	     10.000	      0.000	      0.000	      0.000	      0.000	
 05/20-15:12	2593.600	2594.000	2592.600	2593.600	           1380	   2594.917	   2598.958	   2600.508	   2596.068	      1.000	      0.000	      0.000	      0.000	      0.000	      1.000	      1.000	      1.000	      1.000	      0.000	      1.000	      0.000	      0.000	      1.000	     10.000	      0.000	      0.000	      0.000	      0.000	
 05/20-15:13	2593.600	2593.800	2592.800	2593.600	           1642	   2594.783	   2598.821	   2600.392	   2596.128	      1.000	      0.000	      0.000	      0.000	      0.000	      1.000	      0.000	      1.000	      1.000	      0.000	      0.000	      0.000	      0.000	      1.000	     10.000	      0.000	      0.000	      0.000	      0.000	
 05/20-15:14	2593.200	2594.400	2593.000	2594.000	           2374	   2594.683	   2598.679	   2600.262	   2596.178	      1.000	      0.000	      0.000	      0.000	      0.000	      1.000	      1.000	      1.000	      0.000	      0.000	      0.000	      0.000	      0.000	      0.000	     10.000	      0.000	      0.000	      0.000	      0.000	
 05/20-15:15	2593.600	2594.200	2593.000	2593.800	           3747	   2594.617	   2598.563	   2600.125	   2596.240	      1.000	      0.000	      0.000	      0.000	      0.000	      1.000	           	      1.000	      1.000	      0.000	      0.000	      0.000	      0.000	           	     10.000	      0.000	      0.000	      0.000	      0.000	