 11/13-09:16	2328.200	2328.200	2322.600	2323.800	           6087	
 11/13-09:17	2323.400	2323.400	2320.000	2322.200	           3740	
 11/13-09:18	2322.000	2323.000	2321.000	2322.600	           2030	
 11/13-09:19	2322.400	2323.600	2320.800	2323.200	           2348	
 11/13-09:20	2323.200	2324.000	2322.200	2322.200	           1837	
 11/13-09:21	2322.200	2323.000	2321.800	2321.800	           1183	
 11/13-09:22	2321.600	2323.600	2321.200	2323.200	           1335	
 11/13-09:23	2323.400	2324.400	2323.200	2323.200	           1461	
 11/13-09:24	2323.200	2323.600	2322.600	2322.800	            826	
 11/13-09:25	2323.000	2324.000	2322.000	2323.600	           1216	
 11/13-09:26	2323.400	2323.400	2321.200	2321.200	           1678	
 11/13-09:27	2321.200	2322.200	2320.400	2321.400	           1830	
 11/13-09:28	2321.000	2322.200	2319.800	2321.400	           2409	
 11/13-09:29	2321.400	2323.000	2320.800	2321.800	           1502	
 11/13-09:30	2322.000	2323.200	2322.000	2322.800	           1351	
 11/13-09:31	2322.800	2323.000	2321.200	2323.000	           1292	
 11/13-09:32	2322.800	2324.000	2322.600	2323.800	           1729	
 11/13-09:33	2323.400	2325.000	2322.200	2322.200	           2090	
 11/13-09:34	2322.400	2323.000	2320.800	2320.800	           2807	
 11/13-09:35	2320.600	2321.800	2318.800	2320.600	           3765	
 11/13-09:36	2320.600	2321.600	2319.800	2320.800	           1616	
 11/13-09:37	2320.800	2321.200	2318.400	2318.800	           2489	
 11/13-09:38	2318.800	2322.600	2318.000	2322.400	           2913	
 11/13-09:39	2322.600	2322.600	2320.800	2321.400	           1494	
 11/13-09:40	2321.400	2323.000	2321.400	2322.800	           1703	
 11/13-09:41	2322.800	2323.000	2321.400	2321.600	           1337	
 11/13-09:42	2321.600	2321.600	2319.000	2319.800	           2633	
 11/13-09:43	2319.600	2320.000	2316.200	2316.800	           4538	
 11/13-09:44	2316.800	2316.800	2314.800	2315.000	           3428	
 11/13-09:45	2315.400	2316.200	2312.200	2312.200	           4005	
 11/13-09:46	2312.600	2314.600	2312.600	2313.600	           2915	
 11/13-09:47	2313.800	2315.000	2313.000	2313.000	           1944	
 11/13-09:48	2313.200	2314.400	2312.400	2313.600	           1686	
 11/13-09:49	2313.400	2315.400	2313.400	2314.800	           2156	
 11/13-09:50	2314.600	2315.400	2313.200	2313.200	           1718	
 11/13-09:51	2313.400	2315.200	2313.200	2314.000	           1290	
 11/13-09:52	2314.000	2314.000	2309.600	2310.800	           6013	
 11/13-09:53	2311.000	2314.000	2310.600	2313.400	           3119	
 11/13-09:54	2313.200	2314.600	2313.000	2313.400	           1771	
 11/13-09:55	2313.400	2315.800	2312.600	2315.800	           2445	
 11/13-09:56	2315.800	2316.200	2314.200	2316.000	           1853	
 11/13-09:57	2316.200	2316.200	2315.200	2316.000	           1331	
 11/13-09:58	2316.000	2316.000	2313.200	2313.800	           1906	
 11/13-09:59	2313.800	2314.600	2312.800	2313.400	           1563	
 11/13-10:00	2313.200	2315.600	2313.200	2314.200	           1482	
 11/13-10:01	2314.400	2315.200	2312.400	2312.600	           1905	
 11/13-10:02	2312.400	2314.200	2312.200	2313.200	           1388	
 11/13-10:03	2313.200	2314.800	2313.000	2313.200	           1135	
 11/13-10:04	2313.200	2313.800	2310.600	2311.200	           2522	
 11/13-10:05	2311.200	2312.600	2310.400	2311.600	           1843	
 11/13-10:06	2311.600	2312.400	2308.000	2308.200	           4713	
 11/13-10:07	2308.400	2308.800	2306.000	2307.400	           4964	
 11/13-10:08	2307.200	2308.400	2306.200	2308.200	           2222	
 11/13-10:09	2308.200	2308.600	2307.000	2307.000	           1517	
 11/13-10:10	2307.000	2308.800	2305.200	2305.800	           3277	
 11/13-10:11	2306.200	2306.200	2303.200	2304.200	           3928	
 11/13-10:12	2304.200	2305.400	2303.800	2304.400	           2497	
 11/13-10:13	2304.600	2305.600	2304.200	2305.400	           1718	
 11/13-10:14	2305.400	2307.200	2305.400	2307.200	           1724	
 11/13-10:15	2307.000	2307.600	2305.600	2306.200	           1990	
 11/13-10:16	2306.200	2307.800	2305.400	2307.200	           1673	
 11/13-10:17	2307.200	2308.000	2306.800	2307.800	            997	
 11/13-10:18	2307.800	2307.800	2306.200	2306.200	           1230	
 11/13-10:19	2306.000	2306.600	2305.200	2306.400	           1755	
 11/13-10:20	2306.400	2306.800	2305.400	2306.600	            749	
 11/13-10:21	2306.400	2308.600	2306.200	2308.000	           2028	
 11/13-10:22	2308.000	2308.800	2307.400	2308.200	           1351	
 11/13-10:23	2308.200	2309.200	2308.000	2308.200	           1660	
 11/13-10:24	2308.400	2308.400	2306.400	2307.000	           1641	
 11/13-10:25	2307.000	2307.000	2304.400	2305.000	           3075	
 11/13-10:26	2305.000	2305.800	2304.600	2305.600	           1276	
 11/13-10:27	2305.800	2306.400	2304.800	2304.800	           1466	
 11/13-10:28	2305.000	2308.400	2304.400	2307.600	           2586	
 11/13-10:29	2307.600	2307.600	2305.600	2305.800	           1169	
 11/13-10:30	2305.600	2305.600	2302.800	2303.400	           3963	
 11/13-10:31	2303.600	2305.600	2303.600	2305.000	           1442	
 11/13-10:32	2305.000	2308.200	2304.800	2307.600	           2528	
 11/13-10:33	2307.600	2308.800	2307.400	2308.000	           1591	
 11/13-10:34	2308.200	2308.800	2307.200	2307.800	           1254	
 11/13-10:35	2307.600	2308.600	2307.400	2308.000	            907	
 11/13-10:36	2308.000	2309.600	2307.600	2309.600	           2121	
 11/13-10:37	2309.400	2309.800	2308.400	2308.600	           2087	
 11/13-10:38	2308.400	2308.800	2304.800	2305.800	           3370	
 11/13-10:39	2305.600	2306.600	2305.200	2306.000	           1312	
 11/13-10:40	2306.200	2308.400	2306.200	2306.200	           1575	
 11/13-10:41	2306.400	2306.400	2303.400	2303.400	           2715	
 11/13-10:42	2303.800	2305.400	2303.600	2303.800	           1691	
 11/13-10:43	2303.800	2304.000	2301.200	2302.600	           4252	
 11/13-10:44	2302.800	2303.200	2300.200	2301.000	           3329	
 11/13-10:45	2301.000	2301.000	2296.800	2298.600	           5683	
 11/13-10:46	2299.000	2299.800	2298.200	2298.800	           3234	
 11/13-10:47	2298.800	2299.000	2297.000	2298.800	           1809	
 11/13-10:48	2298.800	2301.600	2298.600	2301.200	           2663	
 11/13-10:49	2301.200	2302.000	2300.600	2301.000	           2141	
 11/13-10:50	2300.800	2302.600	2300.800	2302.200	           1731	
 11/13-10:51	2302.200	2304.200	2301.400	2303.600	           2327	
 11/13-10:52	2303.800	2303.800	2302.800	2302.800	            981	
 11/13-10:53	2302.800	2303.200	2301.200	2302.800	           1413	
 11/13-10:54	2302.800	2303.200	2301.800	2302.000	            885	
 11/13-10:55	2302.200	2304.000	2302.200	2304.000	           1561	
 11/13-10:56	2304.000	2306.400	2304.000	2305.400	           3295	
 11/13-10:57	2305.400	2307.800	2304.800	2307.200	           3139	
 11/13-10:58	2307.000	2308.400	2307.000	2307.800	           2124	
 11/13-10:59	2307.800	2308.000	2306.600	2307.000	           1755	
 11/13-11:00	2307.000	2307.400	2306.400	2306.600	           1518	
 11/13-11:01	2306.400	2308.000	2305.200	2308.000	           1790	
 11/13-11:02	2308.000	2308.000	2305.000	2305.800	           1757	
 11/13-11:03	2305.400	2307.800	2305.000	2307.800	           1448	
 11/13-11:04	2307.400	2310.000	2307.400	2308.600	           4003	
 11/13-11:05	2308.800	2309.200	2305.800	2305.800	           1913	
 11/13-11:06	2306.200	2308.400	2305.600	2307.800	           1314	
 11/13-11:07	2308.000	2312.600	2308.000	2312.000	           5903	
 11/13-11:08	2311.800	2313.200	2311.800	2313.000	           3208	
 11/13-11:09	2312.800	2313.200	2311.600	2312.600	           2264	
 11/13-11:10	2312.200	2314.200	2311.800	2312.000	           2748	
 11/13-11:11	2312.000	2312.000	2310.600	2311.400	           1864	
 11/13-11:12	2311.200	2311.800	2310.800	2311.400	           1043	
 11/13-11:13	2311.800	2312.000	2309.600	2311.800	           2143	
 11/13-11:14	2312.000	2312.000	2309.400	2310.000	           1575	
 11/13-11:15	2310.000	2313.400	2309.200	2313.400	           2471	
 11/13-11:16	2313.600	2315.000	2312.200	2312.400	           3894	
 11/13-11:17	2312.400	2313.400	2311.000	2311.000	           1830	
 11/13-11:18	2311.400	2311.400	2310.000	2311.000	           1773	
 11/13-11:19	2310.800	2312.800	2310.800	2312.000	           1300	
 11/13-11:20	2311.600	2311.600	2309.800	2310.200	           1937	
 11/13-11:21	2310.000	2310.200	2307.400	2308.000	           3376	
 11/13-11:22	2308.000	2312.600	2307.600	2311.800	           3264	
 11/13-11:23	2311.800	2315.600	2311.600	2314.000	           4452	
 11/13-11:24	2314.000	2314.000	2312.800	2313.400	           1571	
 11/13-11:25	2313.400	2314.000	2312.600	2313.600	           1206	
 11/13-11:26	2314.000	2315.800	2313.800	2315.200	           2237	
 11/13-11:27	2315.200	2316.000	2313.800	2315.000	           2116	
 11/13-11:28	2315.000	2315.400	2313.400	2313.400	           1233	
 11/13-11:29	2313.600	2314.000	2311.400	2311.800	           2399	
 11/13-11:30	2312.000	2313.800	2312.000	2312.200	           2140	
 11/13-13:01	2312.400	2313.600	2311.600	2312.000	           1562	
 11/13-13:02	2311.600	2312.400	2310.400	2311.000	           1780	
 11/13-13:03	2311.000	2311.400	2310.400	2310.800	            777	
 11/13-13:04	2310.800	2311.000	2309.800	2310.600	           1719	
 11/13-13:05	2310.400	2311.200	2310.400	2310.800	            974	
 11/13-13:06	2310.800	2311.400	2310.400	2311.200	            916	
 11/13-13:07	2311.200	2312.800	2311.000	2312.600	           1517	
 11/13-13:08	2312.600	2313.000	2311.400	2312.600	           1002	
 11/13-13:09	2312.800	2312.800	2311.600	2311.800	            863	
 11/13-13:10	2311.800	2312.000	2309.200	2310.400	           2538	
 11/13-13:11	2310.400	2315.800	2310.400	2315.000	           3804	
 11/13-13:12	2315.000	2315.000	2311.400	2311.800	           2112	
 11/13-13:13	2311.600	2312.200	2310.400	2311.200	           1922	
 11/13-13:14	2311.200	2313.000	2311.200	2313.000	           1097	
 11/13-13:15	2312.600	2313.600	2311.000	2311.400	           1732	
 11/13-13:16	2311.400	2312.600	2310.000	2311.400	           2142	
 11/13-13:17	2311.200	2311.400	2310.200	2310.600	           1292	
 11/13-13:18	2310.600	2311.600	2310.400	2310.400	            930	
 11/13-13:19	2310.800	2310.800	2308.000	2308.800	           3270	
 11/13-13:20	2308.600	2308.800	2306.200	2307.000	           3282	
 11/13-13:21	2307.200	2307.400	2306.000	2306.400	           1964	
 11/13-13:22	2306.200	2306.800	2305.000	2305.400	           2339	
 11/13-13:23	2305.200	2306.000	2304.800	2305.600	           1956	
 11/13-13:24	2305.600	2306.200	2304.200	2305.200	           2280	
 11/13-13:25	2305.400	2305.600	2302.400	2302.800	           3089	
 11/13-13:26	2302.800	2303.200	2301.800	2302.400	           2120	
 11/13-13:27	2302.800	2304.200	2302.800	2303.000	           2067	
 11/13-13:28	2303.000	2304.600	2302.600	2303.400	           1203	
 11/13-13:29	2303.600	2304.200	2302.800	2303.800	            967	
 11/13-13:30	2303.800	2305.200	2303.800	2304.600	           1798	
 11/13-13:31	2304.400	2304.800	2303.200	2303.800	           1104	
 11/13-13:32	2303.600	2303.600	2300.400	2300.400	           3416	
 11/13-13:33	2300.400	2302.400	2300.000	2301.000	           2446	
 11/13-13:34	2301.000	2302.200	2299.800	2301.200	           2483	
 11/13-13:35	2301.200	2302.600	2301.200	2302.200	           1230	
 11/13-13:36	2302.600	2302.800	2301.400	2302.000	            777	
 11/13-13:37	2302.000	2303.000	2300.400	2302.000	           1566	
 11/13-13:38	2302.200	2302.800	2300.400	2302.600	           1455	
 11/13-13:39	2302.800	2304.400	2302.800	2303.800	           2248	
 11/13-13:40	2303.800	2304.600	2302.800	2303.800	           1509	
 11/13-13:41	2303.800	2304.000	2303.200	2303.600	            834	
 11/13-13:42	2303.600	2303.600	2302.200	2302.400	           1222	
 11/13-13:43	2302.600	2303.000	2301.400	2301.400	           1508	
 11/13-13:44	2301.400	2303.000	2301.400	2302.000	            904	
 11/13-13:45	2302.000	2303.600	2300.800	2301.400	           1871	
 11/13-13:46	2301.200	2301.800	2298.000	2299.200	           4591	
 11/13-13:47	2299.000	2301.200	2298.600	2301.000	           1797	
 11/13-13:48	2301.000	2303.000	2301.000	2302.200	           1665	
 11/13-13:49	2302.200	2304.000	2301.800	2303.400	           2378	
 11/13-13:50	2303.200	2303.400	2302.600	2303.000	            715	
 11/13-13:51	2303.000	2303.800	2302.400	2303.200	            974	
 11/13-13:52	2303.000	2304.200	2302.600	2303.800	           1166	
 11/13-13:53	2303.600	2303.800	2301.200	2301.200	           1497	
 11/13-13:54	2301.200	2303.600	2301.000	2302.400	           1293	
 11/13-13:55	2302.200	2303.000	2301.600	2303.000	            923	
 11/13-13:56	2303.000	2303.200	2302.000	2302.000	            635	
 11/13-13:57	2302.000	2302.600	2301.200	2302.000	           1434	
 11/13-13:58	2302.000	2302.000	2299.000	2299.600	           2471	
 11/13-13:59	2299.800	2300.400	2297.400	2298.000	           2491	
 11/13-14:00	2298.200	2299.000	2297.600	2298.800	           1658	
 11/13-14:01	2299.000	2304.200	2299.000	2303.000	           4626	
 11/13-14:02	2303.000	2304.800	2302.800	2303.800	           2538	
 11/13-14:03	2304.000	2304.000	2303.200	2303.800	           1117	
 11/13-14:04	2303.800	2304.400	2303.400	2304.200	           1183	
 11/13-14:05	2304.200	2306.000	2304.000	2305.200	           3672	
 11/13-14:06	2305.000	2306.800	2305.000	2306.000	           2280	
 11/13-14:07	2306.200	2307.800	2306.000	2307.400	           2472	
 11/13-14:08	2307.400	2308.200	2306.400	2307.000	           2116	
 11/13-14:09	2307.000	2307.000	2305.200	2305.800	           2094	
 11/13-14:10	2305.400	2306.200	2305.200	2305.600	           1164	
 11/13-14:11	2305.600	2305.600	2304.200	2304.400	           1674	
 11/13-14:12	2304.600	2305.600	2304.400	2305.400	           1137	
 11/13-14:13	2305.400	2306.600	2305.200	2306.000	           1321	
 11/13-14:14	2306.000	2306.000	2304.400	2305.600	           1079	
 11/13-14:15	2305.600	2307.200	2305.400	2306.800	           2096	
 11/13-14:16	2306.800	2306.800	2305.000	2305.200	           1558	
 11/13-14:17	2305.600	2305.600	2302.000	2304.200	           2873	
 11/13-14:18	2304.400	2304.800	2302.800	2303.800	           1315	
 11/13-14:19	2304.200	2304.200	2302.200	2302.800	           1379	
 11/13-14:20	2302.400	2303.200	2301.800	2302.400	           1836	
 11/13-14:21	2302.400	2303.600	2302.200	2303.000	            725	
 11/13-14:22	2303.200	2303.600	2301.600	2302.600	           1201	
 11/13-14:23	2302.600	2303.000	2301.200	2301.600	           1198	
 11/13-14:24	2301.600	2303.200	2301.600	2303.000	           1311	
 11/13-14:25	2302.800	2303.200	2301.600	2301.800	           1322	
 11/13-14:26	2301.800	2302.600	2300.400	2300.400	           1781	
 11/13-14:27	2300.600	2302.200	2300.200	2301.000	           1630	
 11/13-14:28	2301.000	2302.200	2301.000	2301.800	           1183	
 11/13-14:29	2301.600	2303.000	2301.400	2301.400	           1678	
 11/13-14:30	2301.800	2302.800	2301.200	2302.200	           1260	
 11/13-14:31	2302.200	2304.400	2302.000	2303.200	           2484	
 11/13-14:32	2303.400	2303.800	2302.800	2303.200	            846	
 11/13-14:33	2303.200	2303.400	2300.200	2300.200	           2331	
 11/13-14:34	2300.200	2301.800	2299.200	2300.600	           2745	
 11/13-14:35	2300.800	2300.800	2299.000	2299.400	           1826	
 11/13-14:36	2299.400	2300.000	2298.400	2299.800	           1636	
 11/13-14:37	2299.600	2299.800	2293.600	2295.600	           7345	
 11/13-14:38	2295.200	2296.800	2294.800	2295.800	           2488	
 11/13-14:39	2295.800	2296.000	2294.800	2296.000	           1647	
 11/13-14:40	2296.000	2298.200	2296.000	2297.600	           2911	
 11/13-14:41	2297.400	2298.200	2296.200	2297.400	           1717	
 11/13-14:42	2297.400	2298.800	2296.600	2298.200	           1937	
 11/13-14:43	2298.600	2299.400	2297.800	2298.800	           1445	
 11/13-14:44	2298.600	2298.600	2296.800	2297.400	           1356	
 11/13-14:45	2297.400	2298.000	2296.000	2297.800	           1507	
 11/13-14:46	2297.800	2298.800	2297.200	2297.800	           1355	
 11/13-14:47	2297.400	2298.000	2297.000	2297.600	            698	
 11/13-14:48	2297.400	2297.600	2296.000	2297.200	           1195	
 11/13-14:49	2296.600	2298.200	2296.600	2298.000	           1368	
 11/13-14:50	2298.000	2298.000	2296.600	2297.800	           1317	
 11/13-14:51	2298.200	2298.200	2296.000	2296.600	           1315	
 11/13-14:52	2296.400	2296.600	2295.400	2295.600	           1307	
 11/13-14:53	2295.800	2295.800	2293.600	2294.000	           2483	
 11/13-14:54	2294.000	2295.200	2292.600	2294.800	           2346	
 11/13-14:55	2294.600	2296.000	2294.600	2295.200	           2147	
 11/13-14:56	2295.200	2296.000	2295.000	2296.000	           1400	
 11/13-14:57	2296.000	2296.800	2295.600	2295.800	           1670	
 11/13-14:58	2296.000	2296.200	2295.000	2296.000	           1071	
 11/13-14:59	2295.800	2297.000	2295.600	2296.800	           1889	
 11/13-15:00	2296.600	2296.800	2295.800	2296.600	           1240	
 11/13-15:01	2296.400	2297.000	2296.200	2297.000	           1367	
 11/13-15:02	2297.000	2297.600	2296.600	2296.800	           1551	
 11/13-15:03	2296.800	2296.800	2295.200	2295.800	           1663	
 11/13-15:04	2295.800	2296.000	2295.200	2295.800	           1648	
 11/13-15:05	2295.800	2297.000	2295.200	2297.000	           1545	
 11/13-15:06	2297.000	2297.200	2296.600	2296.800	           1127	
 11/13-15:07	2296.800	2298.000	2296.800	2297.800	           2074	
 11/13-15:08	2297.800	2299.000	2297.600	2299.000	           1774	
 11/13-15:09	2298.600	2299.000	2297.400	2298.000	           1498	
 11/13-15:10	2297.800	2298.800	2297.600	2298.800	           1866	
 11/13-15:11	2298.600	2299.200	2298.000	2298.000	           1663	
 11/13-15:12	2298.400	2298.400	2297.600	2297.800	           1580	
 11/13-15:13	2297.600	2297.800	2295.800	2296.200	           2285	
 11/13-15:14	2296.400	2296.600	2292.000	2295.200	           3457	
 11/13-15:15	2295.400	2295.800	2293.600	2294.400	           2779	